36957
33755
30922
21691
35689
18869
27977
8110
13242
28044
16351
21401
36316
12035
27526
35438
16941
14423
9231
34836
23210
17122
16878
23481
19835
13723
15567
25900
11582
13130
28401
3429
20876
19456
20922
1322
28396
21584
29634
8795
33976
6637
29390
24601
21144
31448
37667
31122
37141
17990
31275
19182
18990
9156
29533
5713
36457
22557
7637
32688
7982
3144
31079
24119
12345
7960
774
12649
7423
3471
37135
21307
26542
27839
9969
31615
35326
6398
10858
27457
31086
12295
5467
36658
4580
21170
37306
13972
25991
5307
24988
26668
2305
19877
22399
14244
11913
32567
37442
16927
2316
21858
8292
15309
30716
28258
10666
23264
1072
7394
12366
5229
5611
17037
12808
25298
36357
13251
8478
21234
22637
21897
35865
15746
33006
6983
25139
2729
20305
31638
33664
23830
21047
17613
16327
6137
9674
1306
35130
25665
5217
25454
12647
29524
35045
21769
18819
13311
1417
14527
7598
24114
36299
27412
21919
32963
29545
26386
13630
5543
33211
35855
22789
35822
25019
18705
34578
7008
20547
24427
17309
22374
1008
6668
14979
7097
25265
31426
29695
36131
10466
16174
30387
30039
3777
15890
25700
28109
35269
25479
19863
22986
5918
5201
13770
24911
25578
32132
12019
2490
35329
8573
3693
14296
37552
28021
1765
18680
25379
25811
4455
8074
21235
20423
29490
30562
36186
5379
12530
20154
1893
34120
4501
6158
3734
29118
7056
12966
27595
9086
30111
17241
21946
14232
12048
10356
23269
7392
4194
34490
37554
9562
28855
5132
17849
18134
16273
22343
23982
11148
13476
33059
17749
7930
32226
18079
9670
10387
4729
13337
7555
16279
35505
24082
9032
32539
11456
29197
4478
23114
31955
27262
35912
25904
10339
28421
32122
8261
1641
23667
13529
4917
22850
8836
24064
24571
4847
867
486
34476
8631
19578
13682
15395
7219
1443
9689
31876
14204
7503
1440
15613
3812
37597
25465
31075
18729
8280
27297
3291
8118
12699
10877
5523
31704
35124
17331
20050
12723
19432
36764
15186
29922
4935
1422
24156
22058
13305
37502
35248
15901
21491
10257
6715
5637
23204
32021
17242
24090
25509
23364
33451
11574
34777
23162
17360
16868
30073
36818
3149
24005
34935
8805
5676
22875
35838
166
13899
25072
12716
12419
5787
13506
9344
31062
2044
26975
28905
23528
7765
10947
27914
27320
12823
28441
19841
33424
35
11429
10876
29423
5169
35086
12391
12356
34637
22708
26878
6646
36147
17306
26216
12084
21973
26831
21003
21827
30275
30395
28839
20472
34223
664
32553
11055
20054
26296
8119
26598
17977
22293
7374
37522
18335
11153
35793
17090
19786
1791
16726
2070
12953
9620
12815
32144
28852
20471
30347
7743
26572
15509
2955
10510
24693
20339
15908
25263
25290
31478
20273
13809
3607
29269
29330
11731
21817
34651
35940
13441
9617
28064
33369
17979
33145
22099
21153
30029
2198
28919
19658
13351
20310
5348
993
10413
14774
33722
19726
21914
4170
13376
26817
37608
15343
3073
13612
36127
31489
29797
13849
15997
32159
1698
4185
19
21594
29625
5142
25489
28370
19022
21407
30694
22089
35292
1831
20612
25847
36729
32852
19368
11619
4688
2933
2948
17437
13779
23438
36731
7686
7163
13732
34586
21810
32485
5216
2560
29647
30645
28475
8515
7224
14974
20232
4559
2774
30307
35135
10233
1450
15912
24663
25806
12861
6378
11711
10385
22802
10652
2224
21734
25625
11335
2674
3915
12005
6814
1664
31165
28487
8326
10816
6613
12460
14183
30698
17872
6741
2322
6397
7498
31683
22994
5436
28427
26434
28992
32375
14198
28715
17228
3174
23272
37517
27775
7927
37467
33583
11158
378
6686
33265
34695
6635
6210
19274
31025
19615
23688
27926
4056
11554
6829
8316
33635
15605
3548
4549
33595
3550
32757
23858
26693
5909
26110
20732
27611
2988
17011
7912
12598
6894
30109
7422
19160
16304
29743
6055
29674
5388
11784
12506
2344
7674
35517
3637
32571
3269
22201
11770
17150
2200
3758
31131
14064
18582
20777
4623
36195
22773
26140
24603
28233
29778
34332
3813
16523
26664
6577
23942
9799
33648
5663
16288
30715
22023
24719
35087
24372
15028
23740
685
15068
6980
25052
19390
30842
16933
32449
22881
14512
35475
389
7907
23093
12296
22567
35435
37121
4290
24934
36984
30991
8000
28075
2544
15329
12241
21801
15763
3644
15909
34399
1672
10015
5729
10042
8215
10034
25563
26876
17338
28275
13330
15066
35494
24035
15564
5253
182
18996
1826
24668
13689
23104
6296
2830
13178
8055
12134
6915
10790
29231
7699
4833
31556
13904
24709
16923
37695
20304
32684
36789
24410
17214
29220
30098
30212
29200
12046
7308
20540
17473
31019
37243
5885
36462
20790
24285
15437
22721
19388
23747
11886
14683
29426
27788
27354
24902
35800
25003
11471
6101
12154
9729
27203
15459
10563
33513
10126
27149
16989
19401
14425
22242
37455
29503
16229
6679
32654
11526
21725
9480
32138
26917
11238
23760
800
18573
23156
10841
16857
13629
5613
6761
15489
14576
34663
37593
22160
24183
35647
17056
22940
2953
5445
1474
13385
37551
9205
17462
30827
22713
26947
34448
3466
30593
30019
25047
2662
22972
11580
29175
23167
27655
11150
22867
25674
4897
5077
20742
26851
20707
28056
11341
9065
4884
24628
28591
25386
36294
20908
18694
31752
22624
31965
34199
11384
35672
34847
4881
33175
19028
2249
36626
15473
34706
20083
24063
18751
8953
25865
34374
5618
23742
21855
22645
28730
5562
27930
32548
20280
7376
5184
8465
21765
31424
5256
27384
15900
26106
21796
15669
37090
9574
27799
30031
28762
22809
9381
17816
1345
23666
22688
27078
3910
21280
29508
24963
3452
27435
16959
6890
3702
25715
23320
10151
34093
4892
14573
3884
16283
36035
9465
17611
30748
14986
7736
28301
19651
24937
37704
35809
16929
15125
29867
15973
7842
34677
5412
25608
33249
32898
20475
35243
32265
6327
15748
6909
27245
8406
25435
13898
2310
180
32689
12398
12309
24615
26122
10592
34138
15512
6136
11478
17348
29835
28444
1526
7200
17225
15986
19757
32790
18061
5265
10772
14525
298
2899
27170
24327
13800
27147
32377
3736
6120
5800
22386
20326
12385
3494
2736
30361
13992
32202
15858
28645
1138
22980
2946
653
14874
22795
3852
35933
27153
915
29713
28816
29938
16596
17198
505
27123
28281
16101
17652
20002
20600
2616
8561
19395
9124
36718
31263
29565
23561
5439
18509
11555
33600
37031
6718
3748
35791
2443
4027
15931
28927
25891
4314
32986
9031
19735
25546
36752
16178
9297
9397
28572
9270
33000
30368
26161
26722
2498
1778
33286
12853
14622
27229
10518
12521
23161
8431
17234
5333
4191
25936
36314
22892
7342
36810
29477
27432
30532
25672
33095
18703
27755
24033
32142
29267
35238
28584
25284
1439
30360
32707
15582
31722
23502
27845
4889
21063
27551
14476
34118
22173
10902
29221
25971
35531
2605
34555
19532
37238
28875
24695
1402
8814
5526
7622
6334
8299
4051
8865
11510
8371
27144
18493
35129
4550
25462
4227
22009
36793
32989
35223
24168
3896
1274
1113
32693
5047
30525
20646
17920
23043
29313
17383
26651
27212
32344
1292
32154
20791
37048
9173
6038
17006
11439
23849
34115
461
18227
5673
12850
36924
11974
17838
13034
23589
8203
19151
2289
8838
36728
34964
32752
18341
21963
18878
10672
6508
23489
1560
28432
12909
35985
27339
18490
27953
36325
15025
17482
1456
18361
5930
3229
5889
6420
12293
4336
5345
17775
35884
16565
1376
32921
23986
27458
27438
31784
35636
36180
13863
18716
7833
18
3978
36003
35699
12809
20658
31250
33395
33955
35914
11851
11633
27206
37641
14951
20560
7559
26888
6432
12837
6708
16708
3774
8121
22819
22714
12444
30277
24047
34636
16854
8821
9923
25549
36416
14376
8954
21601
26436
4441
34137
5120
32347
36727
890
34283
14053
14584
13671
27890
31672
8283
27343
25659
29912
31538
5872
37280
18428
31147
9346
26160
14130
28391
25431
5295
7022
16542
34426
32521
18559
20225
35797
28987
4638
15551
13399
7136
247
28470
36378
14257
14561
24576
22612
16598
786
16957
15874
35484
6015
13776
23655
29823
17073
4391
6942
9343
30265
7695
32108
28600
17733
26252
10606
5026
46
10991
18505
4712
20613
4754
33431
15230
14950
21608
1642
19807
28899
31948
613
12004
18807
6043
31363
24210
27862
2589
10039
22504
34922
34207
8049
12219
13558
34260
9832
34813
5958
10886
25919
19900
29145
18886
28159
11290
17856
13307
1646
34685
18102
18870
7303
24715
28488
13487
5463
12686
34851
12349
28952
18771
26540
1931
15553
33060
18890
23541
10331
9693
6348
26006
36138
12878
1947
35890
14281
32049
4158
32952
32457
32095
13962
4635
29549
36540
11620
18135
11013
14605
11377
27309
3493
6710
29621
626
13213
5839
677
32299
13158
21215
19023
5244
2464
8219
11269
29623
10474
21971
11738
33874
37112
30097
29638
6754
24891
3901
30530
14699
25729
36968
32593
14438
8493
371
5751
30737
4890
29871
23284
17341
15622
2353
21649
12178
31691
29515
29696
10082
20131
3154
2059
25348
36392
37361
10083
6507
27050
33098
2168
31398
15360
12240
31359
9864
12297
1067
35499
24212
1478
22768
12710
23299
17255
28532
35237
4033
30248
20297
25027
13582
31110
31435
10492
32064
15804
27321
3148
5324
28413
1963
32254
3091
37387
32435
33034
8091
24625
21246
8390
26994
111
16096
25825
4129
1788
11855
20681
15544
18461
30899
22939
32382
17890
12886
1181
1131
37228
27223
31244
26706
23222
25009
7939
1650
3247
25325
14761
12092
25939
33531
9604
16143
11483
31753
17742
11166
13892
29838
21428
22780
31928
36866
9514
14061
14144
3838
28318
34857
34546
292
15310
33798
1568
11170
18489
33329
30614
12780
18804
16728
2677
34999
12101
32591
16805
23708
22062
30762
12816
23806
20926
35133
29438
5030
5152
20216
26291
37534
16122
34149
31064
12223
10463
29993
33620
26112
4823
17461
36025
34996
33093
31078
7778
28156
24221
4799
23407
4511
35162
3561
18725
22995
11785
34352
9584
28026
26490
7181
10915
6772
17626
27642
19696
33144
23959
6250
330
31569
36310
18818
15815
28924
17874
17060
19818
20579
12111
17696
20940
3067
14704
11817
33716
26289
14185
36134
21245
15530
9208
36842
3490
18309
710
28019
33938
21943
17879
8487
25403
5976
31226
9476
8761
6602
27281
32209
7962
28259
35118
19234
430
6848
26863
21252
24510
3953
3446
1648
11916
29396
33146
10444
35520
5438
31567
25591
17235
23485
24170
5165
26123
19803
34807
34564
27371
17658
13872
8024
14295
7514
28228
1880
21123
29087
16786
11749
9822
10454
13726
12550
29555
5096
21064
17183
30557
11700
18802
8157
28312
3438
1958
32308
2284
6121
34953
5507
3556
15338
1088
31313
19086
22214
27947
21410
783
21214
12216
30480
9371
20415
902
10917
18075
17300
17208
33675
36140
2233
22579
22095
29910
9635
34001
7741
20657
16093
29702
36437
1605
27825
5039
17975
36348
36045
7562
6283
872
6632
24611
21654
15465
28229
32296
23073
19162
13595
337
25907
25218
30925
5838
502
27924
37005
11715
20435
22792
3621
19614
21082
3972
749
27265
9896
32730
10859
1166
16545
5753
23215
6462
4341
21266
13009
37183
1065
37166
10122
33892
547
5859
3126
14214
25821
20768
32823
9023
20588
16533
3271
7567
26674
26437
27209
5041
18123
32537
14799
20563
35385
22108
22916
30117
8484
9149
31054
21152
26459
19342
6127
17216
9928
37673
36900
23537
10980
30118
8106
15749
25335
5050
37386
15752
17438
24214
22847
5590
26687
7103
8321
26043
1041
19555
1673
1161
2691
8926
14854
31649
36368
1187
18536
10759
30431
19048
37326
25624
1766
14994
10324
432
27016
32987
36617
10923
7491
20606
4873
34910
1722
11964
35173
2529
26381
16402
37308
22854
8472
2314
11782
778
12775
6384
30994
35058
1009
18036
13472
28621
7546
28516
16490
33923
22405
17194
955
15953
36539
17068
29904
30787
17784
12965
3984
23020
36036
12257
12188
31730
15866
10228
12863
8709
1637
4177
37709
1874
27728
36944
35369
32993
7082
10174
36440
32978
22576
28234
22283
34393
33143
10222
32746
17808
8928
24794
9946
25574
37248
2801
20215
13249
13369
35339
30469
24237
3711
8124
36745
18606
1489
30115
32608
661
9457
13052
3334
37562
7624
24708
13934
33480
29482
16695
3673
9007
12599
32967
37058
36096
13049
24301
8218
7107
37215
35864
28347
35831
36579
4682
5937
33250
18823
545
27807
36914
37050
29811
19198
3027
1762
11746
37220
4615
23846
34055
3746
26741
4565
