24570
10272
33364
33278
24718
32173
921
23053
13105
35401
1405
21826
33096
28138
18683
30187
13557
26512
26191
12162
34778
408
645
21718
28217
9174
1247
31168
5390
18701
20660
37225
3994
26007
27948
27598
31912
21383
4374
21515
16888
11823
24215
31343
8184
28620
11011
21421
37578
7268
6696
13628
8247
27998
5225
36004
10753
8606
24077
28524
30074
20110
7014
85
34700
19852
26082
37237
18668
13148
6579
29180
2922
18177
17101
3396
32667
6238
31440
32903
33165
20766
11560
31093
12885
28300
9964
28957
1170
2880
28842
28001
26895
4476
33907
25189
900
10194
2354
25505
6902
16592
4657
12542
26527
23307
5033
30159
5680
8223
23157
70
12346
20017
15840
22245
15485
2485
18339
9129
17730
5895
36146
19957
11889
16946
27678
17605
30072
12125
15277
32670
19196
6111
2742
23539
8048
15180
27448
16084
10737
13793
16877
1351
4977
15141
15930
13392
21008
36800
37032
29760
9396
30650
30385
8564
24344
37675
26237
3877
23296
4432
35850
6131
9749
30069
15340
34099
33007
8202
6926
7799
9414
14619
23789
26344
16612
7738
35053
1361
34103
21460
37572
9999
3257
22
32621
31861
13344
18068
15770
27833
25974
6266
12192
34934
12454
4625
12867
30112
12665
14592
19678
3837
196
9202
32106
10899
748
26173
25587
31277
19694
5577
27682
34257
7973
4114
32785
14776
28859
8189
18973
16323
12364
36192
5083
3825
10379
4343
12130
33465
30860
17964
19636
17105
26872
27057
13577
15123
465
24915
25279
36071
26734
17422
11579
451
5114
34726
16276
27810
6392
2966
32758
3519
19646
20762
6497
18553
990
16569
27182
29941
12350
17156
14364
23776
3343
23988
2706
32794
35818
24645
3571
20720
23894
7183
15655
4209
23009
16620
13999
33985
4440
2408
12906
35218
26624
23585
4547
6458
27975
3330
14830
26516
20776
36760
22933
21452
8309
13482
10549
27372
13174
3521
23165
11149
10143
6527
6
13041
28450
4929
8850
30161
31360
20198
10310
21285
1900
20793
3084
29159
33200
10667
5679
20676
33637
20132
19616
8467
4570
34734
2241
5444
22529
33260
7026
30654
33307
32501
25605
8539
35553
18982
18081
6833
7542
16925
31376
35225
22434
17518
10801
33905
14785
20971
13184
29000
5080
4555
14694
11209
33450
15861
13901
19884
5851
34711
11406
4597
10823
24097
1666
37240
11939
18056
14954
29106
35367
35993
16704
7311
33744
29796
8428
32245
17969
3068
12141
17447
6502
32709
21083
30042
37595
23087
26400
13252
34916
20123
21896
9100
16062
32938
17712
12043
33929
5627
10746
36009
14431
4084
18346
29604
5297
28087
29841
31175
14249
30637
2594
19105
13819
30272
6895
12576
24075
35119
4462
20991
3951
15588
22406
18561
14217
32407
35293
17910
31252
26433
16305
11822
24800
26653
14681
22647
15134
29620
6108
7389
20956
5321
32906
27829
9714
31072
31855
1744
27160
3298
7934
37570
6312
15423
14231
9855
37523
36151
9359
12462
22474
6086
13231
6582
19642
30381
35671
33685
3501
5240
7063
18830
33591
11561
21984
17928
21586
16639
28471
4891
34784
31417
1529
3756
16709
4289
14780
8531
516
3690
31403
33371
32218
16604
11276
8097
2102
35068
24364
29461
25437
17587
37410
10221
28908
33709
17181
7322
6702
24173
20845
6078
15403
4545
21682
12476
16030
26786
31694
34234
32749
11110
26238
4923
4276
7324
24574
36336
31341
6975
7798
23701
6655
36859
9377
11129
4295
6949
9364
4561
33345
23013
23491
35026
24858
10955
5066
34003
6859
8334
36535
14564
11156
3370
2250
18510
19100
16685
33619
30494
7359
16997
1903
27878
15764
32503
27468
28356
3894
19511
37316
27137
36897
28332
16987
27305
20372
28658
25875
9701
28835
25234
27131
10884
26486
7159
10044
23737
7178
35650
30397
33962
6825
9241
16820
30238
16843
18399
26170
4334
26432
29542
18321
18689
7785
6331
11867
9001
28862
32452
1396
27582
8419
18357
23639
5647
22119
3703
25302
32509
31892
313
34171
37302
20788
11369
15072
22978
35322
29710
7057
18358
14990
9959
14065
23076
23270
15965
15351
18202
7230
25807
16204
2833
24962
1530
32795
843
15102
28657
1575
25725
36242
37514
18083
19618
21570
37013
29235
9762
7875
620
7908
26327
22706
19336
15204
25708
9736
15303
13620
35597
16131
37617
31974
31004
29134
23766
814
6386
9448
6267
27667
2525
16808
27198
23421
497
18867
1043
27971
32551
33667
2397
203
698
27548
14659
33629
6475
19711
16370
32845
32907
21034
16107
21847
9419
20001
33908
3731
14952
11009
35588
5686
25734
17786
28209
14928
30121
31779
6256
13329
10231
23638
32755
20842
1753
35432
4212
12118
20333
30690
10362
8864
8574
27325
21222
29069
31378
27002
29023
32076
11769
5571
4613
2914
17276
28335
23888
36421
17519
3843
34797
5880
7903
6495
27573
4931
13089
18737
23479
34766
4487
5547
12122
7660
17381
23180
35441
31140
14200
6812
19267
3299
2624
36080
11371
14717
14625
12115
35883
8458
8537
36333
30634
15784
26366
35328
33015
6202
33430
19007
12761
7381
35920
9583
31423
29372
9166
33427
26796
4899
11754
9787
11283
2870
7341
7021
238
20256
34516
15160
35462
14436
4969
32139
27834
7726
31332
10452
21616
3870
31998
2058
17737
17997
23233
19476
34595
26813
9410
5218
31911
29143
29314
4467
17485
28660
20980
1818
20624
16390
9927
6100
19728
31841
30278
16218
30880
16441
29329
36323
24398
28747
21103
30957
35857
32213
8323
28237
14432
35406
28569
16573
27849
29893
11931
35232
6564
6318
20348
3827
8082
15942
35811
36208
35093
19021
22182
3667
35347
5645
13702
32673
37103
12685
24004
15863
12376
25241
22032
5549
13043
10298
26235
31153
3588
17085
32502
33261
8516
22258
27549
219
21446
891
29378
12036
16812
24953
9451
7592
33913
1911
14289
12085
30604
9811
35307
24252
8752
2648
20604
29735
17821
32290
14540
35735
35121
37450
26779
17047
31741
24592
32612
27537
17991
16520
30648
23870
19172
31989
26984
10419
34241
36411
37381
23086
28486
19002
13981
8188
29397
32557
26455
8231
25929
18877
10608
2046
14326
19876
32318
13663
15974
26224
36468
26835
20844
20055
11359
31973
25926
29646
19736
6671
7276
36447
31246
22152
19950
25487
1491
30507
11428
35239
812
26588
225
549
27997
9812
27719
2791
21271
13400
20882
1820
27710
28754
368
11016
20252
15591
6964
27805
23081
20414
30834
2623
19257
16870
36976
33949
16435
31546
10350
152
24339
541
8783
10132
18502
15367
455
12072
31094
19116
1277
26301
3878
19829
34722
34025
16249
16008
3377
52
5171
16105
33047
30729
23560
9509
22133
36765
11215
13345
25653
6303
10818
20556
18589
30286
17982
23451
32980
10269
12563
35885
23831
8639
7174
5566
24089
7710
10417
37113
31512
10916
7922
8938
20629
33943
21400
22473
31460
22796
15093
9901
674
30916
16911
140
26647
18780
8810
31902
19617
13553
14116
30984
15528
25628
12792
11757
28497
35874
29639
29387
14044
32369
21709
7254
2868
810
6794
3252
28542
986
7449
8287
19953
1446
9581
8217
33010
19989
977
27455
9400
8724
27651
14288
32486
5972
21953
8741
10114
11917
3611
2303
16771
1875
34554
20550
33142
32760
22257
6743
10442
35414
34549
9440
1434
1848
10685
26493
7415
7972
17043
24698
35719
31493
32815
7072
37401
21656
13245
31863
19197
30232
15460
17745
27650
25767
13207
36835
6167
24926
23941
10329
8570
19550
28678
12344
35010
12426
36202
17639
12450
20373
28796
17170
5036
27808
22139
20753
24446
13707
793
16897
31933
35480
33050
29603
2137
7484
785
35595
26177
8362
21923
1457
36585
19522
8511
1879
31813
23212
36217
25816
21394
20224
17555
20559
34124
11462
14609
19141
30297
32158
2813
4450
16458
2428
18373
172
29564
18772
36106
5823
8882
17689
17160
1432
1241
2060
9510
18715
9385
10599
19221
31504
24950
12726
26384
10752
10110
6584
32583
28731
1409
3859
8860
20877
28120
34533
10326
36032
19545
5058
31648
1438
27444
9492
19785
6316
26298
18240
23401
12596
32253
4362
10742
555
35545
26094
14471
16784
10253
29353
12518
36311
32779
34351
7938
7697
28274
6992
7652
10560
37449
17193
24362
23370
5311
11653
27903
11680
24514
19137
960
14773
4534
420
27705
9487
25191
7166
35335
11047
21940
8501
32564
9151
12516
35656
36037
27361
24026
5051
14026
36840
31836
16042
27911
12740
24021
26790
34865
20323
27554
13971
16667
21387
17536
29933
1461
5017
21525
18033
23823
4214
8153
26610
18636
19754
27723
12969
33201
37461
13859
31559
34495
31698
5065
27540
23531
6658
6081
36012
33932
2539
27232
1383
8809
34858
24028
5471
11659
16087
11750
26524
6323
7474
30591
26630
37366
4748
37182
29077
7804
23286
10100
5477
31534
17807
37157
22679
9976
10242
1537
4787
20518
26742
33445
13023
8073
3158
23929
27725
2246
35440
20747
15320
1387
11193
33149
34948
26949
3911
14421
4303
34056
7435
4040
29505
7563
10820
12852
31353
16079
33992
12317
30233
12331
21403
2806
23507
28097
9417
17674
28032
36992
10671
25566
36297
11790
34007
12207
13404
647
11672
6155
11509
25174
27895
31368
3089
22601
15687
37460
5411
13720
29617
32515
37289
28555
30872
36779
29156
34269
11146
30658
22646
13725
4870
30597
28494
16158
7781
3349
33723
31963
10740
2125
22063
5370
24744
7763
25951
13573
27063
25353
21692
17012
28793
33218
33758
5465
27483
22508
30504
12355
16525
28351
2478
2608
4469
2565
996
8803
3733
12785
18766
10367
9141
3699
8443
12284
30503
22853
20725
5103
29761
23652
14998
16472
2447
13240
844
30988
8050
7684
11658
7614
24881
2536
1384
35123
14031
34646
33970
14092
12532
11991
7511
1686
31366
17022
12031
23049
28378
33919
2566
18302
18078
6003
382
4367
11414
9827
29842
30328
34176
14630
21330
2473
36724
13575
35468
12830
12781
31712
4543
23369
34285
4705
21393
7723
30708
37473
13466
12742
12961
9691
12057
15577
2886
27189
11495
36635
37034
675
29067
20832
27679
22574
28505
10575
4618
20467
7591
28073
27923
17734
33999
30082
17222
5136
5656
9641
31132
13771
22585
8976
14091
19127
35094
33375
3436
23503
20031
33038
16508
14995
7413
22094
11476
21567
9854
10245
35653
35021
29153
14693
12432
35325
31425
8228
33714
21927
10277
26407
7045
22651
24106
45
4695
33788
30921
15536
33197
6169
8952
20586
25803
13047
21910
18812
17774
37175
8312
4308
24095
36260
718
9271
19178
34553
3044
2671
27098
36007
13548
2918
15539
10736
24813
15554
32770
26346
25250
4417
20474
22549
6076
24333
423
1624
17934
10279
435
32115
24749
8969
20205
23735
26971
16777
29085
36851
1330
2107
27557
34227
22583
4152
4906
30794
18748
2036
30882
30344
20954
7507
25000
7990
26621
6091
10701
28697
3847
4208
21384
4183
9958
28417
36871
13854
26155
9251
6453
27025
17387
22783
31083
34301
29125
9782
1268
1602
13203
24938
31662
34334
34570
39
36198
9471
27886
273
14755
25994
27689
1629
4766
16275
33419
4930
25411
1430
12745
17653
31318
32304
16823
24081
12378
8802
20119
15608
2855
8482
33228
36529
19708
9602
22375
1290
37649
19985
34304
19144
4728
36743
13414
33216
32970
33711
11954
23649
33277
22967
29204
12248
35899
29928
216
15810
16452
11159
8444
23618
29649
15533
21686
11339
3075
31365
19190
36556
3798
24220
27323
37493
1359
5736
14701
419
20456
18866
26523
18478
30563
34479
7727
36023
11925
17115
14444
20266
17573
11670
15898
5162
33904
37227
19645
9105
16232
10732
31024
29552
24511
19378
24984
1014
797
828
27064
19508
16908
8656
10512
16113
16640
30102
23113
13188
13250
27621
34022
20057
2569
11674
11984
29936
14464
30176
27292
16430
3537
18948
8113
21740
12279
3850
32792
21180
25688
31577
357
10254
23540
32699
14269
24060
3802
25102
23372
339
19820
18299
20242
36152
35982
6820
4120
7217
35221
8771
28382
20497
6740
19507
15445
7395
36761
4942
35878
18773
34594
27744
8195
9536
37600
35741
5140
16522
5294
21068
2451
4753
35324
30086
13791
9249
17624
755
25482
13823
6951
28831
14534
12457
35638
5846
7857
25759
18676
8062
199
1609
2582
4176
35122
6974
25706
18615
34696
35201
26203
18857
34669
13064
37444
33996
20760
16775
23097
17583
29004
1045
7345
31420
20434
15172
8889
35994
28614
24619
26990
14623
6216
8811
5781
2475
21054
7957
24604
16163
21176
20009
8221
25794
14949
20700
34162
12304
10586
9191
4732
28048
17059
29890
25332
26138
28797
37604
17510
37021
20957
25239
17121
6375
24985
22427
34363
17865
26622
22463
17328
18784
15289
36825
25675
15235
21146
13667
20853
29672
3610
22622
7137
14620
18605
20718
9409
24740
34735
17702
1316
5037
21015
13104
20692
22883
26040
9719
33599
13379
2113
30300
308
6647
19081
13777
16282
22691
15241
31010
1289
24901
28574
29443
32156
33193
34044
27916
11356
2379
23431
23916
30202
24225
36831
6595
18251
17909
6163
3138
21552
19361
16396
11830
29850
4146
16398
1830
12836
6673
25949
12324
9085
35547
14831
21968
17499
10060
32107
5243
5263
20264
28338
3463
6084
29583
8242
15950
36919
31345
34931
27974
4283
14686
26371
23381
13073
13560
3109
24760
32042
15490
23398
29653
9615
11848
97
37426
16299
13027
26677
5855
17852
23282
26305
1030
8464
30883
25576
33868
14839
31203
7505
10856
30100
15041
19606
27216
22085
6259
35150
28618
16319
35947
16891
26030
5832
1798
3
17116
15545
31253
31497
29544
12587
1707
32496
22417
18468
10439
5993
14069
15841
3800
29746
22081
1608
13216
21646
27918
6739
3622
31351
36994
36681
34825
28528
12353
1967
30412
4073
33289
29075
26134
15262
226
32338
611
5287
34775
17877
7675
27874
27089
37120
17854
18504
16300
26013
32370
14275
7108
23006
31520
2653
9398
14159
21376
3309
5015
17970
20062
21736
3796
26794
24596
18416
1295
18258
29126
17596
33273
19730
18922
12856
31276
36076
26547
29301
27118
3364
3270
3496
9793
29881
18666
21308
33560
33052
7239
28143
8107
29772
37330
1515
29578
20670
34041
16187
35652
32378
30889
2857
27508
29539
11553
13784
3246
26049
23809
5029
35236
21005
30820
13827
32268
21729
36916
17480
22695
24614
25638
31957
22836
8255
11524
13381
27786
32130
1942
2252
21500
12399
18207
2794
8659
28898
19009
37590
901
36583
34965
18883
17468
3600
3945
12683
11949
12782
4670
30409
2462
20077
31750
15517
20947
18345
13918
31243
36454
29742
21532
17902
36568
18556
13356
13033
1063
1334
7094
12734
13501
18833
16459
7811
36869
2327
4050
30450
14938
34587
20630
15369
4546
16153
25535
29376
21808
34521
33895
8268
17421
10735
35828
19800
1807
23630
9648
4387
35474
34358
739
25163
19601
27485
6270
9207
6200
8586
35210
31048
425
27671
19320
9206
29187
3094
7208
12869
28891
17081
3717
8544
22132
24546
36401
32287
26996
8577
28284
10502
24929
6648
3472
33770
20332
12585
27607
2077
5654
20541
16349
1172
4746
27184
19279
20773
33217
29237
6852
32128
26880
2641
21992
27316
36860
523
7196
29251
29133
2429
10304
20279
8565
17321
9802
7805
126
7845
25733
9053
13295
2369
28430
2194
24009
18844
36002
28411
3517
25713
16842
28937
2190
16104
30627
35875
21766
32767
8688
11358
26447
15590
15002
33101
16994
3450
25065
4554
26679
3273
35951
23818
14460
4137
25881
34938
24133
11334
23853
18901
37440
33689
2347
11694
35156
14850
30258
9184
29654
25946
13528
35533
9116
29128
6190
30983
4284
2731
20134
34881
3632
2114
37124
31581
6478
30905
37106
32223
21668
14563
3407
13568
31544
20878
8435
29916
14886
35334
3312
10535
16385
16060
11203
12747
35559
805
2711
3170
27919
28493
34923
1543
21895
1856
37454
25096
4390
36564
25685
19056
1884
13370
35222
30408
26288
11762
14075
18233
33872
21002
7959
13996
29788
17026
2183
27619
2422
33428
37656
27538
27289
2667
7913
30399
32817
16588
12960
15985
19053
37538
8725
21933
27085
13129
14320
27284
10984
36894
6802
11412
2203
36741
33276
26822
8445
29561
17517
8023
34150
3967
16193
1997
17791
7870
19947
25475
20370
24990
31942
34095
23468
14013
30667
14791
23437
7881
21100
30776
4150
34291
7410
3754
36082
4647
11982
36536
3431
19597
22394
36001
26404
11970
10211
22752
34818
3929
10323
28519
25892
21611
36452
596
7188
7747
13942
31953
37063
32192
28972
21930
18607
28157
29155
19034
11489
8839
11505
29227
2798
26461
13215
13627
26009
8065
4943
24091
31355
7256
5097
32722
27740
9240
7377
32831
17051
9914
32971
21187
35099
7093
1495
16867
6546
23417
30861
11617
34015
14565
18089
3627
18714
19108
23416
14382
5997
6621
15045
3035
24290
11504
34575
2078
19744
20317
187
24918
25361
18800
8625
30705
15820
21354
29355
34362
33032
16627
29010
25294
5257
31864
26602
19335
7520
36159
11263
21693
458
34432
14558
29367
30470
14375
31364
30982
33195
16807
30446
16201
30669
25525
17516
28047
31809
20886
16625
20365
21550
21114
1591
30717
429
31600
4641
24120
32933
22613
22439
23455
6363
5098
22437
22896
24459
28166
16616
2867
3336
32009
30009
19665
16382
14096
32259
23862
16787
29712
25098
34104
33081
5189
34148
711
29263
6230
26828
29142
22641
10090
7853
5607
11677
33879
32165
24088
36876
14457
18002
20585
26554
17525
1423
37661
14199
6788
3489
33471
18074
13574
4521
14656
2147
18316
31900
6297
5978
20769
9727
32461
21145
19959
3007
6246
21663
3086
36466
25146
18852
11486
31595
14406
14500
10445
26594
14733
19387
33780
21849
7096
27490
31047
8234
20955
13530
17651
5912
27253
13893
28174
24358
557
3833
30215
31874
22862
18757
28283
4519
14387
18180
29807
7540
7705
36596
11265
27819
37448
34088
11852
19256
29052
13597
29172
31718
36373
30706
7348
2695
11956
24947
36074
13919
2944
18394
1915
17644
19253
7132
27196
34956
31654
32703
13278
11892
18794
5125
28134
14098
29660
5844
28605
35106
575
21535
14304
15529
11862
31993
37380
3921
2515
14648
4966
32024
36667
13173
17489
37441
35301
28298
7806
6008
18581
19766
3095
27900
24810
33377
10722
12491
22973
22300
29548
19885
10091
12571
24322
14336
12988
19716
3990
11437
10263
32824
405
37044
11989
32436
5941
14314
28557
5913
8076
24192
17508
23192
6505
24741
30612
23943
19252
31295
2112
6953
6358
14391
6809
18479
33018
6866
7290
20564
30353
19078
20398
10931
31824
20763
10669
3160
35070
13489
23181
26458
5317
19065
2139
17729
30024
20214
15452
18848
3289
16913
26313
22459
11402
3200
3178
25766
31907
6479
27190
15995
27640
10716
13801
17739
1459
27498
2647
27334
28781
27461
28766
4296
17537
27213
18979
5505
18838
18679
34473
33769
1750
27680
33383
27351
384
20445
29588
19747
22346
573
18209
22234
22028
12389
6011
36709
10942
10432
7405
17274
23736
33928
5628
7220
15961
9769
22732
16580
34755
11960
10321
18537
5834
256
7020
29846
8664
35217
27985
9613
15162
15362
13712
17215
23118
12661
18161
37132
7955
1638
26740
17390
21820
18085
846
6849
3841
12172
2161
3579
7878
29065
2468
11997
34733
35060
28213
15972
7198
22844
22485
22968
3139
8483
28355
33504
25339
9272
23318
26402
35703
17474
7283
37664
16194
23548
11394
23207
6341
34491
5570
9355
37036
34012
14720
3056
29094
3649
27251
35713
34591
4572
34598
25388
29368
27802
4197
10106
21210
19347
36281
8135
1881
10781
7302
1755
31217
37665
1426
30422
34274
16121
3599
29260
10771
27627
11194
8944
18820
8615
6105
14271
8658
29609
5488
14173
15755
24875
20659
28453
5064
28613
8026
16065
9669
28914
23310
7157
18058
5833
31549
16073
4820
14178
27259
18738
25593
407
12986
17301
13515
34668
22401
5281
31100
2777
33368
28131
15188
25872
11172
22990
17294
34068
10170
12503
23428
9494
10751
22278
24310
21738
16469
16697
23689
32820
2796
6878
33361
24188
22251
7868
7053
10062
25644
30499
33727
8128
3202
24548
14511
26809
25679
31713
12974
726
7367
13306
27847
22126
3058
12
29419
30006
24684
13645
9936
11365
33
10836
7527
6171
5368
37035
17167
25466
5989
27177
37389
35274
30502
26059
19406
21579
8868
28140
18532
3290
33750
12805
32623
15312
19292
31893
7810
956
23446
28028
4265
29529
22938
8035
7917
15131
12034
20651
24993
1244
25264
16353
13429
888
22609
12372
15602
15853
16118
27001
9860
19722
28767
23555
12643
1070
22650
6931
2051
26792
10985
25056
3497
21074
33659
16491
33090
13339
7119
37129
5175
29055
24154
10113
36110
4629
32600
35467
2285
690
654
28193
3346
7539
3650
1024
33916
15346
22146
36244
28341
4958
37265
27690
2154
10968
22811
12717
12025
36286
25423
29929
27694
29028
21284
8525
23763
18040
9128
21964
37575
15033
7203
24401
33102
35358
9013
18289
4350
25719
19316
25658
7366
11363
12626
10031
29150
16352
17151
25521
9017
36666
16571
7677
274
23042
4195
29036
28808
25134
37084
8823
3344
27980
5400
21856
22653
17693
34070
29935
28625
36932
6976
3712
33783
23815
21441
5664
28009
30730
6573
33615
18363
37287
25543
27615
5228
34524
15491
23578
21390
9447
10093
33187
28545
9765
21908
27358
23529
3992
18055
24889
12283
28118
3917
1615
20082
35617
26567
27477
8591
36995
23339
12065
8612
31913
30750
1534
10970
7223
27426
33598
6056
25275
27445
7
35676
28395
5202
25745
13554
15174
19914
26095
30581
25022
22958
13591
25735
2359
30167
22543
29535
14006
8198
1973
36653
27112
21120
21524
1690
29927
26285
21890
6279
34415
13271
13495
12732
3635
10007
12893
25456
1885
13927
5197
37487
5204
6106
21427
16862
11382
12270
17163
22758
18349
13270
37082
8705
7447
4640
16679
28137
22333
13846
19332
8003
33733
22202
28880
5396
31707
2216
20757
31944
37234
1535
25039
16626
13336
32851
26196
32147
7407
25075
2612
11546
12403
11235
17448
27677
33978
32651
27876
14329
23276
23517
31680
7636
23898
20331
6405
36660
33303
36471
22197
22103
33220
14112
23544
12159
37231
9877
1124
25527
2956
25538
13978
21866
6381
21206
14186
21763
28147
22272
1742
16162
33115
17153
23038
12264
4180
291
35900
27492
29169
3979
32458
3747
27250
25603
11256
14888
36218
11383
7149
25923
16082
9998
34991
16100
32141
1902
5245
7369
17211
37198
24126
28672
18008
7837
12064
7855
4978
36424
13734
8156
5238
9601
13931
8332
5776
5299
3801
30579
24490
31799
15065
3685
18371
3862
22241
24000
767
23091
22189
13150
21877
10360
7175
36515
11410
34077
33858
18270
8547
7131
4862
35814
13481
30484
5788
31281
18370
11142
8368
21155
13751
35143
35549
75
22378
11795
3534
7335
14922
16670
26016
37663
24378
15774
20504
16237
19183
30326
29990
1369
7800
31067
19174
35479
20961
33944
10941
12362
36990
33199
1833
18912
17627
19849
15276
24276
9687
32868
37317
22518
17804
31393
4828
21367
37453
22398
11858
13340
32908
33136
3300
29146
18460
4163
20329
33379
7813
10649
18743
14050
36809
23077
4198
31830
17528
34622
257
21710
13193
25857
2873
9250
23112
31678
35461
29590
27713
19940
2166
11304
5131
19679
9064
17410
35626
29675
16346
4707
18034
1770
15118
25184
5107
30170
36302
16011
16772
11753
31941
27425
4520
33082
3784
19817
16514
12566
27330
6251
15790
17251
26480
36999
32922
2575
1421
744
35373
17385
15569
11057
30197
13758
18464
34410
10610
1617
15899
31771
34566
8578
15288
31396
20746
16809
26845
12622
19263
31845
17035
14959
36730
13660
8975
36522
2932
14350
7339
34428
17952
24284
5535
16819
18539
18630
5905
16602
37601
20643
4527
26482
34748
31290
23354
3999
8521
3123
8025
12631
26576
33567
10852
11094
35798
31794
11909
30838
33124
27623
3821
13704
31867
36737
19906
37170
20849
32238
7524
10449
32437
22476
1804
25669
12113
19354
14148
7058
474
36927
35731
6674
11697
35819
19888
35032
7560
17046
11361
18438
6712
30810
18044
22648
36483
9003
10352
27074
5084
20021
28439
31580
19869
30836
13458
24002
16701
12189
16248
27053
36328
17400
5883
12743
1195
13951
15391
31758
37420
5728
14280
9450
18985
22927
37070
14459
30096
28951
16770
22065
30041
9529
14045
23739
2263
30937
26843
37217
35917
36574
30897
18435
28309
34660
5302
27750
2739
34930
6591
3881
2402
8022
36815
36255
9829
30656
16183
16308
5538
27080
20096
36504
21571
22996
14309
34097
25141
8677
4261
10773
6345
18733
19543
6315
9989
14767
30702
37015
27185
34873
32777
37424
23939
32910
19123
7388
28104
17351
34701
34565
29058
36027
33810
15016
20724
26666
34879
3379
3769
36580
12671
24874
36958
2814
17815
26431
31584
25678
22565
2737
19880
37624
25633
15195
10839
7000
8797
29198
28273
11030
19073
35988
17275
1389
1021
23557
34014
23508
23170
13619
14312
13398
2865
17428
23610
21318
566
7244
13914
35154
4578
361
22352
12109
22355
4419
26966
29876
29460
13293
4697
30778
23954
16803
23356
20739
36491
277
19355
33497
34418
24134
29730
6006
5775
4642
1954
24426
23313
24634
27225
16068
4771
946
20302
15501
36249
30363
19687
29171
35458
33851
8353
1823
10033
7602
13772
32925
27857
7687
28995
4667
31557
28179
2120
34982
19356
27337
29336
29810
9216
26842
21534
14585
20133
17751
16662
5752
21935
23980
31833
26448
19035
36961
34323
34020
15504
21884
10092
27166
8476
37297
24496
2876
23611
24866
37510
16348
23723
30873
8337
22500
42
10142
7715
25796
18845
37529
34600
15692
29989
5762
604
2977
3242
2823
6203
4675
19047
2383
22729
17545
6159
34267
25267
9996
32991
2860
6058
7472
33994
14787
31676
33456
5852
28876
36806
5813
16406
16071
16372
18431
31842
7642
24385
23265
2283
25434
27023
6606
15106
15129
8155
35615
21249
28674
12915
21399
34361
22575
9915
32804
24121
8158
2803
14145
9593
18395
10696
8358
14519
30008
29550
17767
30619
19720
3329
19130
29747
10158
19577
21236
29974
8507
13820
13168
19622
13741
11713
21985
27706
24018
35069
18311
34970
30558
18248
15253
12028
33848
6610
4331
31190
36893
26503
10522
12027
36113
13388
19386
30999
1803
27462
22568
36475
32022
22114
37519
5731
6941
20967
12736
10225
13113
25809
12443
1275
20148
23647
9972
16969
14171
28429
12128
20245
9552
23633
5480
22256
22097
28744
32434
33624
2129
1890
35147
5614
22813
32634
5572
4396
6892
32136
10584
26559
36077
22298
7672
25179
20040
35364
31038
19451
118
4544
4606
6197
23907
14523
33051
19117
13604
21211
17935
21415
9485
29720
28077
37202
17384
11112
7755
7353
31931
12505
20048
9424
24475
14413
25714
16993
34717
28813
19854
29781
36068
35640
28418
20751
27602
3168
4595
1525
10554
2765
25848
8432
5750
5519
23575
26586
21917
13467
9692
13922
20765
32342
29006
10200
3375
1727
1986
9140
12972
11887
9154
23513
21154
28986
25709
25364
10365
12991
2418
3393
13799
19233
18945
8927
35206
12220
33084
21809
895
27258
34952
23657
24605
6929
24250
9664
31681
22499
14962
765
10723
7313
36712
28474
10814
35594
13719
9226
29444
25439
9103
650
1216
34889
34225
5704
16145
12174
28200
5771
21716
24776
5631
29643
3500
6387
28167
2219
16173
16120
28490
19284
27014
9875
8468
22625
11043
13698
10415
36397
25693
4952
29546
22870
15702
15949
24029
32954
13498
17277
25743
29976
36330
3080
26924
21719
24939
398
17494
1688
1601
27917
13367
33088
29011
30338
847
10670
26700
22259
10447
21096
19033
16119
32849
20986
6221
2091
11316
28271
34136
9710
26417
15967
32424
7296
6325
23052
15128
23743
17590
16926
32953
8072
33222
24127
34959
28838
2579
13606
20340
536
31242
10355
13679
3668
12485
2266
29454
34526
1709
27870
3988
11407
20851
25133
27951
6400
13313
467
1148
7557
23632
17272
27249
12045
9544
8968
11246
16287
29540
13584
3449
35688
7848
19382
25240
18707
25447
14089
13841
4582
35183
20196
34100
208
7777
24714
37526
25580
2063
7617
28119
31553
29207
12614
16016
5459
33405
191
20910
29493
6093
25579
20072
34618
37101
21151
3510
31606
16920
29525
10725
7032
22230
7632
20950
33610
3818
34042
16740
36484
20321
14911
5914
8333
9960
21887
25243
36978
37250
36097
31288
13266
1678
35539
37358
27467
3054
6434
14317
14140
29179
3083
9190
3427
36239
2906
22660
10989
2723
7059
12120
29325
28551
31769
8335
30845
36135
7883
27207
28652
33080
9428
24087
19375
1005
25118
11660
9245
35072
27801
9316
7661
13569
14290
16561
23865
989
11772
859
16034
395
2730
7670
34820
25528
21217
16070
7529
35033
16671
18292
25468
25787
29971
16795
8719
15503
12405
3602
33295
7760
13616
6014
33039
34905
14212
7052
12441
25660
8449
19290
2275
4600
2047
21517
35815
18835
27766
24960
15098
25964
8177
10105
27423
22841
8409
1835
7317
19963
5500
13039
8960
8740
3719
7061
8171
35605
19761
18613
32734
2800
1667
35352
24142
33239
29152
29495
18516
32838
4514
35911
12096
33529
35910
17628
13788
36758
34454
22770
22087
14070
21529
20113
4136
11778
6693
21125
22618
19147
3536
12481
10622
1058
22815
14894
21733
4541
18144
16567
6069
15374
1348
23351
10983
31161
6054
8343
2734
495
19927
13415
13371
33324
1777
33632
8849
33036
7038
8896
9127
30561
20964
17282
27443
17313
362
32292
31181
21437
17283
15547
4560
33789
16780
1052
4683
16758
30980
11022
7399
23634
6950
5337
20361
15954
34870
29306
30213
21778
34535
28964
24944
29980
36280
34763
5188
13960
8847
25227
5569
658
20662
8922
9608
29333
4125
26582
24312
36223
6707
2754
11689
22863
19564
4776
7214
14935
34184
24084
15578
5816
27681
1025
21106
14933
13509
22402
11060
29205
31542
24594
35582
18167
28183
22845
18512
9006
3171
23253
35694
27521
12095
3112
8176
25757
20920
32510
28388
31685
16041
24705
34354
15424
14108
21572
5289
10564
7517
12077
25274
10850
4081
23251
31462
24752
12070
33255
30356
18917
2459
10115
9626
5717
31421
12839
8994
7767
7958
32748
6212
12439
11667
32306
31136
22088
12693
21221
6357
15606
29895
2518
4818
12568
26680
9592
603
10145
6034
14841
5038
11534
34542
37689
14029
22596
2725
13852
37644
10302
12075
29816
12218
37203
5242
11682
20433
28775
127
35525
1558
28671
7780
27055
22833
2776
35489
25327
31565
3853
13717
24556
543
27240
3360
5301
2213
30848
31803
13302
17833
36680
11614
27629
24017
19140
18562
3817
24102
32006
36355
13847
37459
17254
28882
27747
5730
7398
27307
35005
23535
2132
34678
30517
35008
23609
1219
4274
29834
25626
21597
25613
11296
9260
36547
33960
30011
28153
16154
24232
32334
37362
33168
21231
30596
34457
34069
2156
5513
35783
29601
19051
32602
21228
33584
9175
15070
10229
7099
24386
29573
29707
16203
25300
20689
32004
2231
1800
7681
7577
12553
20401
15612
18344
21369
34750
7974
19209
17705
6762
14306
10072
19599
984
8666
15568
23058
35081
24791
31449
7533
17577
340
16970
29887
10155
15667
28776
19481
834
15918
5769
25068
33326
23869
5670
32800
9268
7309
25677
23185
3120
33085
32277
32587
9965
3885
4068
11508
1164
20907
33330
24454
10374
8533
11973
15598
17521
20313
8133
33743
