247268
519284
41296
320656
292512
238451
426272
107419
37959
29042
421670
107164
153267
286494
282315
280606
243923
357072
452199
222760
195827
387463
367050
50213
520825
366794
43538
367813
73626
296297
320046
21453
313915
520992
45294
159095
68574
117114
323112
172622
146628
232991
376822
239098
193316
152812
226086
526501
107766
371572
344998
239998
33777
162080
182299
190249
17395
76570
476437
77313
233682
201900
6770
186934
135760
223483
86747
204723
419555
333836
115993
459809
268180
373122
311075
20066
348662
21981
202999
508365
271863
142091
155821
163024
471801
149855
516250
299245
432273
33735
397534
122120
238893
355307
123859
267793
339483
240945
60327
29143
287829
376883
317357
524855
257093
30895
244127
441079
383381
121722
22881
535264
142166
177965
334002
183371
182708
221985
169229
478287
366786
123626
281457
328363
236663
97807
194714
527704
341084
29177
347387
413220
530449
28331
350974
487547
306577
526241
216918
501137
277617
196825
184384
451937
288493
505116
483418
274479
206676
446197
349902
302288
421229
2795
98677
117315
498852
71848
334956
488491
398788
200862
312317
93346
439063
473149
127508
7073
219711
129432
189647
269467
121683
491523
417708
391588
371599
126424
476403
154520
532414
267243
32158
226057
455631
286994
117291
175996
148855
364963
299568
344289
273173
510786
272392
422999
77858
180121
473417
280630
41694
183325
41231
470558
152222
47005
489254
1631
419062
457536
458395
369777
529429
181434
396242
500356
361966
400445
58874
69048
242092
41524
21490
494228
303925
122381
238890
29701
83802
71876
309474
486134
488523
247774
202299
32275
353538
414523
112448
202101
506255
75947
81195
253146
204709
340332
307056
328972
312423
166944
