141430
60747
359350
498263
260108
181175
124146
66555
239881
350706
198715
319339
529814
330098
533735
465939
477810
253147
441905
263697
179776
82987
489682
404198
408532
213923
241441
511935
439074
473137
89539
230675
482732
267379
383406
264341
477359
462537
441177
413624
472596
61979
27037
69882
435324
221234
333460
308308
368641
379762
347679
311760
453283
316533
211486
4890
232695
90694
318363
220750
191499
192384
65439
138567
98628
92871
48167
464946
144359
127741
190095
5225
100459
250286
440324
435800
191978
315119
524224
178861
254863
38349
404016
472402
144808
522364
122117
417773
350680
325411
46303
260310
473422
289552
124978
91853
504219
228934
57664
357814
409352
64364
389150
224329
320655
212788
91961
257914
329485
300337
246871
130303
219908
64623
195331
89741
376480
154940
219677
260427
298603
62419
501767
321775
301420
518798
468304
298136
449417
494339
252199
385968
65464
220546
151290
155123
434777
220858
498629
345287
390716
194833
93567
24126
292190
469708
43601
262641
147535
502087
376639
387341
66292
97289
339708
45165
416156
231072
185932
136031
109313
297712
526596
441894
353949
412065
504179
385247
179236
14465
384684
467802
199788
144194
465126
359641
326219
309490
110065
407779
520124
95520
159874
224604
171958
515038
222412
123137
374477
200540
294230
402520
82698
80842
57887
451451
373139
182731
327583
529693
410361
212106
147017
286590
367958
383791
323034
349457
379654
188499
137526
442532
518723
29183
195098
62469
159002
70921
142426
324014
211840
498133
437735
47829
238177
10121
350112
225011
164113
329199
203261
219876
362825
350158
119586
440445
443042
349718
5400
439531
494901
153688
154997
219397
525496
164797
36592
180425
369167
479230
110502
323648
257266
512938
18936
390599
391686
253787
4184
347847
139110
319884
319170
377596
403977
150742
449558
322008
4209
509108
392878
19483
412709
109937
471197
38137
440962
253774
398015
364930
99728
225967
378130
470625
67133
272653
281257
465604
385638
186996
319095
403405
117871
71114
394961
42904
59872
313274
467671
502377
378716
319218
397618
500390
493816
265084
461462
122766
443502
251666
27849
58993
100834
411819
266734
238102
381738
349918
484910
216166
524041
461277
248381
151430
213285
130606
66440
82774
327684
518278
56897
531356
16095
168907
130158
194138
451809
76200
451221
139539
198368
183677
429720
98331
300470
350934
345934
374471
132242
97533
352846
482760
51421
312366
66479
279737
505321
77797
105370
459350
286981
474153
13715
369763
114152
182215
79762
13535
461983
187752
89199
279534
262507
535611
149045
243888
483884
37989
309715
375870
488916
464973
77405
277120
350749
163583
277809
44543
346351
497296
364091
191645
230109
362629
87723
187536
228596
369507
276276
19119
146210
454348
419948
315368
240670
280308
117426
143349
313935
269841
533508
513652
381210
339995
493081
71575
485306
226133
508602
500187
350468
275392
367609
58095
326516
327841
442701
38756
405058
10170
103557
532794
8111
398349
448071
53594
116973
128009
506127
153291
215607
123695
407411
63088
41026
146560
20753
113648
169053
299994
437406
337675
234158
265659
459700
142854
311716
28697
481661
302077
299871
48412
232774
35146
125523
313873
344852
510849
305611
137399
273925
136108
42264
268394
366352
494301
212959
295847
113584
294454
48770
390696
298423
511227
372330
97785
314815
411502
200641
519621
66605
115502
394381
310204
20705
174492
325240
316851
195755
254125
533598
214690
87358
468218
39041
139577
233745
76609
341109
341094
435682
184421
8749
56373
169492
274952
387381
414451
238113
165562
329651
143784
413251
384352
511006
325152
336227
335783
277177
266522
368265
94936
390064
226298
72659
35061
350137
343342
195414
31556
109396
54365
84053
352942
391065
46949
151571
22078
365283
398498
247560
302795
392188
246698
27850
503504
251565
175675
520906
482588
60563
1232
418007
291364
481288
526538
494682
370050
42994
433572
328507
398843
470411
415473
147364
153175
375464
225876
77365
279241
489803
152720
425401
158706
70238
102595
131022
481141
345070
432550
181555
97246
398366
69374
4560
371154
242286
296342
160203
168987
177886
265069
418130
108833
39187
474790
494155
372725
253271
78592
517481
465975
102237
238729
312803
295743
529993
483941
369587
185028
138045
174646
190872
56769
219846
366260
474889
373802
262277
145383
415461
340298
381345
339200
117673
174478
420175
514257
394567
201743
362780
131581
355630
268608
267974
413273
170683
476833
228680
186895
289297
54892
262676
14039
28944
126493
312104
172523
433367
533189
139582
11575
368195
85155
472271
305273
379262
221221
309876
29176
261348
46533
464049
110723
207909
382988
163529
204135
9142
25589
342644
241753
271288
24182
338200
94065
390888
508608
236032
35015
207489
381956
468262
13041
522652
467050
388346
146263
161108
80864
306747
409631
494150
220181
146836
296860
192899
185633
522065
282015
257164
364980
198415
60415
5402
205005
219239
369963
255951
479709
36178
100623
240744
34748
350487
66351
250031
160679
214554
79354
81439
255786
291931
88599
292268
140181
7635
63206
373124
134720
378396
532425
532663
317858
167741
359699
448860
221157
398728
435425
420692
176948
264019
452604
103890
76837
159037
488368
360877
269667
325145
200070
117828
460621
190220
154240
239850
187688
381629
212733
171148
47669
258450
335103
529966
4672
70008
515211
10755
495845
10603
429083
177735
513594
36649
234999
25091
380847
29399
50217
318369
298048
438343
384426
132633
364599
29682
347337
32136
39683
208356
192945
188980
198936
209238
37739
502093
533844
533227
230549
278163
59570
154985
409877
253476
354526
278669
357890
145100
56742
274794
476255
284243
42726
347233
514452
353823
422069
210927
162973
454718
124753
17932
479277
360322
357721
143970
296192
493414
420881
308809
47799
463370
97629
115393
464784
385621
12695
116294
26005
324462
499508
485415
76245
232748
60855
431157
348780
447883
265524
265568
453584
259183
116521
434367
239735
167937
259700
532782
281399
101888
513243
10824
423039
252819
381260
502454
213019
4151
339829
203492
80770
6663
160924
307400
270790
11069
500279
397191
491168
115129
66523
441044
343043
64456
509763
191053
162654
345031
326083
210565
374427
20033
458720
94590
338684
319568
103336
85221
463148
23322
188347
213847
147197
458870
424653
416639
498377
194418
274805
71495
425778
55758
189258
256421
277135
365223
308198
210000
399242
299431
165897
272459
413783
345469
339012
425375
514040
66476
295147
340066
119927
73250
100217
131373
225724
261775
77532
191403
133924
378107
254332
142838
255529
311480
105150
185147
215653
427208
255926
384856
260289
41569
188697
339812
402524
384719
101852
514842
78528
75373
479577
514123
350967
216538
133908
134634
276782
273858
535827
508072
207021
38534
289959
338112
415
374503
265040
228983
9391
114484
519464
256363
535189
311483
433034
220128
35019
312518
255145
209521
84034
3898
463099
245523
328140
337943
228425
15338
490278
418029
401135
149843
452750
216422
20000
294597
404997
317234
160617
27711
360765
405699
292694
96281
20151
51208
425737
44022
243831
340770
291761
22787
441759
368873
423393
146618
34919
23142
531429
280593
446454
504716
481489
369961
504854
18002
20910
166200
101
257700
388747
126119
397072
266652
37283
164384
399593
337075
442188
299149
239481
473542
87986
410568
345293
212736
326601
254736
337081
533208
61826
323286
319278
94781
58026
16740
500398
140960
184957
436053
533284
392562
17681
57074
405344
281575
221967
93664
148242
486065
115099
130675
161297
162643
37715
304714
496182
49038
411576
51307
420332
320593
187823
438041
532102
485387
112997
64783
25584
166415
235222
63361
41321
376030
427611
67695
447924
523458
518445
214013
235439
286909
149508
285269
262485
470149
482023
269694
196508
393873
489454
503354
199677
389514
184021
327289
350140
250
154385
104784
435213
289427
18714
93445
236462
66528
47755
27527
518288
139485
472089
32519
110517
144583
420123
34147
331235
390258
332080
140124
374548
372177
112550
159266
152885
85428
367426
110244
212957
469001
190125
463948
107365
358086
140943
220782
85203
63847
202422
421419
181068
276257
279177
349691
240282
507142
149318
116234
435859
38520
197808
70782
144196
361306
530239
375899
341147
295891
490425
216683
368087
3538
31124
186088
78345
261234
64675
2014
151061
198710
172800
452566
106723
61629
313067
290819
196770
91017
517379
359060
468666
352069
108774
298199
182758
275134
431968
426276
72886
407687
158428
148673
324388
43498
183735
218114
488920
74997
149305
86520
212091
413256
526459
481275
408270
339795
326909
3522
363605
20625
252030
342605
87276
97578
345570
109362
325529
498031
350420
531904
480722
496451
468525
272905
132958
504554
198337
461220
365688
119153
449755
218816
137691
343471
343333
330031
357148
140456
86625
50417
393100
4504
332179
531506
388120
250531
468033
50608
294271
271188
166856
308503
507902
101354
130456
359896
364740
468348
148447
314103
215153
82568
201632
480769
228904
397106
80185
367808
97563
517596
474631
29611
261661
149820
37823
533002
430665
89040
418770
467242
120687
413277
203926
46372
407812
465467
59944
173670
491780
533527
303501
319090
507723
81034
359420
215836
495365
405133
346274
451003
345143
74707
190847
61761
40843
361273
402956
304823
99531
86673
413336
458022
255435
469915
3895
532211
424784
252466
203465
437556
69888
234582
63804
421507
121963
4195
249643
351145
55257
399765
186207
130591
42551
426249
147418
75426
497469
196201
85967
426370
527087
117077
498343
86668
123562
222211
343262
172450
417286
365561
274776
70653
377889
252356
329653
530911
363642
389991
200147
421569
113564
323052
172553
37303
340387
242699
372778
210711
294141
107203
357267
215738
531137
448536
272677
41005
155009
197766
388003
504236
313888
442981
502653
194775
349137
239266
410090
315855
391636
185764
401561
182111
437995
320386
9842
435142
298213
152252
303142
307884
527681
370240
287853
227297
295422
312146
421911
412263
180201
359523
221294
268818
415088
322275
390222
18355
86967
400350
264855
392469
320448
314270
389753
301998
242549
435894
49023
197965
368998
328821
281128
101740
127615
303396
7252
370626
525936
12121
385739
193474
383518
101011
7371
369717
398496
385509
350032
382267
496075
58491
371644
284054
476531
217201
425585
460741
37788
256238
389873
76639
76264
170904
128347
193479
259009
497241
219400
136383
394663
6522
21442
518268
186295
50105
109410
519988
72283
300604
8239
229558
279267
105477
462924
389327
37198
289227
147995
234037
323522
451594
226634
442769
241950
461537
343096
465107
58741
38525
50364
288035
241822
305245
50783
108834
367283
478521
457528
17500
12814
121176
92587
161990
336821
96368
249598
58008
295649
35903
17832
65012
453185
393238
311982
25712
51858
201784
256668
466317
84015
434745
498354
228552
133231
349616
253162
491903
289982
406831
456013
367436
164668
200624
249865
404984
428061
295128
70193
215484
234969
159206
83549
47339
326872
527082
243036
435995
54186
67196
269846
453748
465269
505652
395660
306732
290248
83579
228631
59964
423766
526322
201603
188881
274720
85281
240628
313750
150578
266272
450242
237429
491602
310890
251075
57793
237773
165567
71469
197226
64606
475402
468867
295627
281924
515256
274191
194296
307457
167397
29618
443419
230026
274371
231248
401998
62115
448753
191836
460570
378498
225815
52176
444889
273160
197635
422716
224713
223447
59263
518070
15876
24411
24927
200258
322192
299695
165115
428129
210556
232288
104690
241008
300686
170966
211826
450993
288070
471521
368659
406044
118338
217619
467676
204199
89078
145625
394362
533387
208787
81793
244013
424003
229549
224678
202325
520381
527197
381622
304118
204738
91997
144684
395288
348710
350818
297134
200585
168095
264058
469178
79751
403300
253143
307172
318028
339459
433491
261317
183743
295365
200932
378036
295287
400368
178020
223948
462650
115569
408862
446285
409639
183954
146250
379534
177456
196375
329891
80945
475807
476798
111313
68088
112834
370281
56964
340665
489452
326926
52485
78356
337394
210963
210970
328247
100843
72904
215289
294697
117660
126423
489841
92557
141807
435218
42335
303331
255679
59462
161716
336261
392214
477473
69763
364111
254899
128235
306576
461267
125033
195107
517295
34771
409530
392776
363521
435744
110023
280474
483225
99248
230027
89194
169823
517322
243004
363305
385511
499542
225781
175515
205561
529883
84091
29250
395510
257925
185250
131257
14187
73130
201980
380473
411094
460880
316337
433983
198429
158123
191562
111716
242756
141563
428324
456621
191822
69846
443775
218965
14437
432139
262350
41359
420927
41392
517496
349153
363911
347200
269887
360715
423597
101169
107357
93575
431395
157279
454169
45083
236998
212453
20590
326945
66547
384654
106676
331326
101611
515718
9257
494499
174426
127189
502292
354914
341300
459287
191930
263611
425361
200371
147561
392524
444034
385715
533834
530366
253295
148434
476073
297682
7441
63874
8646
39618
60720
124969
471789
28857
30970
506670
415775
272348
90683
119901
82794
361576
525381
373756
439720
244655
148590
112560
135087
437695
279478
218108
153334
529526
252870
26370
487012
240511
103002
200369
479863
419269
432930
426194
110727
12296
453229
425542
303499
26896
394329
439406
148007
306441
483900
136732
55641
130355
442875
367902
160593
312526
136200
363127
516423
200244
243354
111112
197976
506822
374320
250832
515089
427217
110009
151648
15798
362329
128131
339796
88440
326458
126082
256408
443762
156462
200207
71499
205074
188998
158491
234468
321867
490566
135608
122005
286186
436563
304979
499094
66794
38624
221778
466389
360555
475086
163907
400848
353053
440687
179393
106490
288637
220849
207589
41610
47180
523554
325134
319274
354688
66937
54093
416222
11469
183315
299008
64915
471261
145262
534595
402355
438050
33899
33621
295209
157158
271232
257953
230923
514357
98260
392843
36597
314541
102702
364911
197200
217996
91554
174294
496216
300477
364884
207152
491797
180973
164645
353243
406302
448895
358917
272424
315254
191453
471170
258535
43098
425454
151321
341442
250375
275770
61352
354840
138411
141845
252026
288822
369652
512426
251972
530109
508586
15148
11983
101242
154655
72593
106369
41505
20438
507221
384878
182576
69212
180324
187657
210305
426975
157843
225226
431947
122534
344048
264786
270170
132892
263717
309161
199597
379625
83918
148093
24886
148405
128856
35282
472793
317670
286794
489734
455476
427526
288045
409952
313817
481575
474858
204080
144659
11411
349063
349825
296566
434415
409159
40701
291898
16149
108499
102423
534986
280237
395714
259556
206232
87896
522445
232759
142109
456136
198870
157887
179982
445567
302161
302646
14966
405996
91104
336306
225324
82173
344251
276865
345611
48191
292503
39718
16116
8022
207483
5182
410956
387637
173958
482777
387551
304561
493586
238416
435446
287193
464260
404709
528683
474337
169039
413550
470271
338813
256319
90207
305796
244470
127622
427709
44709
374692
139020
124018
523733
244619
504980
92884
184722
144497
294097
261679
74483
512180
93595
217023
44503
125054
342427
438061
445320
94915
412241
390389
389948
341878
494170
13781
259358
22680
345724
62330
143340
109457
341287
189567
240650
534480
5019
322637
334428
440884
68232
41452
167445
411110
376386
411976
124411
137681
483537
315583
56714
136077
105673
196123
382946
264498
482033
166000
219214
20658
20702
524702
91754
232106
234687
103413
230351
207845
76743
463908
23016
293100
446538
154764
350233
422298
279986
368078
436067
412220
126498
216028
174986
82419
296520
359718
258981
437576
380878
470346
386742
23726
531535
214594
419398
111304
313791
401410
308992
262861
290660
207576
351671
360628
99302
375758
340363
426555
447060
156421
275766
355800
298008
230728
352784
22871
161292
136284
420824
423165
290317
317025
518712
82356
89638
260084
347137
41810
160513
301775
153712
294198
220414
21113
203656
173581
138428
194078
24484
216634
322647
166537
92335
513982
227011
153877
461909
430239
186809
432993
352513
234515
121332
108409
212680
451613
167516
16770
520097
374974
254869
323014
410963
207697
182040
8049
508640
432830
259248
320091
19732
105666
532587
213817
54720
401435
82204
337458
503032
29017
23988
264116
387237
316513
344166
455558
197578
424415
402613
11717
324480
499587
352667
441645
501005
420007
203455
123180
506281
423371
435578
531445
535684
498108
180552
402210
431991
412360
74491
442502
15460
190104
446392
46925
403665
334530
386477
24674
244386
464408
316934
81853
133192
348227
85373
330233
295593
311992
70525
203954
424441
193571
381864
163213
255871
363724
455965
355580
21102
448018
381703
230683
389708
259630
379804
516272
532709
313793
487823
289030
359648
386257
206997
268826
398258
182635
444748
417543
27217
270469
22584
255988
462596
368132
395272
75691
424129
137560
493536
337396
457366
62289
272228
255278
183360
417640
50100
444817
387262
5646
58019
262691
197990
167673
500310
519377
60118
491619
431749
461861
496317
218118
90170
244885
465876
414736
448082
521910
222611
66686
117175
245649
478812
471780
101566
35644
69645
400188
216017
484006
147333
3349
402138
396782
124477
355835
71875
23509
379301
81514
511350
82366
107299
89404
207811
199631
144097
294145
494715
74012
375208
303865
413118
3831
12262
503377
290759
289052
106332
71618
43890
202159
263682
253828
511113
150335
18041
214216
400463
126585
1885
260155
456320
338256
167006
19595
214220
470128
326673
385850
103343
129113
3327
515175
494620
64360
76742
220876
166781
312060
446638
163201
159588
15833
59561
459882
145899
341995
113967
406724
290135
229893
69056
216685
441063
109306
468802
452210
487818
282777
181095
528838
445337
475015
448562
340025
117319
346720
62746
78381
501739
387042
517781
270738
372966
323196
26138
251212
506435
402979
374034
431180
17880
491996
228300
250652
511178
253590
144840
526626
146529
300214
54339
114064
156346
245429
522145
147192
483055
28293
479579
483661
488696
54683
393682
205036
43453
222348
96695
296631
35695
180930
10357
438124
337197
399825
389535
71443
246158
121079
174545
283223
145475
358453
352034
373241
49259
435612
333033
396354
207674
521844
264382
4651
8905
37587
19423
446493
131243
176889
57004
438294
102130
380487
264027
193688
216937
430078
435266
275270
445642
427494
367266
522559
262317
178164
410350
387194
264695
317384
393604
297530
508333
482162
508799
180872
67445
533514
30063
136124
525040
101260
398479
451971
309907
98397
408696
218929
364723
68106
323262
325591
408836
457747
146123
201006
192283
203786
378851
532976
263216
149067
40997
22238
283853
226975
498374
252039
99952
90121
469209
216493
96329
24942
478893
241098
429991
44616
133946
325562
247043
351050
201219
400962
128283
294627
415504
62472
32188
35930
349671
49398
238025
128180
180067
144641
460911
486866
371392
92816
314825
412399
328488
192243
267533
476165
287179
438027
244302
449224
76375
320748
393287
240052
205575
20491
330450
84930
283490
491938
493364
392652
396478
398361
151454
461133
111686
489543
520253
140332
396704
452326
269134
191163
470807
464327
179133
283216
271289
325474
346552
51930
105356
351007
151848
250266
163478
81511
32768
273273
152559
231638
356955
267855
264785
45629
176092
90026
433228
453498
488342
240501
269023
466744
487222
210186
516879
186729
313169
77040
333212
530138
305959
80817
333819
361736
497110
318761
265219
306536
258090
380805
417682
474940
66468
159257
110810
362069
194058
361118
319244
345631
253830
467981
55318
165391
439234
482822
217744
488358
212936
248149
61292
352104
56937
500860
440069
188004
528138
61146
86478
438802
461270
46223
79923
373594
490793
497594
180571
297653
280996
150869
236994
351719
276459
359196
428388
132660
121869
299296
384320
225873
445796
66395
406131
270599
244010
141188
497354
141571
281208
364628
190031
380725
250534
292812
378936
442749
278970
184985
38432
358000
474220
399520
530850
510524
381541
51906
63883
360886
293531
320773
13418
273532
295738
104623
516675
378618
4407
22230
316937
485914
16249
397573
532219
198353
452951
315818
508584
459790
184030
206369
284345
495739
163228
373754
393812
20651
472253
461682
453312
123997
233758
451979
424233
71060
166633
58310
224832
148010
351275
108124
156808
534955
24804
86048
512310
114267
499694
79465
459654
278517
90056
460051
297859
409766
150810
382242
437761
385417
420013
54579
300422
53069
99600
393825
444998
199337
502344
497925
357544
377816
344690
107934
338584
213024
28315
499268
523874
332934
168452
91774
259271
265849
11584
533757
121387
312257
398457
41271
452866
335907
373113
298313
424230
486172
489521
402376
44897
422955
151963
191915
253612
469383
472655
29001
453936
69698
349052
76176
248550
495893
132584
387361
500036
203170
116674
437047
70109
260455
401892
49562
74254
80427
224346
370130
423836
247605
173459
315595
449979
528608
222903
122591
384806
165459
90637
99716
451709
97370
219037
100435
456163
22617
322962
147267
470789
288623
108715
298207
240235
492716
103745
25160
202104
65196
346727
208210
96488
352381
391602
1218
104980
395093
202026
244908
211432
302103
224587
209494
137321
357995
327497
394128
356801
435000
393250
307237
192887
279550
174160
374381
126166
211911
50268
247272
434174
111420
32964
237343
305151
113512
134755
17424
306086
9272
22403
139433
154785
354308
162216
103433
522963
143248
193562
6039
279017
283598
204603
174487
242314
207358
368309
507840
263505
217749
32474
91416
16918
465168
111447
406568
312472
477647
441454
53651
97325
207734
335611
459309
246974
472139
232174
519417
85376
151282
301328
41774
444571
271674
353939
56309
220037
246931
159232
145396
439017
14577
277189
372980
19071
84462
125811
443186
455958
360616
341495
162023
16980
392713
110570
165989
113643
529210
351555
483117
56014
154178
24654
13612
15716
32103
34209
370990
61994
199708
507935
80253
254490
351405
516075
408040
81232
322206
507459
311314
276259
288873
351814
433773
143826
266572
268149
249077
153139
377918
498711
107788
484204
486241
114425
339685
306082
144218
315065
63311
44116
332515
454956
445773
166980
62883
115123
213780
450807
419643
139106
163834
304121
531767
520174
173592
40342
485465
341030
534293
287766
393312
331465
234045
20618
295069
139847
411246
507203
24118
223051
129404
242869
322210
35167
171195
491004
249782
244670
162515
87582
43816
187815
211666
69030
264006
285434
261215
6898
348204
197149
2783
173018
464733
440485
270699
468269
332285
444458
49840
472930
428799
52678
461097
308704
508165
120576
115670
319290
320165
350320
165942
519793
241015
461038
277207
222476
33915
297173
459071
458473
198223
122147
523444
372470
313207
241545
18600
19220
251080
453871
461368
165643
381677
264103
25871
248137
520835
331324
406736
159843
48243
5274
406262
257034
167535
328845
95819
464156
194764
514884
235800
240352
437970
401990
323802
430880
382930
120862
282672
393018
69457
174389
132221
231840
68137
414067
416308
511389
67083
409204
394738
517804
349690
176739
283269
93078
228700
329507
396568
182908
218147
234178
506470
436229
387747
58786
319272
252804
273422
401287
216119
62689
315111
434565
125039
284529
467874
531174
419579
56015
246743
56776
84066
245781
410929
361332
180350
148587
300375
497169
121655
397632
141884
244322
61943
342447
156825
46898
531009
435100
351818
387646
74386
161187
335414
322697
356214
278646
51763
231740
273889
412615
353901
163112
286340
312696
421944
338715
342848
219681
191109
225084
66259
108795
102967
476551
153002
522849
413494
61884
424279
66536
25760
410525
330209
27181
242664
258984
122078
281182
303770
431837
288775
85563
324112
362493
277539
398108
353953
408898
232039
441424
77757
382799
266675
336905
305280
148775
21312
186803
488341
357117
235663
251782
402191
47035
436001
29922
436169
376612
379397
398029
425528
156894
305672
414987
95252
259673
364058
363284
345913
520379
421684
500847
282092
218977
458247
134846
317027
63234
319257
520928
167845
134515
314596
451475
232202
515557
286135
68750
300481
519775
281040
481800
413308
388429
248532
296047
307373
489699
352275
208716
2094
94490
451976
188404
26838
80920
85354
48762
222411
48252
455190
325138
415768
483407
376872
323437
290663
68351
16419
447827
437590
202412
5896
265838
105978
71658
483451
506019
194239
296831
104019
32476
96578
418066
507623
386796
439037
126278
72439
10376
400398
513909
162477
107917
276879
257977
492411
526566
210915
54774
149907
266551
407971
31075
247865
447901
338278
30761
151166
380917
291259
261401
338340
71957
287175
99685
71535
361968
262748
12109
372840
273487
233327
384517
6363
151054
143829
229341
315786
376188
461882
31195
91052
408327
377539
106085
236661
376153
432875
56684
31644
134637
501110
138700
420721
517461
245819
134765
408397
41883
8355
523492
459228
479400
483898
242879
210020
353070
170432
121122
163402
57970
400003
369866
290781
16068
480090
87996
369645
9821
224909
407482
165093
78437
334811
220657
463421
437687
66974
88742
333644
185991
360999
50623
444778
431551
415578
19553
519685
448594
32106
46116
230067
259760
140693
118215
355983
259845
521565
157869
418278
435639
327540
446255
46845
8860
286255
451645
370467
330408
193894
148042
136260
363361
146260
215400
319705
491446
381176
300412
326534
260241
228307
494725
380614
348004
313703
54451
100739
143178
34636
247493
192604
452869
477993
108735
460515
57251
380269
36429
217369
325347
77352
354274
40349
434759
483955
4596
221522
495140
28558
528452
179722
525974
304409
452519
411371
92790
356533
64628
372916
476064
390590
450621
296807
422361
258094
435658
388208
312098
452014
388343
152220
484851
192894
240452
192519
390569
402063
336714
369115
184216
452611
238268
158694
323935
46948
40380
101559
156410
530424
520748
148246
206899
268153
127199
319843
174795
334662
27391
92358
508077
430260
529324
505724
404719
470297
345399
299396
180724
101311
512239
95825
107344
370621
454931
35072
29999
258515
62965
307498
203576
417852
411549
168876
482587
237565
95672
467258
2222
245948
395871
171723
52032
450382
319892
139795
78769
202928
15984
293494
246731
4720
442929
124415
426879
39321
216187
117136
362206
495988
334755
58913
515440
219348
251722
492822
331241
17747
7165
150258
507137
510119
232290
143220
449754
281329
504580
116514
267558
308765
60524
150078
178623
321311
110943
501816
209315
128475
235131
183244
489671
218765
443371
132387
326034
304669
447101
429259
251637
288437
1091
515194
279101
255599
139321
388045
102364
205919
407431
433417
238101
225433
522314
225788
169475
127076
511000
291044
74929
98498
239329
389688
535062
306453
256390
369560
287712
403353
41472
466583
91721
41097
51893
61735
289870
443251
533607
382460
41095
528700
426338
204201
194404
444439
75726
496190
294148
102083
299287
455979
457533
369759
408262
464596
491285
368913
159115
530318
532745
309569
74761
38232
86202
22859
235705
305896
525491
382935
351279
325721
425892
395720
80158
130283
440211
283770
5831
378150
330511
135875
284318
1886
151195
35057
526088
255746
120386
120236
81288
497268
239230
229192
161293
371271
378447
472929
527090
104192
425862
126321
413922
161459
131704
371235
440579
303004
130194
70260
245144
73118
20087
151267
331752
162940
124110
288647
179268
217255
242983
391373
25865
427903
155481
29627
321128
129740
304904
109694
445845
500598
415773
257437
82933
422087
257312
453686
266001
362906
18114
175319
502695
534194
426686
457738
274846
165253
434425
338533
452029
13661
82570
204207
397400
167040
420866
295899
124936
476489
94668
79890
436916
87779
42540
147080
53698
206162
494184
477185
339924
37791
311929
387948
402792
146153
203164
73193
507538
362452
134167
341092
71761
296555
468343
282884
248900
115498
480113
405231
53706
89906
303528
99585
113767
399010
143668
141854
245656
430377
394326
124534
428696
394860
176319
122699
329272
175763
472095
56425
78997
419807
5661
513344
169260
467730
148137
228104
322462
26198
241600
253321
512990
425171
47142
5068
66576
268674
528235
265132
25560
427149
435038
30096
443433
104835
209844
408661
296383
229258
22574
231944
21711
247955
80316
318106
428199
81564
180708
107296
124594
328897
24352
370290
507319
267640
49271
1917
484664
101183
517108
429091
196476
504349
523583
117390
200336
59302
250982
99842
91303
95396
382014
305208
506053
444993
518422
350337
150459
449554
340892
99346
224612
237027
2800
124587
507140
373086
439638
242285
265904
398156
127624
52052
97787
381398
422750
281136
139013
337159
94126
124613
76884
182266
334722
201278
130513
383759
274345
181413
179017
119078
263888
345600
489264
32673
338290
144538
270085
238529
332745
122735
329922
463420
165642
511256
192140
323740
319130
2741
397550
151816
171125
516435
308609
282693
54413
499954
405177
521568
121402
151320
202669
239810
429365
506852
492919
346974
65884
492571
440389
423601
289457
317365
104945
335808
140359
501415
276300
359043
25608
41559
219912
481220
50032
525444
54868
504929
472298
108305
433688
377225
531143
338210
145650
185469
62084
386333
6634
43866
360358
237048
344327
393069
401778
376918
394578
400019
486607
426451
204750
279146
109272
365974
362087
488797
128336
53955
434049
118391
486236
205029
180477
385112
399035
138650
161360
450363
86254
497712
114252
285492
518588
400522
467860
433839
91309
234868
430378
102621
122829
312057
249577
91940
160382
366089
79589
373062
344896
84769
147446
230389
501799
11082
217052
311081
121714
163398
115811
316488
262259
58032
380666
201899
172078
249703
310009
507113
37100
422682
433418
522424
256528
57424
212205
18854
422786
216378
193312
439301
418226
56158
257872
52481
378218
208694
85670
409786
220148
437442
384370
223214
17955
110776
90480
506764
150440
195037
155122
39059
200227
360749
431416
481849
282820
36882
420138
289430
90220
215303
200747
301561
33615
306258
291219
514896
370109
192517
531349
411714
290693
217354
30471
197520
299049
527501
278823
515779
204843
79620
352119
468237
285811
421973
270227
523963
430916
91072
112637
430265
206040
182830
162428
266000
513457
174353
131411
513576
265993
248255
373627
277433
225691
254393
288727
469952
252412
302551
492329
112293
255822
389924
494611
93823
297562
18781
273460
260836
60705
124628
329963
136787
474598
180183
223498
373231
44809
519220
111910
164885
439826
366394
344134
21731
451580
418362
338382
169172
68438
57479
207805
316194
354583
480625
442264
310581
1592
523601
371615
111747
374204
526622
157000
300851
449807
192576
97929
461557
473884
154518
395125
142540
223883
238081
68636
517547
67070
534410
156496
240556
82231
283660
234296
48212
336224
265657
518944
212858
163832
352238
74305
66410
155640
24249
132648
498513
495233
525204
252933
32846
469788
138725
293140
133446
152251
21473
139849
178348
165122
283387
407672
135504
164165
368633
134602
235910
368467
310279
156155
290884
520245
4711
304196
9943
53000
277738
267121
210710
359447
24600
411121
412047
42480
256169
504886
414719
325736
438104
56984
150247
220636
352339
23565
277793
156225
224377
57368
63637
391601
177040
165471
197391
298954
313710
464911
231572
362107
399753
170112
448232
149456
1538
74221
227620
38589
108610
26908
206378
512877
345093
487518
275165
231149
251585
251806
36148
258455
14451
368047
407531
62206
203553
104
4910
25643
100244
386453
112698
251435
240848
478148
493300
211874
259799
405345
154911
152198
516995
157560
523320
530849
82914
527575
437300
164393
47850
273292
108547
68082
90341
354925
38480
369916
410630
12054
44185
292701
164818
360629
520675
140423
306102
129284
47709
368237
305427
273921
135111
246076
525519
80145
238988
255848
128134
491146
328797
515793
113734
482003
312121
113060
186068
381144
522920
424877
451731
376990
216468
439171
327215
191523
449808
55440
531743
441178
113622
169328
216973
13846
7861
101404
438540
15663
259505
286524
102561
7475
300580
533270
513221
257252
365421
399776
380695
154885
180332
491782
282567
31052
499539
200636
112013
44596
400308
153169
199121
465816
14803
487264
233095
180403
276716
497236
142586
106982
471715
182714
168252
517851
390056
429265
16588
254562
378326
293207
256444
42715
379805
49192
333773
146886
197758
91963
474913
20454
264209
524233
414891
212728
148538
256218
442277
500955
1705
383559
458359
242667
251811
260451
285631
219590
29864
439600
445428
465756
116534
56653
447859
338504
319359
530107
192797
75101
36391
524885
427740
19922
150470
346303
354177
262627
528351
333885
291249
227045
257884
225405
457790
330634
16077
286787
486951
209557
40418
28755
196157
331272
501472
54114
109846
518173
336566
378991
359227
28236
30526
235505
241299
373472
253596
54782
125945
387039
152360
198255
257563
65331
279470
491189
74651
163235
323547
333650
500026
310375
425169
299937
166613
7358
224566
346123
25187
430893
22447
86941
22095
42574
496430
490332
531061
149104
503807
61152
220051
395242
520040
246801
342126
122339
437820
45182
199729
208447
144794
473052
53311
227936
325613
154839
449738
324907
272132
3573
441129
278153
184308
100550
257296
502929
154478
266198
371912
460409
341115
234100
380990
67642
287244
54578
174922
533959
201383
470015
347008
161055
317919
172624
184328
432462
86469
215061
164180
146109
129086
123746
426385
16654
466524
56019
160026
278471
317703
174077
424650
239498
122038
184357
364664
160253
221688
372526
270275
348260
529826
45315
465891
470029
276279
16920
323602
111096
428235
189506
108680
162880
354458
314837
264670
96955
477676
402580
352758
348862
96615
131521
386766
429831
33443
470154
410178
318324
352143
450504
435711
117581
79833
445972
190956
463633
373064
124192
435426
114336
510452
163878
39951
321523
518261
47757
206214
512492
133997
346359
45785
88772
432252
287567
20200
156317
196885
363791
224837
416185
181797
39954
499941
22316
411422
519198
144217
407794
404203
460412
25463
262971
75136
358859
425015
319529
122125
418245
47905
495942
521523
87871
524784
515649
479755
10008
227661
524921
371109
33843
464045
260182
482536
376893
30842
832
455521
507915
332375
42913
48872
441199
530321
302596
502108
313034
255579
319486
432984
128006
427751
168441
274555
88147
218411
382195
71945
204021
346307
208496
327140
36171
349019
425386
192674
209172
186949
83209
292733
8451
108806
119226
505078
419431
326758
332595
36066
61042
307514
59198
293561
334439
14695
488535
526045
289255
465708
28980
244235
237895
299935
521371
276325
99362
363770
206248
249650
68656
152022
387608
277711
299214
403234
502220
124772
