25391
33819
19429
27171
24885
45812
13880
15878
29632
31135
25703
12387
5133
3998
45278
28904
14634
43675
28783
24270
4187
14325
44997
29787
38136
3798
22914
42263
34509
24494
5096
43367
35684
16105
23891
46069
38812
21985
33058
48393
10306
40853
37319
34857
5176
18420
3567
7139
16939
32956
43409
3019
1722
47077
10875
45815
14116
26604
44273
31958
43035
40457
47510
30931
8000
19148
23086
14716
40562
22841
12055
18374
13593
17512
12184
21268
40559
15755
24520
11715
21581
18668
33159
45886
6787
25742
17189
1654
45202
6704
32265
29668
17695
12148
27808
49314
7195
43947
28160
34403
8310
33945
3013
4630
40281
32437
10704
38176
15542
15654
9062
33490
40923
2742
27654
34569
13373
4683
13846
12001
6130
48661
43135
7113
46656
20524
6251
20476
41879
22664
23017
29463
32977
4072
18526
27570
25590
27553
48011
6947
37595
23912
13189
37357
37702
44619
20395
30493
35041
50470
41383
42083
34872
12155
19336
45239
11331
8693
6234
19378
25280
16118
44202
39950
28248
6426
28022
17221
295
34981
31198
39809
50262
21594
34054
11107
17083
2045
23006
43431
28944
44428
40376
38623
41172
50322
43945
17534
11606
2748
31635
14932
44229
15279
37030
8533
40692
5818
40687
20247
13984
21030
3562
48664
16600
30210
18338
9745
24932
24095
25490
15738
39079
26162
37498
42074
16113
2921
50764
46534
6891
34035
3720
51206
37713
26455
27213
48951
47626
37057
37091
25875
33227
15864
18156
33581
20698
38517
41323
8715
46206
42360
51430
30975
49294
17112
9118
25677
50504
16144
28180
46250
47254
23183
7596
25108
13832
12243
50843
8923
25451
29138
28288
10062
34443
925
46211
40336
45968
17637
36403
17181
26333
47043
32376
28527
28475
26139
47173
25448
26060
25334
39804
5570
27667
26180
31126
7388
2855
32595
51506
1230
44961
43486
39799
13472
15661
18425
46039
42706
3621
43376
20443
39642
8527
24717
30410
11992
41728
3386
46743
24276
15115
17104
36628
22427
39789
6759
14150
32090
11608
28401
11902
36149
29944
45250
22785
13721
44201
4692
32401
30354
22579
41181
2719
14901
21000
42421
18902
13304
36804
1789
5924
5715
3836
50850
30782
5516
50895
199
27193
27211
14313
16364
15862
18284
5881
32745
26943
2378
14912
26921
28667
42071
45418
16548
23612
50047
8257
3053
30665
12453
40878
6903
46575
11595
13023
26672
8976
47179
42597
28764
108
17674
15452
48897
39681
41693
16321
31284
50794
7433
48803
41568
44026
45534
1585
23875
18720
26641
29658
26891
38233
5848
23732
27429
30575
7287
42482
19111
40324
27393
17685
37320
27243
30515
25808
37034
4051
6246
49342
38134
33357
8783
42415
49651
37484
49361
14188
45066
16894
36257
31220
41553
15697
71
7837
17498
18010
46673
27437
25854
45207
28819
25013
27389
26653
40545
40187
32120
17200
9133
28348
28936
25511
9779
48892
41116
28428
26805
12527
46157
4137
21335
51126
823
4448
41984
40146
11908
34164
44399
16361
25634
40585
6743
22470
48972
10538
12233
39042
29562
19313
41009
8769
21478
22927
27533
23342
20887
24334
50608
24692
14360
13300
12642
49604
12132
12273
14588
10387
5151
37419
10896
36131
41570
49572
14604
17583
47322
4482
36967
24425
7902
34504
38183
48065
16863
26689
51619
37164
23984
31291
34918
43561
9354
45134
31529
3843
15971
9911
48245
41464
35715
42556
11083
41616
11930
4835
25538
4756
3747
40321
34248
31065
27088
31301
37605
49278
14365
25167
22420
24395
45010
39394
21167
50068
33239
35783
9592
37427
41058
51650
19205
26121
18750
1599
1785
7468
28903
39431
4083
3417
10674
10398
33003
35175
26182
12575
14579
32088
45970
26188
31694
28617
23751
43538
50234
21
40094
10659
22897
30854
38742
5049
6184
41197
43587
42734
15839
18868
47871
31448
40113
25671
26712
48470
29174
19616
43361
515
34303
5787
18263
38509
13929
31496
4058
14542
12448
931
40832
23693
23477
35587
15150
20293
4775
34584
47338
46053
37001
19914
48748
26687
4296
537
23409
21507
40645
12731
27719
7646
48051
40006
38199
31100
28293
27521
40050
29695
44161
23388
7164
22454
32224
49454
43819
47088
48127
33005
24028
1163
21284
20345
31338
42541
15316
1827
23198
48785
7828
17871
37726
7023
10714
3338
9178
12398
49655
27653
29299
24319
48733
43139
45473
21954
45329
47836
30605
32139
27847
25337
27064
17749
46525
8147
1709
8229
36341
30340
26206
19493
28549
18881
26925
34477
29490
22657
31144
34665
24247
13560
25467
8279
10728
32960
41955
23691
35777
29620
2937
50217
27579
47413
37567
35897
6525
4410
33737
36564
49464
14507
21275
2270
6637
13599
8482
12404
14165
5077
34818
37881
7176
40002
7387
14845
50905
21453
20108
19664
41153
20841
16366
48575
2333
2784
39190
48629
36189
30233
7007
51200
19262
47948
31194
37898
30983
6842
4396
27478
22640
44934
40370
40952
50113
41938
19542
7110
15267
31165
46265
50613
37286
49973
37865
4839
40271
3402
24027
13317
18692
38478
22269
35772
14281
30777
30840
51671
26889
31824
5859
1914
39686
46352
42807
8691
7137
11272
46221
20114
34656
17307
9433
43768
29882
26503
18625
32790
29275
50944
12542
40872
44733
31591
23478
18237
34198
23658
34357
51676
16755
11485
15477
3546
15093
3153
19583
38226
49739
42682
22015
10873
47250
26224
19356
31732
51262
878
15544
29644
1189
7179
27155
14354
3973
42386
45715
35845
38756
26284
32845
33744
48422
20122
35495
48502
4111
15169
50525
395
20753
20681
40056
35505
42960
19882
33330
12364
31439
674
29956
15177
39445
37014
8787
1712
1881
4823
23359
705
8093
39613
35006
8909
40363
22772
10746
8644
49742
4520
20446
30638
10220
20420
32501
21292
47093
36238
48617
14557
21862
27491
2295
26122
47749
35367
42529
41870
25095
21841
7386
31993
33976
50891
8469
36362
11654
8368
40834
51428
9557
15076
48651
44971
45052
44510
25067
18823
27630
17889
15193
5494
32384
32933
13400
17790
8238
9690
27862
49638
50720
32281
43316
45244
37858
3045
38572
8785
18628
2646
33320
21814
26792
28424
6709
13567
28302
22357
27158
32280
16285
5564
47032
10713
4332
33213
2157
4172
40356
36165
6371
8064
3930
16606
51133
22602
49972
29184
43799
5558
9501
16368
36285
28509
42872
9994
19779
15527
10694
6902
32821
32462
45163
50271
5555
32123
1143
34599
44882
30124
3259
28474
49476
41232
48166
37223
33842
29601
15298
41767
31617
39875
194
46917
7819
3838
37327
25164
10280
30079
48555
7740
44427
13002
38758
44124
19818
10862
38687
43184
22703
28408
27198
27531
33007
9562
23806
41363
49890
46141
10679
29949
43918
36181
23792
20213
40335
9214
17407
51026
43511
22822
36492
35383
20666
23480
2687
33157
19682
22200
46000
35009
1227
39707
13451
25902
18413
21787
46323
43931
22319
5990
27255
28896
29077
8781
35993
18788
38243
40016
2459
2497
9349
22530
19947
26538
48772
11309
40119
49826
24973
1333
30441
36727
37465
34137
48319
16316
50795
48704
6523
31060
20685
41441
43336
17836
18449
51251
30177
48143
11128
25436
7890
21069
23129
18956
1284
17040
46332
41510
47211
18083
4314
14817
9294
20426
25827
34052
32855
941
35533
27945
14105
49252
29134
22406
31287
46806
33671
10678
32460
22187
19454
23890
6698
48920
21553
24540
42072
34405
27817
3448
31968
12168
6924
24278
19437
3738
34242
2366
37812
16204
1887
5678
38405
14659
9581
50523
47930
27069
157
51329
4047
21239
50411
33183
32864
36418
47031
22150
27493
50306
21380
18502
51052
2047
18499
48264
49170
22177
18969
6221
48614
40482
33563
6727
8051
14321
937
34384
43602
40476
29094
7865
42693
50831
9796
36157
6240
6565
35995
50739
11482
26549
17246
48963
37249
18097
33910
48635
45608
27514
49258
25672
4729
45569
10619
48041
33501
45845
22534
34926
16648
46254
47406
36705
41983
39135
41945
7696
15731
38425
46381
12410
39005
10840
47645
1142
1287
19168
35466
36424
43909
1554
6653
7392
8629
23040
15841
25363
29742
9517
50377
9979
18670
15526
20979
9495
23288
35216
47290
29653
26974
19012
21462
42866
51299
19630
31512
5194
19042
7998
20639
19806
32253
20598
44909
43420
39834
4497
20362
36245
32393
486
8248
40777
20537
6972
50286
18655
10115
41875
29021
3905
5131
20126
46795
46851
37827
11100
29561
5911
47545
37295
35922
13109
1583
24248
2712
31483
13879
42977
6650
19488
5500
11549
79
45831
14591
45307
9125
49843
32072
48883
14087
39850
33331
47366
16958
39336
17778
33049
36738
15951
14020
33586
3722
38701
23720
33463
42097
26851
370
382
50326
50666
45028
37589
51442
34345
42149
40184
50059
1345
44220
31213
19150
46787
791
16228
31370
10604
21058
46046
15211
8932
37665
40303
5368
35366
26229
18030
20341
29767
46986
6367
39484
16477
2942
28908
34669
27697
26631
43582
48647
1262
5560
35249
160
36144
21974
9456
28007
19123
20191
22246
8730
34592
32276
44641
39978
27705
29654
37747
20041
25541
34789
11524
38433
47432
34043
5484
31600
31846
38013
35581
32064
5119
33215
41606
44532
34025
1754
39131
48070
5568
7606
34741
28087
26924
20621
26045
35198
46857
32473
40200
14112
33365
5185
45981
16384
51041
45443
5723
21431
34176
19718
30374
4837
43622
22733
13354
5259
3070
43268
25240
28599
17022
16187
5923
40086
14473
2559
19730
31937
9646
33410
42644
10827
42387
34336
13498
3331
38662
41537
9900
50024
6853
41060
6361
39100
1492
19878
34229
36055
12238
7166
27814
46662
17488
50566
23832
7527
35970
47165
40491
33250
17898
42611
36783
51435
30393
2250
3068
14478
2718
51450
3891
3362
7180
47344
43572
16324
38544
49247
10844
4452
49724
15871
41511
47819
50516
9714
10111
21859
19770
44926
6626
36272
9388
43884
30793
22948
41242
28726
14927
46588
1412
952
31090
50222
10354
2277
4670
30858
38058
9963
21892
33574
2736
45231
33414
41592
7720
33388
34838
2837
7758
42857
45070
30980
44380
24372
38810
46402
41638
51400
134
28405
36811
38247
18417
2966
650
1305
33960
42242
34983
23650
21024
16223
9626
36968
47679
32623
9933
4209
30599
42719
31987
25843
5949
44382
41432
16504
34849
15611
11875
768
18203
41926
18404
38196
12646
10819
35031
5030
48992
47597
47312
25784
29794
6603
15137
7734
31899
29803
45837
26484
38396
36898
3763
33527
8864
36096
8583
142
1009
44360
5048
40461
39607
3474
20140
50249
3164
13409
8153
9489
31962
47195
27807
11388
47156
3723
9028
30394
29555
29407
26448
10621
10984
29649
31481
43063
30165
4109
9245
38221
35034
46278
3783
43541
18006
48566
48329
40821
5123
51170
45064
9936
16555
29191
39520
20479
43199
8134
17052
3900
49193
20442
26793
36006
28142
46897
25111
44277
28966
38608
9353
49273
37773
36772
34136
10636
40949
10362
13672
9192
46052
46024
46751
2379
44063
18996
6755
11484
35289
47684
26336
35850
25961
32008
39277
33691
21616
43530
17365
33591
4487
32590
8191
40915
28810
26692
7557
22183
47113
37326
20728
21789
7900
8049
44821
33681
23038
24455
37942
18138
438
9544
39312
10637
39938
1070
35754
14559
10764
34219
4488
5408
47238
6808
35982
973
41941
43895
30909
33568
270
43910
17561
44597
49156
11757
49291
13810
50844
46116
21779
30701
14309
42215
28319
7426
4550
41689
15898
30080
16568
15608
20002
47450
12085
12633
31432
15510
8757
22463
13962
2690
39004
34751
12962
47856
31988
24859
17030
14071
20084
2730
18568
14787
36494
3156
8047
29186
14381
46395
991
21185
31442
45649
37609
29713
40128
9594
40776
49518
51296
38215
20096
17411
51418
30765
238
21249
3530
8542
20199
48110
26134
5795
29628
46883
8322
31424
7640
41593
50855
20892
39641
9560
2156
9606
116
1836
16126
12866
41571
48418
18444
45580
43442
6281
13735
7227
6662
27267
30127
26904
39852
37352
14084
46794
29179
13997
51013
1304
37847
7842
44568
28740
49341
10610
32251
20290
45332
7608
18910
26876
16671
39828
40001
18178
18942
6134
9309
51125
4959
25549
51168
42978
45253
25638
10813
8833
33416
42283
32542
32505
39566
40537
15073
16072
25581
24110
4229
51199
14080
2644
14077
18129
1738
32153
16482
32443
43389
34055
26942
22197
4595
43616
47438
14560
39856
26700
20946
9357
40572
51113
36196
40438
26196
23545
41227
44801
849
43319
17362
47304
11003
7636
6925
17545
39231
21685
12798
25415
38377
13310
37685
8882
45194
9338
5907
30082
35154
44224
20284
15867
35776
32442
42026
39017
22940
29722
9077
746
48430
8729
17214
18321
3228
17054
13464
21533
14483
16661
