41443
16378
28781
652
19939
4191
11766
7183
28274
45889
1594
323
51456
42188
1373
4240
25002
23781
24930
32518
37874
47453
47350
4407
24060
32097
22314
32085
12220
25690
47229
16799
10390
8859
17978
3682
27315
24996
7546
40839
37258
24381
47752
23028
12071
38195
2150
48797
45865
18488
41237
9786
21999
16149
50894
25137
2807
35033
28339
48655
22304
51205
40879
6190
2100
10615
19604
4005
22936
30536
44521
22215
22656
9286
21871
24739
28244
26531
7908
43363
2449
19822
37830
3464
26772
43031
7188
51711
18606
28126
47619
11999
13351
8796
10300
45396
33695
19706
44188
33703
39488
12346
21879
24112
22401
33053
41120
29384
11990
40790
17632
10184
22674
4721
15934
27799
16239
49150
36875
15153
43764
49306
35475
6067
10735
14931
30721
31114
9377
16765
17939
48261
50594
6387
39226
40386
16060
44588
21128
42314
41090
24229
5164
40688
21756
12552
41591
30870
8851
50673
39558
9234
49390
16095
1249
20509
26272
21147
4597
3355
29809
13059
13233
23605
1377
25524
49664
4586
47067
6580
27363
30645
5391
12373
13281
50966
41325
42077
25349
47746
8546
28321
41091
28550
47104
45490
15844
29246
29913
7836
39306
17684
36636
7788
37324
50881
31724
752
20653
26169
5867
40375
48313
5308
28950
28494
36751
15797
8817
38927
44137
39841
44585
45676
17559
40403
24484
39307
17896
6200
51471
41697
44055
19424
20460
22864
51588
40794
49601
3935
31246
10965
23123
23187
43982
23847
410
12459
25253
10806
33780
18154
17297
7827
18047
19946
40154
20066
14608
9825
4836
38769
48204
26590
46702
50740
35662
41100
23614
3394
3847
10698
1989
23952
31879
21324
22587
23216
43440
43351
46289
46429
10252
10499
36691
37899
44258
44516
5720
45931
6537
41194
37147
19620
29707
1986
2663
11382
39666
5998
11985
41688
44383
30193
30342
41878
26101
6208
43777
1486
26989
11686
44474
24233
5619
4651
31299
9289
29703
15091
27359
43840
48365
932
31822
17913
45394
27187
40300
19391
30903
17515
46699
24175
46196
11504
48240
3840
2052
20187
13064
44311
21314
9479
6966
20626
16300
4987
1359
40437
36753
38081
32893
6429
32717
47513
45787
31104
31431
43439
51038
20194
14476
13677
17627
27598
32068
22293
6598
37993
13117
35736
23104
9160
49444
23518
7804
18073
32107
34911
37337
21842
30650
46772
6968
22915
30149
51625
9797
43950
30383
11575
29272
31298
4976
2384
15707
28072
36081
49824
37002
47134
24478
30101
33221
45073
30571
14939
9891
422
42325
17242
10344
46981
36782
33969
3247
13210
44539
25377
9532
2124
1632
39985
18550
4549
10722
14040
28680
46626
33173
25929
5985
5931
12541
21720
36657
19242
15966
29705
27404
11478
24194
44049
14742
21692
16981
25554
31942
34059
1987
41894
1733
38105
10864
45486
15901
40354
43941
27269
33020
36186
11938
40368
10434
19877
39802
42981
23154
50563
26189
46087
9648
30826
26883
27412
13531
40854
47414
8129
2363
8013
25918
12939
5483
21366
19103
5106
33429
31907
18381
30891
32748
49162
48320
45322
29717
26177
51570
12149
19609
36505
25355
29475
36833
23446
7452
31217
51190
38659
34525
6487
28245
10513
44263
48314
39458
36608
38852
16422
38500
34083
11312
36820
7854
10216
11166
34460
13906
21485
36706
24189
39240
6215
1462
31567
18003
20820
21216
48524
51476
19072
13843
48215
45781
18367
21238
1809
44006
34856
16966
33611
44077
28073
44250
29119
51497
26466
37878
7559
33542
20927
23561
28410
37921
12975
34069
14628
21388
26644
32285
28106
45421
48921
7231
10096
46558
39201
23438
40563
9514
42238
11769
29993
6693
21210
30419
25066
3035
47005
3618
33848
50918
29545
27361
40841
10075
43743
47767
9920
9596
39457
1082
22310
43489
26202
27020
43102
36310
41411
36729
40566
30911
34274
2310
13390
25119
15215
48236
27400
2983
19134
50859
3408
7513
24783
40972
10316
5993
43666
41017
28437
18128
49318
48875
41050
31885
9727
8277
35269
17945
3414
38250
42707
972
23841
506
22485
35288
46703
4833
6273
6147
26704
50827
34565
14151
15669
48177
23558
43339
15581
1915
363
14701
22318
37863
26479
12467
45438
13687
36908
7634
3196
48662
38290
23207
11028
1518
28876
7084
13610
4078
38447
25009
8634
26111
46566
5448
24527
1382
17361
49110
12411
43382
37672
33105
22387
31083
50757
33886
11570
14371
2480
17624
1622
30002
26480
44016
5056
26561
4674
12049
11516
40698
12821
18308
45294
33850
27378
50357
36473
39629
7172
23878
14838
29340
43469
32368
19489
47621
337
9558
39370
23822
39162
49020
18512
3373
48445
25790
48178
15939
28652
14769
21736
8966
12851
51227
7336
21642
8492
1259
51675
32667
14663
32125
8566
43468
46968
32304
15282
49330
27736
28757
3072
31913
21950
30036
25584
9315
31534
40387
1961
33833
9183
29126
8703
29764
12018
46837
844
1748
12948
25994
50023
10655
45339
16240
4815
2317
27558
49493
9711
33855
30046
15108
26523
33624
38824
10917
46700
51330
14585
17415
20465
2213
15330
5510
2594
45002
18185
6037
50567
27228
33535
1360
18168
31042
46576
18850
47317
2714
51207
18754
51433
14283
33895
29878
9781
37272
981
23697
50979
37798
41309
599
16721
17299
51696
575
28814
11958
29118
6614
22910
31260
24370
45441
34450
43007
40934
35667
31817
8292
19235
28216
2922
26293
42615
39196
5641
46834
18686
12098
6296
49384
21812
22784
46972
6784
1571
13020
37792
33968
6672
1841
37918
28982
10080
44452
32824
17413
18044
15088
22301
34698
39922
9970
6819
2474
14689
8504
5425
18932
19787
10438
17016
36400
45154
23609
22490
45920
38414
27073
46396
25183
32006
20875
25050
21869
27162
5015
26315
38884
43458
42976
42829
37106
10079
7738
1040
17785
7242
29934
14934
9229
14767
10335
13924
5799
14771
31186
37566
29261
45765
35106
51059
42330
31070
3183
29465
34703
49362
15875
39539
45094
16456
36648
10736
38690
23668
46945
4112
42318
144
4365
4564
45867
6848
2484
43334
10241
33978
10966
36579
24900
18155
44824
48305
13427
38858
42147
36284
10912
13796
44132
13697
11177
50553
35361
6736
401
31575
20495
33820
33282
40639
7421
28015
22354
39401
25835
33129
42691
26586
34603
19032
39202
29364
30474
29383
8894
20358
18570
46928
45365
33285
25387
36498
50028
8958
39780
36024
5395
38420
38823
46094
37187
39165
37551
7260
27732
34499
46213
47186
30971
14238
1369
14194
50314
19287
34231
21244
2221
27420
11057
8103
8775
2540
50254
19432
26240
1182
28925
24994
10656
1687
14633
40902
10146
44888
30660
33533
11304
39746
23728
6320
4433
42493
1045
35270
26697
24615
45978
870
36810
129
20513
28813
39924
587
33430
43609
22123
12130
34724
45721
41345
37113
4555
10677
45036
37727
50783
32683
27405
44092
11706
26451
36598
41396
45400
15811
8895
46634
36850
19642
4055
42704
40353
43824
23051
35589
31830
16082
9017
6687
31932
29904
18411
49606
40977
11106
44333
50742
4507
36841
6582
18225
42591
36385
33149
40240
44806
1729
8057
44226
12100
33424
44946
10330
27675
36167
13581
20886
30775
46839
47503
20697
37323
33407
18521
299
19689
35277
33588
27087
31549
45552
22126
21371
21587
28045
23955
38442
19199
36371
29075
48814
14015
42723
38958
42241
17195
46593
49155
49842
40170
19246
47416
30153
34078
47999
36091
46597
1749
9344
39639
27700
32154
36627
43064
21062
19735
13742
3059
27355
24561
5505
32934
2166
50741
20316
49169
50472
48431
36563
28709
26867
36079
44448
36398
5826
11788
2669
21261
29730
13994
20025
875
49442
34036
25723
16730
2956
6884
40498
27253
49949
42041
48437
44638
26289
35251
9233
2882
28086
23684
4284
38312
42251
38883
15328
48212
2512
40926
39782
45265
30039
35395
46592
49221
28576
30627
3718
14214
45993
27784
45321
26928
39136
17918
20363
27896
14947
33218
40404
28017
20326
48476
43450
19710
42404
17985
28659
419
14424
27650
36411
33404
44773
9615
41559
8545
35273
41674
12970
641
30037
11284
41770
11384
43120
5012
12494
37462
29492
10310
13590
23260
38214
35800
45232
25765
21932
48074
40803
26823
36380
20900
26352
30439
34883
35950
46260
6397
12465
14012
1442
45791
32840
33017
41746
22455
37479
7399
45563
20261
44287
27547
30874
19316
39061
8127
46075
47303
39466
16512
3957
20230
42095
49531
49141
47852
21750
37854
27673
44260
12640
15382
11286
19070
45434
30521
23879
15269
39900
21112
38066
30625
16868
24589
14118
16867
34031
22969
37721
9152
3246
48903
6756
38498
26640
21823
2947
37696
7382
50637
37054
22254
47217
6948
32785
43014
24239
22696
11498
18623
30969
48578
21979
51165
13049
31557
40263
3570
38855
6862
13493
36359
21935
31547
33502
277
23407
7542
21966
3698
11158
22321
26321
51086
11184
8441
1086
10455
38345
26614
7835
50971
40810
33742
27099
19394
45061
33382
23618
29276
10179
5957
2307
36807
46913
49763
44411
17690
7803
36709
4280
21765
47148
9712
40435
5198
18094
49864
7194
1375
49851
47587
18779
30718
15227
5627
27126
17039
42959
34321
16425
20970
50658
6956
42093
23414
37397
29408
33209
21146
4426
3583
50629
25579
1214
5784
21169
10697
5179
6723
678
18026
47021
6843
49137
20853
19396
42623
16928
49660
21805
46967
39426
40509
6524
3030
46390
10222
39925
6269
37632
16475
7208
1882
18042
46472
5039
47442
42715
41366
34630
38477
13083
16660
18737
1604
16844
32847
8005
31219
1939
45021
50991
38990
28315
26392
4602
45532
29883
18426
44910
681
25785
6335
7484
40227
4664
31282
35526
16735
42406
43254
21227
19372
34206
46497
10539
32315
44860
51321
19564
9273
4262
10373
25176
43921
50721
16134
4667
28203
35209
632
37365
21654
38790
30446
3114
16751
40998
28593
50730
21258
8806
51647
37175
20563
48113
23676
23225
33513
43693
7830
37946
9280
22152
49000
18739
23020
15448
28148
26746
15817
50383
35005
41475
43113
32217
3062
33602
27486
13694
10045
34141
44828
34498
28443
9670
44868
22205
45547
32765
29897
8495
45457
46938
31199
6458
19683
37504
35372
32744
45797
35885
29395
29387
30465
48855
18609
29750
47412
29542
43962
46734
23991
14602
15069
24397
46410
10921
28257
730
21181
43984
43157
9801
6396
38821
427
25052
2073
21834
44836
36748
11101
35574
5217
19639
33627
9034
27949
4168
36106
43467
15046
20346
41641
40454
25797
28779
31929
11640
25077
9836
2498
32736
30802
16062
22719
43340
34012
45984
31978
10378
15125
40995
25681
5177
39027
51489
9661
20129
21754
42412
5174
37728
896
17129
30733
14844
26806
47993
48015
34977
48834
27633
43591
1676
4679
390
14575
22693
45071
35222
51323
51108
42914
8925
40646
24523
29573
4518
2338
35243
22337
38684
6559
42689
23539
7566
46491
28487
1447
25493
46315
28615
3893
49796
14350
7927
39069
23844
24587
46647
27054
14033
21451
4929
41871
2775
38041
27182
14719
47110
11877
40444
24878
19811
29032
3575
19326
39339
6857
10899
14969
28519
33238
18248
48439
3881
9480
19535
9669
34285
19755
20182
22768
24544
10579
14513
23996
1353
45661
9035
20490
31057
28184
26726
34072
12836
34123
26627
39513
18295
5403
18529
19727
29238
704
24936
32773
8109
15184
36045
31756
6831
14227
34255
34184
34333
46816
33124
41706
20981
12554
11458
2189
26228
33184
7031
16458
13968
13270
38067
6051
24684
11959
6738
8388
18346
46940
28655
32016
27433
20884
19673
29045
50388
51485
21065
1216
15727
5927
51074
33132
34383
33226
38914
20764
25858
51320
28377
25397
41996
45481
21847
22476
25212
4947
21067
12832
33483
51670
47167
20882
4760
18604
23079
18280
41968
47667
27739
23189
6856
30954
3782
13953
36793
11695
34804
35672
22377
5270
9880
43390
35518
43916
2700
1711
7652
11266
45880
34555
36117
15470
44978
32264
48541
45046
11603
25882
29296
14586
50034
51467
48544
34776
398
46121
12570
556
12031
49682
37673
29678
39461
47107
1539
26897
36321
33290
6771
23133
10450
7181
18733
14005
4180
8789
3350
23986
21312
13834
24068
23717
33345
3589
5367
37668
29854
31235
36764
18859
6321
7490
13459
11775
19561
32984
50232
988
15490
10388
26379
46728
13470
16783
8720
47087
31091
6776
27761
45263
5952
84
9013
30926
26220
44699
38514
37330
18594
11129
34877
27435
30806
51137
5936
38267
45117
46582
1772
22691
35751
28822
28036
49372
41661
22712
24905
38435
41155
45950
31339
6455
5008
28947
3110
23383
31770
19751
29245
8028
21154
9742
10410
47289
467
5948
34170
18228
36975
12762
2710
30794
2173
39115
34426
30739
19829
12722
17375
29239
31730
49312
4816
1260
33572
17967
34507
39519
45383
49335
47301
50367
1642
22654
6893
29227
32578
4451
22924
33194
31067
46958
1065
26414
19528
5657
13231
13303
16405
35013
39735
51064
7680
1943
43627
36373
11660
12828
41748
4741
30260
3234
46750
35423
5376
3036
28446
6382
31985
36282
23396
18870
3418
11491
46042
50729
8220
10986
33456
41312
118
5492
8604
21251
42022
51020
2709
20750
30559
8126
6576
49640
24040
2518
47730
38495
23995
3175
30706
35951
21658
38678
26898
4650
22698
14897
22965
11604
27189
14530
15958
7376
27128
49270
10950
50051
45404
28253
48937
48224
44503
42166
47921
12574
19003
47760
47428
48028
39771
24550
47123
33296
42256
6974
33441
7576
15041
13252
38475
43181
30453
2162
15152
23666
42157
26405
1014
45097
36878
19962
18563
25909
36571
45093
605
20156
23035
21595
34464
28307
10141
32633
40999
39968
49926
37297
47388
9610
2525
3859
10902
30675
526
44755
38458
8119
1509
22726
23064
1775
12724
27855
28116
29311
20296
17558
18535
15838
36873
29529
51589
11874
12010
19557
9899
11487
12097
20298
21560
476
27610
3697
5290
8271
15856
39890
38539
32947
24764
22078
34707
18190
38507
29265
19231
5147
19329
23393
45026
3611
6711
47675
5566
13440
26001
3620
1718
11507
27708
36523
46657
32480
38249
6823
1608
38099
22823
39010
35512
35632
2155
37401
7543
120
21509
5238
23799
35550
36507
3684
29457
13368
49035
32694
23063
35457
21072
23311
36654
28897
20644
4346
18876
38373
13362
18732
51344
41766
11293
29290
50664
42985
27476
15312
13088
4471
2425
12242
38278
34215
46090
11832
43696
46809
34168
34780
10135
49668
16750
25356
43534
42565
37148
10649
42942
46374
29452
39680
21162
35464
7248
26931
7364
4241
2862
11270
48073
24075
50075
12466
51621
51118
14823
2033
13245
41201
2370
24456
11186
1311
4695
16585
7066
5504
51623
46848
15515
43592
24810
38476
31733
6071
32568
4684
12621
49574
32431
17960
41750
25328
1267
22179
22541
19665
49889
1032
34221
45187
49610
45293
35717
13798
23188
49215
29650
19249
35300
47216
25102
46974
35578
1856
13858
16104
8415
39864
42324
21135
30013
32986
47237
24805
41997
15194
36046
5509
15858
6411
12413
27349
4015
24811
610
39596
14054
15947
26667
27564
11050
29636
3385
4333
40836
27690
8549
38222
46162
46481
50786
8763
21454
47697
9136
17765
8992
35131
47512
21843
44747
50097
6880
13642
29832
8289
18098
19386
3233
31721
12332
19233
33566
2936
13486
37150
13478
10175
49339
44695
29478
40242
24631
24406
49288
21663
12989
30310
32842
51255
3650
12303
7694
40507
25914
45109
28096
49354
26459
6824
18063
15273
28249
40407
27372
27329
36094
45518
6137
34236
3832
11839
47426
25122
38191
17168
44941
22386
46189
2744
4632
16511
43686
5175
31970
34593
24384
18475
38716
25359
31825
51377
49685
51610
48155
34475
7635
6666
10382
31346
19015
31915
6914
30676
50717
24988
10940
18967
30445
38337
41784
34302
593
22608
15754
27335
36281
41868
8811
34469
35008
23909
41944
14035
27995
3401
521
27477
33026
7841
47546
30239
38416
21958
26397
44694
8685
16140
39580
9158
35322
5241
46632
21125
37705
11117
27952
43662
30863
25018
22746
29301
37599
41793
11731
714
47934
31848
28747
5416
34359
49346
35064
22868
25245
22047
12068
29071
13938
25003
119
46711
23072
540
39205
30029
12846
10097
8579
30644
14462
34796
48896
30060
37446
25965
38303
37050
29204
27512
3579
19100
41070
11164
32728
37614
598
13705
25350
34809
7791
43477
49
16913
37572
1243
29362
19388
21938
8176
8066
17281
723
3492
50019
22481
32959
41253
41908
6043
26682
17643
28863
36099
42774
8692
4073
40588
41909
45485
23131
38755
45976
8670
31441
40875
32453
13382
3792
32322
37794
27110
24607
11642
10433
9066
43195
1162
3469
21421
18492
40720
41459
33045
6063
48841
7587
18688
45926
32131
12543
26816
42248
46478
32757
3106
7142
34610
11633
8183
12732
9304
24511
11239
29090
49930
31025
6457
46454
27652
40713
21960
8867
42663
27019
39138
2721
10595
41820
30024
27074
40707
13028
26481
26492
14063
43155
48644
27314
41791
21309
41707
2680
40211
27431
5607
3235
780
155
3700
22282
5815
47435
25208
5819
9996
39592
28981
5042
18642
49217
30437
14962
19421
5737
33207
19758
31088
40642
44093
37355
11726
14412
8466
49733
5537
22452
10395
4140
14654
46939
47632
42856
47073
22389
22407
34708
35818
22574
23082
43310
40123
18852
45488
20873
4945
5480
2075
23466
642
42553
11430
44922
46655
46755
4425
25090
6346
14890
27651
20600
41454
15308
43069
11380
43394
25997
13482
2138
44869
26623
17497
23221
35320
42671
3778
50530
25700
6901
17671
27218
31492
47494
44324
5976
12061
37537
10618
1625
40865
12563
1534
43922
7774
29992
51215
35377
3481
22223
5465
10717
10799
14944
21730
26686
38392
26197
51552
7154
41297
8906
16360
3034
35337
32199
2229
23627
15492
42561
30769
6642
36020
51459
5797
846
10340
7624
39493
44159
32726
13889
14267
35403
39072
42182
94
23076
3927
17482
11544
45574
44294
372
11623
8531
7102
19463
33560
49914
51422
27473
41669
29062
37444
47161
12489
27042
3398
50998
11145
4336
41109
46736
9151
10756
10371
18920
29737
13971
16174
44496
27572
42322
41902
51484
50627
16613
43059
31646
28219
37303
19628
15788
50055
26652
48251
180
45530
46748
40556
17152
48327
48316
44893
35012
1144
25591
42538
21044
42992
18283
22630
41044
2995
50610
46530
18667
12578
16314
656
7165
46620
45444
46078
8394
41128
18613
10343
26899
26358
29942
7300
5190
38343
26628
21396
19324
27221
42341
14367
10439
3602
22025
48973
27790
16715
22140
2688
7323
14391
31170
13724
42094
39439
31751
4057
50655
21117
10681
45899
2429
38108
46984
44983
26445
44436
23655
44802
35483
5567
37253
43032
36740
3382
19536
46682
46364
5932
29361
2581
22699
28541
37035
33540
49393
30540
26551
13259
45439
10782
38957
12440
14563
21496
29303
46153
38388
37045
1446
17347
37997
42849
50130
7597
18600
41561
39288
10443
9443
11691
19532
26276
20894
41615
3724
23762
28977
34355
14093
12870
16513
31094
33073
33498
7348
13085
35984
45905
41988
14197
16547
30318
6292
9476
38516
47879
9827
21815
50607
41494
48483
15206
16296
12883
26200
14252
17855
37156
46741
48933
23584
20731
37880
23701
14078
10696
29687
36913
18373
26264
29587
32117
36537
6570
6260
7595
9743
18517
48598
11257
29129
35055
14436
45268
11957
22388
41717
17691
15884
33185
11463
37025
48868
6870
34307
30055
39020
20540
49090
7093
48747
24462
21180
47461
39614
49052
42876
460
14937
21419
6874
30408
16839
45460
43407
50573
25938
43611
4949
10186
47033
32093
5279
15802
29957
20878
49164
33445
22043
7611
17587
51230
9636
4605
35599
31758
3087
20416
35755
15850
51578
42044
31379
33263
31158
24039
43318
32520
30838
30113
25536
39028
40842
8884
20469
36986
42754
4385
42694
50975
32900
4923
34516
20125
26668
2360
7024
32856
10156
8004
45057
49459
4290
3796
43419
48210
5996
35469
7443
48742
38009
1839
1607
17800
37956
4824
15866
4477
16234
10009
6876
36530
8075
29481
42190
17677
8219
2938
29736
37588
20054
34799
22296
42222
18812
4145
12566
17722
38174
7981
44644
24080
40608
27810
4185
900
25447
9861
45431
37181
7182
25812
38101
15495
30276
29116
34066
42201
14104
1188
46943
33267
14490
20155
30617
2898
8164
6414
11370
43963
37962
12835
49596
18078
21882
5111
37349
24335
34866
1170
44316
34197
26706
33828
23048
50503
47478
26520
11837
879
14831
880
6344
31007
21353
38397
17080
36470
7159
21697
10199
19632
49002
23228
51666
18723
47232
22663
15765
1405
1732
28514
3540
33999
17716
37748
6052
23122
18640
2853
43298
33318
25658
26437
5431
37293
279
17710
24253
8916
45115
43020
13807
2011
17911
35914
27857
35778
33385
13032
4838
19964
51034
13656
42712
18645
43142
38632
215
4933
19318
10836
2292
8818
44384
25713
38010
24923
38313
22877
9418
36101
21769
42902
17890
7459
38170
17651
3133
4889
50482
14169
43526
11341
37538
30110
47362
47832
19612
46439
1053
7735
19276
34943
18147
41796
21297
28389
43172
13081
14851
30180
14589
27460
36728
15567
17492
18879
20240
50400
24789
50329
8045
37090
22755
6123
35822
29805
20593
15623
41503
15474
27000
5964
4589
7882
38370
18045
40372
27767
27565
547
48690
35047
1997
27446
46895
27217
8556
51196
32118
45217
39563
23801
40203
16254
32868
8465
31761
2025
44035
44253
29468
45519
13946
45309
3341
29147
29485
36544
6349
47101
13817
8166
45044
4600
3102
18345
25513
20027
44404
4087
38340
21126
18490
504
44901
27707
27684
19963
28198
6689
27096
7954
25047
41247
16633
898
22355
41918
31405
42547
49379
19873
46487
30086
39688
1224
51560
18698
29527
12201
49935
4927
43755
49086
46430
14570
5647
48513
11521
47596
9901
6138
44338
38144
28397
5461
47483
34492
22886
29791
8955
31653
20649
7565
2667
676
5286
33718
19291
20791
24909
28671
2752
16580
18069
35936
27471
11492
6083
40082
3929
28728
28987
31177
2576
23521
24346
51519
22510
10487
29351
32730
36792
4746
14546
40852
44649
16004
42333
25494
24963
40586
6261
34027
26948
15715
3273
2741
7291
27484
10910
2698
15937
30725
36114
24774
14843
45620
17187
39801
3557
24899
12150
39597
33950
14885
22787
44419
29498
1293
46574
42301
19093
18846
36141
40092
8326
8999
10083
30747
16432
583
25689
51508
46305
17570
30591
49333
15582
2958
39084
39805
4169
41833
41014
40864
37123
2551
44938
18653
44935
12082
46901
50887
12252
9928
1866
9355
44536
3308
19669
3898
40577
5382
30136
4282
27786
10866
3841
13133
28158
25313
51461
31402
43798
33325
18277
13094
12335
22551
11926
46581
1291
33608
38467
26090
29669
35775
18012
50332
27754
19986
13816
22688
37919
47486
20627
21107
11840
37405
5369
24162
17815
29645
32126
42304
4744
42894
6191
10617
34448
42216
31558
32550
49879
32311
14389
39403
27467
12667
22257
22835
43951
17357
29157
7253
13797
41118
46433
1833
49183
26913
13438
43369
37210
18174
32554
8102
46961
36241
50906
48267
35688
45372
38801
8600
12831
39228
12909
39988
9785
12966
6060
15578
42543
48144
23665
2418
49662
13168
17940
6100
22325
3254
21466
49730
19841
20938
23036
241
6531
28551
38934
31443
19761
45348
17872
35163
36629
12960
14168
35025
12415
29540
3403
16855
40003
28090
50145
29020
25657
2010
5858
15106
8088
12301
4377
15059
43547
49529
51438
16768
21365
47448
24078
36227
13951
37199
41238
50361
43938
17771
21898
42922
22706
16465
13611
45429
17887
22390
26595
43266
7461
41599
1441
7271
45673
22290
13949
10107
44951
43524
43484
50175
26269
30268
32566
6256
8077
28266
29177
19434
39435
10926
12378
34532
4100
30365
31310
42487
30531
17324
6372
21611
24740
32106
10501
25659
29511
30872
47206
46060
14966
2220
41702
10666
37790
6383
10323
11859
35916
22238
36092
42842
2890
32604
37189
7802
47538
37143
27485
17746
51690
27840
26858
48887
15414
40856
44546
6750
9428
7329
20814
19640
8386
43580
47522
9589
10095
48615
23462
4622
17536
14730
24849
33348
23371
35164
20660
10256
11213
17207
9935
2304
31485
31028
31113
747
3506
23715
20008
33807
25979
46591
34689
12163
3046
18231
36981
27392
32046
24202
8401
25707
7650
14630
41384
47553
24036
48034
34880
49619
40191
18618
35889
7349
36605
15491
33709
38118
17594
46552
6655
15824
32292
28284
36557
35266
37328
42810
10013
29565
35852
24309
40061
16507
36703
44154
3879
27144
42502
44332
35876
172
22896
24408
44701
7695
29615
50129
14728
39083
27676
45907
11225
19691
584
42220
21857
16307
14260
41858
43381
16791
21031
11563
218
25608
41138
45032
13437
42321
41328
25896
6402
19237
32284
14318
4157
31359
39589
11810
19885
11019
14014
32601
14235
22287
28491
36089
19631
45033
28008
22556
25259
39250
3894
29603
15505
25610
35546
33578
6894
16446
32135
286
37529
6286
34212
36900
785
20752
51100
4578
34119
12299
9417
16478
50216
19083
26566
50788
18912
21742
22384
26748
35558
15964
19127
11070
45988
20881
48556
40564
49871
777
7006
23869
30664
680
17162
36548
7171
31938
18259
28911
46032
5608
36984
5771
48509
22506
17736
16244
3204
41948
29840
24738
48235
25834
45703
34643
10284
51661
41792
22986
39773
22497
45983
24881
16816
1857
36197
10599
28434
18980
9874
4291
33638
1683
5880
44449
19164
33233
48782
34399
43651
51541
25092
49944
24685
45834
23278
48536
49286
40941
11362
10970
41701
34158
11222
47761
12956
18943
4527
17850
33078
7554
36874
15509
28388
7982
17213
19108
25264
35521
23657
16537
43204
24658
33457
35259
48691
41428
9327
30017
4443
32189
19153
50873
10147
5362
15280
2978
37481
38434
19204
31270
26984
38255
36485
17706
36785
10259
2327
35902
49051
15128
41887
50869
7036
46040
46274
23507
24826
21328
43809
45526
6415
15992
2021
2962
35643
28132
29413
31455
16560
21982
15601
22168
47456
50331
17767
36733
19696
276
23027
49839
42450
31011
14928
18809
31645
18149
43634
30593
38167
49308
6079
10152
9964
13875
30877
5597
50711
4306
18659
44337
33915
49908
33824
51116
47449
7767
41000
10180
50083
33004
32343
833
42086
7531
18865
25651
6708
4871
4540
9103
44883
46902
33717
6413
33168
5025
31644
16545
1258
30232
27824
35028
40251
45286
13298
37116
41993
20615
40631
8084
28956
19139
39713
18759
27399
16531
14470
3725
14651
48449
42724
2987
50439
25730
23829
28054
19302
38784
347
11994
22023
32885
40238
45104
23332
43348
50761
40968
29428
18838
30986
31470
19840
33924
47776
17279
22381
43412
19085
10564
33959
25145
19187
46345
329
22595
42523
34227
44959
23830
8606
11343
10367
11188
3191
14694
15067
25246
21780
39954
34190
1340
45017
31672
3835
39168
49810
15525
8521
8548
35709
45015
32025
51132
13386
18060
19551
15291
10021
32725
26407
10361
1395
50050
39268
26278
16892
15004
5348
22782
32340
23061
26454
26488
10353
45680
29566
28159
45777
48013
14804
2696
44460
22308
23831
16833
9444
18815
33298
15205
19572
3962
46729
26801
39335
24349
15735
36059
44852
14085
24897
8178
3337
317
31438
16686
9982
30790
19817
26537
31420
48665
39408
32169
17752
4323
27085
18884
44023
48315
9611
42218
14134
17306
20397
9960
27742
18632
43451
46462
49467
10468
41196
50640
47542
33680
49589
26856
44873
49404
36376
35388
18528
1885
49780
36367
12012
11956
42187
31296
39765
40766
42481
42585
6379
18617
48190
39470
27265
27691
50419
27249
14745
37163
28986
11497
25180
23938
46876
40359
39882
46776
15828
35527
36891
32609
15672
27635
18085
6622
18804
43123
27337
11113
25552
13759
49324
35072
41598
24613
8529
48219
31294
16165
41453
26047
47543
15347
41427
4753
27702
37487
9816
28117
35731
3656
30131
8373
14674
16927
38945
40149
19776
4017
4165
30107
10968
47283
42510
13504
36960
14125
48146
7501
49615
22754
32781
23502
21606
33222
48995
22340
5045
22484
13738
34369
19486
12517
11845
9391
33096
41654
24562
34746
51668
49094
39507
51332
4781
24609
31171
1160
50424
17847
41485
12424
51098
22715
29740
45810
6911
3590
39301
23981
40141
9999
28737
8367
13643
16677
11826
28719
21001
21472
35004
49471
13969
25949
31523
49987
42338
6818
46551
5644
38409
15430
32593
4037
48098
5440
37974
41762
40525
12944
40378
20399
41740
40198
6422
27226
41048
26742
36286
12123
27743
17878
41686
43165
43643
49375
3515
15729
495
49827
44769
24363
26168
25760
822
40026
37975
15476
14106
20555
4474
28081
45830
29685
37447
10289
45509
23769
41535
22977
28050
47931
39537
2048
29776
6159
13003
26309
19569
14441
18451
5624
34090
13818
13764
13864
3693
22266
30594
9210
8449
49117
40134
24629
19171
15849
51025
1717
28841
28552
37871
12834
38637
38283
4363
25134
1561
25285
40827
10747
21963
14479
51286
13729
27830
42558
49085
18422
11940
1626
23275
14748
2797
42225
3812
34551
7617
48813
6606
24342
35075
5104
13545
22793
5028
5680
35298
30901
39936
38596
26560
29440
43080
7877
24929
28375
18979
24287
12639
31350
18622
27379
21864
40848
12414
13824
14206
5759
30492
45489
48746
18140
31980
18464
31281
18372
33799
14915
13214
27161
42887
22219
37730
13840
44761
44072
25056
41307
49791
37915
18575
7822
47246
6277
5866
31827
34195
4791
20052
14772
13240
35771
11761
42560
12143
23917
13398
43024
27876
7517
42683
28091
32605
34648
25200
43722
18630
29748
34995
9238
31596
48048
37772
25725
23201
35095
44372
45281
23744
30187
5508
12223
13521
51162
8355
3804
20632
5397
48156
43939
48044
32952
33617
40945
43795
21512
3174
11594
33748
24479
18582
11275
10278
17979
51300
47389
36043
29818
49536
30142
34280
45998
40034
41226
43890
40024
45597
6990
20849
41497
3648
2985
15480
32017
50771
32642
3710
7739
28856
44349
26362
34277
33642
38966
21236
45948
15991
16252
47053
28503
41011
2296
41241
31017
13619
26798
49964
49921
25857
38696
10305
3571
13800
14387
50785
23930
46434
29582
46190
49099
18959
11255
27907
10401
6845
23947
6018
9159
45378
23060
29592
38681
30771
9254
8063
37243
49206
21037
508
10954
25413
37519
36312
1758
31040
27048
5506
37399
33369
23470
16214
197
10187
35213
51556
8152
28346
13699
11056
15616
34349
26725
10585
22899
12379
2132
33621
11474
40521
47561
44781
18689
48676
40098
40197
4305
44398
1653
41209
23653
25516
44884
21138
25734
43347
44915
14711
27422
34039
38298
14538
38565
38982
21918
15355
13294
11030
48033
23492
43786
8940
49971
49958
13497
24824
2629
14205
48939
27882
37202
49134
41049
18164
47398
35252
42639
43042
39854
26127
11612
46855
5584
3814
17860
5593
20198
47419
5110
26241
35059
47811
32812
9262
39842
29820
46387
25041
30584
35110
4962
33339
10731
4994
49628
8725
17888
28668
4085
35082
32793
40840
2458
37920
23553
40861
17114
49516
46528
43282
45682
44640
44690
24308
310
2889
44368
8337
33831
8574
10876
13945
3569
4080
48983
36819
28178
32844
3563
17990
2453
83
33992
1892
36472
13068
16157
35452
20226
882
38552
40468
31218
49805
23664
17811
44420
37829
42278
48522
30555
14832
18152
21613
14933
7862
24367
50188
832
9046
811
8110
47064
49402
20921
43504
6340
38510
36622
44614
14718
51120
51569
42496
13501
17380
35679
42437
34813
46763
1165
26702
51136
47011
8616
4479
51413
36098
7151
4148
25842
47618
20441
42070
3951
15176
21498
33698
32672
30505
2090
32528
40349
38938
21808
36270
30163
17462
36095
39456
16406
25874
22743
43050
47330
37376
23112
16973
37169
2778
6301
10854
2082
1563
12601
37177
8471
3328
