47210
43401
30901
9658
17458
37204
26911
22491
35239
35426
50237
14737
23154
23360
2751
51472
26621
34464
15220
35247
30280
6492
7873
10441
40719
28857
1108
13083
31108
26169
36915
28766
14408
3552
3329
21854
29665
46659
12206
14472
43867
36169
8521
51680
49537
47715
25245
650
30607
28141
11692
21829
14458
50886
24195
5720
30334
28264
24833
39204
22615
34325
30126
44883
28673
38313
40907
25162
41061
40169
13185
20544
44540
11334
40843
21299
38996
39043
18661
19237
34104
15557
17758
46823
10198
26526
50859
11436
14
40227
10989
28041
32953
34172
21917
17224
42018
5964
51142
50220
50543
27795
29554
10187
44981
17303
4199
12608
3508
11514
9527
50914
10203
45882
34256
47535
2985
49574
43704
27919
34016
19400
39050
48245
25398
42152
25215
32926
19267
46095
20772
6495
39801
38354
13170
21984
49449
22788
8759
37457
16836
50569
23747
38720
20404
24125
50724
23257
41805
7751
48715
48378
43849
39339
16560
28739
34880
35952
22294
36313
14889
22134
41290
16673
38463
30997
25962
12804
21039
34991
23548
12734
33613
32869
27737
43631
20834
12295
25136
4128
4430
9346
45640
2124
10282
33713
9572
41809
27102
15658
37148
38851
28195
49040
5747
16312
32843
17253
11425
32150
17007
41636
1684
11293
19890
44341
21551
18949
28100
36872
28376
30208
21728
6779
4775
31109
34713
26300
21280
45815
38031
7595
23375
49845
16286
11936
24978
48403
40741
18365
8048
27183
31664
18533
29791
4242
12699
11182
4639
37921
49217
35972
41472
22462
40315
14400
51556
3354
3277
29525
16843
3697
28313
29670
39579
23881
51627
42088
30201
30416
28888
46085
15687
44403
51507
38758
6501
6481
26780
47436
20000
46947
13196
1560
39137
20789
22093
25769
4646
18816
27034
20316
11737
25326
15565
5811
29190
27554
36265
18800
39642
19518
32856
4896
13574
15871
28935
37031
12157
1144
10876
45150
23706
34895
1930
11549
20999
11222
15866
18056
4482
30699
10492
33352
12469
21980
35785
36336
8287
13928
31343
9275
5871
40510
25082
44024
3543
39081
5585
44737
15740
44120
37894
50368
48670
41621
37961
14336
14524
44381
1913
33050
27563
8531
50243
5920
40981
36256
38633
6714
1489
32451
42904
4324
18898
14675
34763
11639
13737
31981
5264
46564
24053
335
20289
28800
33839
18729
38904
34472
28317
33840
27658
43659
13538
49349
32181
3895
4099
44701
14190
36220
43825
24653
29310
10262
35575
24726
12225
43998
43503
38589
15421
2266
17025
5940
32341
31334
4551
49998
5864
31923
4650
28881
25073
6883
9953
46043
11890
45049
31690
48960
4021
41278
5892
36838
44416
27131
17705
31431
45675
8280
8497
30955
26922
31637
6347
22197
4529
41303
20535
18826
49360
26149
16529
32163
50713
37094
33758
22079
25347
43312
33089
26095
38909
48080
5366
44316
8412
45358
17818
18124
19335
13730
6238
37058
20967
51461
5729
33959
29042
36292
18470
49166
12270
42045
12573
49009
30593
35294
38416
9129
13746
38913
50866
9321
21053
45953
24114
27433
4533
14205
28284
1651
8197
12192
49793
48147
45036
35168
38755
32336
2144
33951
14516
42041
28048
26746
45703
14490
41646
4445
32675
40617
17905
48602
6466
80
26404
41833
44213
30520
17671
7909
40780
36914
41874
25377
22314
18386
43566
45804
44900
39407
20132
49350
44482
16873
12892
10013
37380
24169
33491
22384
8116
40680
976
35065
49754
27258
42262
39586
50736
16198
36056
35641
38430
26774
17754
17995
20190
27626
43079
14991
47232
41072
36799
8946
8328
29894
33472
50328
40427
28254
21023
16887
3211
7371
46615
16829
47603
19012
37294
3911
21287
20366
15496
1125
48658
31094
30949
24756
10330
18435
50130
18781
43036
46554
23873
4169
32712
42517
18512
8431
27569
42958
17924
5427
247
29826
32278
19759
43509
38198
42038
48350
12361
631
9472
28929
20191
38956
46053
30354
25530
20829
28158
42772
47971
20460
38604
32642
32998
1415
14433
21500
8365
29889
40886
11665
18655
6623
10339
15987
39781
494
6200
17597
50660
15510
27437
19350
23037
35111
7670
37628
668
37419
25272
10079
1322
41081
17451
29490
49741
25150
31511
8662
19369
8349
20546
33277
27909
44187
13533
36238
45338
39739
16947
36563
40031
5554
22179
3651
41119
7598
268
8565
23067
5290
16931
43072
4316
34191
27821
12235
43163
18427
29927
20258
14406
37615
35495
21550
32689
36949
12808
7157
42286
42975
10428
18847
6011
6396
30579
26194
22398
40684
44144
15813
32540
21027
10505
15811
50023
37534
41049
42634
18065
509
48632
43544
21254
2614
46885
12886
22313
31269
14270
17435
6923
44962
23510
46547
13338
42055
34770
26295
35857
32811
23903
7850
51357
45564
25321
25334
28078
50200
12129
30840
12682
32269
31732
44829
1686
8941
5379
18187
18763
29076
14204
19380
29820
18803
10755
12331
31261
32726
34899
25062
35727
41313
35637
42244
32407
18309
43219
23128
24626
39231
5104
33589
5340
42036
20770
8386
16703
6419
46107
9733
11329
22496
19848
8356
6295
44190
10588
43332
12558
41382
12165
46063
48000
45501
25068
16743
46893
13490
17362
3287
7665
22126
40401
37286
16164
39523
8967
45296
32648
28503
38577
37481
32514
23854
50302
14875
2892
12964
49006
5961
51527
37307
11837
3160
22576
7956
25953
45945
13480
20478
2210
43633
37765
3955
18314
42282
41732
7150
20505
42961
18078
18315
43381
39508
15552
44798
42914
43588
12624
2729
8422
8848
30703
39955
8989
20064
29692
48925
19074
29488
41401
5507
18276
9101
19546
4494
27651
2919
29965
6832
35921
25142
39056
17131
19843
26592
12458
50413
51016
37161
16105
33903
7730
35835
45440
14166
2798
43183
28322
47337
21517
14405
16092
26225
5672
210
48310
10528
3751
31506
8532
34626
15014
6758
46439
44246
717
38753
24237
25088
33553
37627
49223
20572
15249
35962
50412
16284
47789
48182
45466
33918
3162
28207
24736
11969
32571
20037
33994
18179
47550
21016
2589
22629
20484
30039
9825
42144
35640
30589
33492
18836
30564
24427
44227
1030
18785
1605
27159
44955
46551
31985
38549
47145
31514
17164
44869
19633
686
10841
34633
23159
27099
29048
5292
2621
6980
38586
46324
21343
5116
41891
31451
9591
41679
11108
17787
46302
15125
36378
19458
50352
28261
25151
17798
12930
42873
22135
50219
4923
50134
12309
13162
28277
7933
26008
23448
25382
5827
51649
44512
9869
27543
9344
7026
41836
28777
14570
11409
11057
39997
8025
17383
6467
28106
6703
46820
42091
28008
44889
39354
1925
11818
6196
39515
35200
9925
30625
12333
42788
40262
26673
12529
23981
28108
49321
40363
8933
11831
8317
38490
15126
24526
2122
6226
14905
29782
45964
41462
40558
25512
7864
23254
47761
18518
4616
33511
4408
41676
34147
24619
15814
30372
4876
39505
36957
30480
15461
28101
6416
40663
14981
18271
22226
18970
3738
17775
32319
135
22045
31182
15613
1593
5702
2495
41056
35568
40595
20129
29805
8391
3439
45461
48817
13741
33307
27244
16570
36471
47595
39360
22023
18597
26379
51215
23527
25617
35020
4076
18636
8314
29165
29571
13122
45441
45785
810
30384
37486
14553
22646
10985
44634
28303
21640
11761
13158
13365
48388
45192
12474
18023
21913
20193
44729
13018
22224
2264
46913
28193
34412
28655
35369
1294
16811
28493
2526
46322
20758
6695
33703
4295
13732
42076
33983
22065
28046
42358
7352
33796
11462
34781
222
1598
12007
14647
46316
25616
34116
26737
16787
41744
154
26430
39348
26214
38266
51170
33794
39685
49430
44730
20720
43735
37592
11266
15906
23658
7881
38213
7075
22160
43445
30186
3993
3892
12504
36744
18209
37950
36472
27458
42130
12420
33360
9090
7241
28433
2854
27283
8236
31174
5948
41778
30696
45728
33998
22257
23285
10399
15299
24342
5624
12077
43349
28184
30274
15535
32212
36082
30956
39453
6950
13011
25779
39937
32961
30229
6056
26075
23565
7047
1165
7654
49151
7042
47199
30920
45733
23562
12691
12414
30436
29608
21935
43584
5525
12578
5960
18931
43345
28323
45154
817
6959
32233
39861
2320
21055
23832
28423
40837
46656
1159
40930
34046
25729
17511
35183
44415
47081
25104
32172
31670
4318
3523
5900
9095
14317
50171
50876
30147
11132
16150
5165
28246
36125
19748
48649
5269
27961
24153
11852
39871
16625
29819
21436
12971
16281
13697
29074
29874
39773
35819
10024
41599
2352
33188
16005
32294
34236
18234
16002
41634
24219
25772
1121
2402
808
28830
45351
14062
48989
8827
12980
16749
29968
27236
14095
24372
29461
46837
27076
43007
33473
27852
14630
37548
50884
3980
22419
30474
30178
37967
12951
45290
15192
43626
43819
17221
25702
3754
31557
31935
44421
28912
40615
33
36944
16208
49317
7892
16115
220
4274
2263
35186
48118
48970
5454
30753
5156
11238
19844
9360
3038
16026
21234
48414
39032
144
26660
24859
37840
37656
36230
3179
42937
4680
48476
32596
24494
38170
7594
16806
34215
38983
35659
31298
14594
51189
18303
19515
38800
11909
6486
14913
40156
29485
18224
35865
8402
46055
31342
43240
49711
2887
28587
41166
9927
32046
3228
20034
31989
21182
15117
44695
38838
48294
38790
14109
32318
25773
33552
44682
15227
18809
36713
36357
16048
22533
2406
9590
10239
24210
34330
34381
642
7981
51192
25891
10151
46104
9659
22131
45018
41432
25302
4922
32416
34671
18526
17644
39899
24462
3703
550
51157
48679
28599
47454
9351
37639
8562
43961
42610
41977
30563
14294
43320
28764
25977
50461
51658
7773
36967
25902
39705
12320
12543
11407
34419
38533
19847
51014
15111
44256
29366
18034
3107
26368
17213
40990
11285
13359
6797
40107
22999
31476
22329
8636
42075
20982
22338
26269
38949
16358
4573
36003
30393
3630
37099
4637
36058
50436
24546
2804
44456
33215
37831
5583
617
33821
40371
40174
38393
41470
14747
24139
36882
40252
29152
19517
37228
40795
25874
1832
39288
6080
44691
3974
36005
13835
3782
10152
15924
21246
9819
18009
10945
19342
4798
1880
22243
44353
34787
4257
27278
18353
6651
24973
29558
49823
17889
18426
30766
12386
43803
4271
40370
20379
4170
17680
32871
11048
29131
12811
45378
19367
23104
34177
40271
43115
4767
46995
32572
3857
30557
44000
31954
17357
17
10107
48160
5354
37150
18437
7230
16999
9731
7387
196
24972
49192
47723
6499
24023
34318
20326
22440
16089
3356
27000
50201
26736
697
24298
15250
7135
8640
7243
6867
12936
23592
22203
38355
42396
28353
49063
37899
17892
40320
49525
17875
22815
2299
41099
29907
22832
47666
46740
19264
38744
37416
47959
3666
22360
46594
45935
12468
7363
16668
10479
1578
45243
9368
48982
23580
44420
36750
33688
9550
7605
16861
20679
42203
8912
2438
46549
14764
6809
40959
34698
48583
50140
24952
42382
39589
10828
7275
49836
15149
47147
41847
51506
19993
26908
33323
38844
30347
28820
22347
47218
50297
4400
20996
20160
39847
24229
49994
36845
35853
32021
44858
43313
12897
47476
47277
42089
33176
18035
20124
39214
24319
7459
15972
49542
3481
33275
16744
15597
1606
4207
42513
39299
47418
38701
45579
15319
7361
38873
23474
16509
24077
47611
31897
9386
13262
23894
41213
1952
24559
46226
33160
32388
25336
8709
32206
45124
47852
49173
50254
30672
4350
39363
10597
14769
13433
27609
36476
20655
46234
15913
22011
1758
25914
33654
33246
36984
28859
17509
29201
1366
33639
34747
4743
8651
39428
49532
27754
16835
24565
7829
24965
760
5483
48521
15800
43730
15665
20617
8379
35935
41842
10509
25899
29758
29734
47228
17216
30091
40700
18549
50682
1087
8338
4633
16193
4233
10501
23586
13734
7449
33739
51220
23597
44736
48904
28324
47162
6825
31403
27635
36621
5506
46787
10817
4357
44612
42090
21127
43988
36271
821
19845
25550
35033
37946
10267
9948
12681
30603
42548
18749
1303
10999
5265
46029
21914
14511
21505
38422
7270
33351
26477
36045
19698
5831
25160
10012
4085
31595
40508
45627
31936
12748
17330
21738
35912
28327
13271
10358
48161
27074
14438
17375
1983
2155
40770
11091
2135
42609
14795
22982
15690
33448
10766
24996
38015
11524
49685
15382
31824
21206
11490
39730
31953
27544
8821
42720
50987
4552
29043
44118
33949
47151
33075
4296
42675
42722
20948
6680
48542
7199
14856
22685
29767
32140
26213
25196
29804
46273
38107
46368
29668
7365
8875
50835
17759
23361
45249
10981
1565
36566
27009
39692
30004
47756
40524
48473
22925
38803
16280
6532
39823
20760
51129
12316
24476
21752
6131
28509
23926
37358
33846
6694
6153
48780
31053
19576
6630
11935
24529
24787
41381
3469
31656
34603
18146
33166
