35560
14144
534
23304
22107
9301
51577
36555
41960
13197
36170
10148
39225
47310
39521
42917
3443
31804
41581
5592
13844
28714
7823
50125
45079
48474
25103
46481
1240
17606
6953
10156
27920
7818
9747
7031
35598
4337
43125
22703
14163
3362
25110
30439
46182
41893
26654
36010
11575
4859
19485
5190
28233
31433
38736
36317
47923
33146
15710
3484
26713
23878
9142
33070
33116
15594
36351
13429
19658
6934
26057
7077
11671
25737
18305
4043
35432
30530
41703
49024
25274
41921
34939
39956
39101
25997
7194
40695
27657
7168
30608
28292
33018
13268
18703
9912
46533
13805
5866
12878
44837
46791
9687
27280
21908
5297
29999
25129
19835
29924
19708
28235
38001
38402
5918
27675
33842
2012
43878
21850
50984
20399
44605
15374
8208
47303
83
11234
32182
33543
21221
13281
32910
32184
41244
33680
46640
32786
51032
43278
18409
48140
49269
18662
24581
9729
31635
30070
46796
48864
43613
27545
20722
17174
40456
9752
10353
35423
48308
33439
24889
29304
23718
36968
7992
38634
27328
47340
28826
32062
5317
39543
19366
19602
4627
23568
20876
23688
32889
40669
7247
306
17795
38109
6122
1554
41895
11545
45470
22942
26342
40628
48037
19072
18850
26305
32710
35339
49276
22387
43013
3076
46847
2179
44785
25055
21978
12585
37388
29360
40366
4253
40233
15129
13787
42682
33883
44840
40373
10459
5839
51055
18945
11927
18504
7496
33838
22622
14736
39419
32396
27216
7284
42186
48059
3359
12832
40253
51669
50807
34512
14373
31316
35363
14390
22090
15718
17704
19910
44191
45905
11413
15625
21138
24384
18059
31322
27641
40037
23041
44617
39973
1907
43536
39814
46125
36341
2238
27087
35756
12424
27773
37487
21193
16672
12615
27944
47751
32845
23113
35933
39180
46923
30237
38248
8910
31420
9089
32169
11762
318
14388
27405
41834
43853
38286
24621
20077
35433
36950
37483
48512
27142
32893
34876
8347
18671
21134
28149
7448
46543
47371
30084
7364
3200
49004
25738
39175
38897
787
33403
43254
2722
9614
37698
29177
8055
13821
11307
4269
41909
26958
39836
20830
29844
35016
6470
18045
16658
36493
33861
5390
7475
44901
19025
18111
4778
25474
2414
4118
22001
37735
8220
2482
37568
24050
47980
8996
26938
24683
22990
4968
45892
50678
26447
42427
34498
45618
9872
25462
20692
29729
38169
25936
7214
6448
4809
34641
18677
8309
42582
48917
46816
6546
12813
33382
102
8306
19695
746
27864
50223
40197
50899
7584
364
25875
22280
50631
32365
7170
41575
2246
8066
19032
48471
42451
24648
20507
22008
44030
37189
25230
13625
33788
13656
27430
22323
49237
23884
4723
45471
3764
33890
2657
31025
8336
24084
6194
28542
16884
21162
33672
45813
5944
48070
38999
4137
18400
16960
28804
33727
8295
20648
32673
24769
13408
31125
23490
4421
20576
33353
40899
4288
35344
48451
43069
25601
41527
26148
51147
18145
8195
9993
44046
12217
12907
19005
30695
24750
23279
101
39451
16815
23526
40835
30198
8018
28192
29587
13853
51341
14883
34900
27161
33785
2983
43542
6100
18561
44196
42916
31796
7650
40338
33567
18894
43070
38616
47668
51631
37192
24770
16316
25589
32051
27204
38199
40019
42368
35607
29849
40581
28878
40721
5252
33656
48244
11129
34999
24087
2389
23734
9082
36833
21355
37069
23700
4307
20076
31867
46314
20022
9702
7191
24302
48246
4268
6897
27017
3232
5088
3242
30736
13547
35800
29077
25053
41205
6463
18198
11584
1021
34830
16976
20654
39990
32736
39309
48319
5623
18946
44879
4598
3108
11859
32219
48622
25604
12889
11755
12274
19938
10323
29483
46758
10918
49849
33770
28118
30156
41693
44003
47321
13708
25173
784
33815
34212
17033
11045
47019
39699
15053
35624
8864
11067
2982
49442
29946
5403
3863
6087
12548
46967
2290
29860
1794
41844
8221
24755
45040
26944
30466
23175
26623
40910
5590
35535
17220
2027
9066
5138
48848
12450
8113
24152
37407
34651
51210
48313
28262
19130
313
15669
50318
26051
49718
45044
20864
25559
50371
3636
12535
37342
9439
28997
13421
44797
18092
45636
27837
40844
43707
24244
18738
48850
49441
1702
27695
40817
18819
48752
14688
227
13838
337
36440
9529
12454
4835
17809
22451
24117
22862
17324
43098
30431
28500
30737
13593
20138
41940
21391
31020
4702
4037
48222
18815
17797
24536
28243
47605
34862
39500
48069
39212
51046
32393
39365
13509
23637
17117
2302
18665
13115
21661
15500
23076
50536
6191
38366
48207
22762
39287
27459
1300
12982
13887
41233
15692
44082
153
15761
32487
20620
34531
3942
37322
12793
19311
28603
7517
20872
33812
20714
33177
18493
28486
3158
18503
16628
18874
20226
34286
31355
26527
17658
4353
42194
33228
15285
50476
17651
1610
496
8922
11826
16097
37827
8369
29443
36393
8680
5397
38948
43132
12600
24622
27578
23536
9354
4527
20158
24865
49281
549
23366
26636
24784
48709
13066
45968
12408
34315
44595
17655
49899
31458
25083
9286
1389
16345
12627
4450
32397
12596
31134
13839
9483
16340
41186
4121
18828
26248
1899
44877
39850
486
11386
32110
46312
49362
33231
16705
51156
21749
41919
34258
35113
15638
46954
31632
46774
6882
18022
35383
2288
1683
21994
19713
10737
17348
26433
16789
43844
51431
35770
37722
50849
26800
5755
51063
32913
22734
27109
3245
703
39936
14920
30992
48575
26877
20207
36279
17645
2117
1455
22413
20717
18286
27160
13284
5369
32034
29291
40934
28590
34480
9392
34949
11592
1446
16227
51248
26951
34943
35713
32918
49037
10711
1282
11155
43604
6935
24175
8983
42826
48894
28019
11198
8169
7963
20755
38193
1155
32981
1182
42923
43186
836
49551
7546
50417
4754
17642
36810
30259
23259
13017
8657
51535
26976
14812
7327
7888
4419
5601
8809
4720
10456
45052
41094
23183
48637
34983
36083
2472
17196
37222
4321
13355
733
40079
45624
9246
14431
23291
36052
8776
38664
29345
14941
29174
35188
11962
38046
31700
45326
43364
15377
34220
19213
39638
49832
44980
21071
33554
9162
10041
8150
9904
46159
15247
10631
17176
38584
23188
35043
9642
45285
41898
48624
44500
15264
7866
2231
45229
32897
42679
40650
20013
9437
48642
33811
3281
140
46446
14326
18859
41167
49031
49939
21386
40485
38219
31314
36031
48633
41604
30756
5298
23944
33767
38445
7332
25008
45118
23739
41754
42378
41414
44397
33266
24131
15021
24671
186
23711
14392
32923
35326
47537
37714
22804
27205
37651
21274
36795
14180
33851
6240
51659
45218
10491
15052
20594
12054
50858
37459
38914
36769
19029
43747
15645
11051
8803
31490
20520
50095
7939
7253
29701
33207
38734
1227
4666
5048
42415
35377
44429
35454
45540
38368
33869
11564
9962
42014
50471
17958
8597
27576
47323
43830
20390
34562
33279
48712
8084
40464
10526
14105
44135
41161
26173
3712
35622
45734
27816
24601
10325
29720
38770
20459
45332
24664
8036
25789
41738
18299
17014
15679
28570
25841
13047
45125
9913
33779
12688
51131
51602
48427
16431
22410
30492
38640
14945
12721
16025
9772
33410
12905
31667
29392
41835
24654
28064
45689
18057
47336
252
36021
20643
48837
29556
37650
32984
10925
5641
10986
15431
3999
47379
4423
26487
7040
28069
36504
41156
12001
35478
45596
26864
4106
29861
21595
23780
26414
44112
36724
20137
18002
8325
39901
39296
25168
42709
5258
28276
43191
36739
13789
31340
22383
12911
43781
34873
37402
18999
41157
35592
34850
25395
31227
46895
34311
24876
19174
47948
39270
17422
21236
32083
29764
24885
29001
7020
34226
41292
45333
42526
21437
14781
46143
17732
44382
20125
8450
36413
4185
30556
34272
32424
6439
20090
33954
7142
23123
28180
791
39546
15195
7330
1374
26745
39409
30944
4977
9330
51450
42765
38053
25152
42911
39822
20475
9382
22508
9900
38408
1138
33836
11632
43533
13988
33594
23983
10838
20765
2033
44183
49739
35096
36130
7117
50230
16737
51303
7305
20539
44498
8661
21940
38912
47895
50619
18780
17576
15764
7506
8007
48136
43966
48410
23414
22654
8103
16188
32384
12390
1937
31220
36334
41862
26358
1463
22651
5443
8444
5970
32246
51345
15746
19592
39497
50044
47017
27764
21122
50630
5281
19319
5740
5036
6558
49682
39023
10507
27557
25134
21930
48169
47422
23581
25866
12384
50662
602
51110
34753
12870
50622
6824
50684
21195
17190
35703
48154
41126
18077
41800
50730
28386
22911
42872
16972
9320
39291
8510
21771
12851
9720
33205
12168
18126
12806
13394
34794
45165
42671
24825
49150
46074
21857
10878
20286
7779
19856
27
28889
32979
41171
9867
38032
40642
27680
39016
47180
33222
39135
16870
6881
24478
23545
36675
3137
14621
17096
12158
33522
26962
43402
19199
14442
30206
2976
44842
17751
51119
15603
49155
7686
33219
26785
34719
11466
21153
8619
42659
16797
43415
12231
17830
7723
40232
18210
16128
22713
30444
49692
32338
45047
28047
24767
51155
42471
14919
21155
4345
9018
40805
6766
42949
47926
44693
49000
49565
33777
37753
16513
16298
27700
1662
31115
16209
22807
22200
25654
2764
6228
11939
26006
7683
50014
18061
7491
1166
15071
24988
13261
2860
18328
19780
51648
40222
7340
32512
32686
41910
24033
43392
42706
42577
50906
47818
27499
17232
29842
17073
2508
9652
6075
43922
7812
15065
11720
38306
18204
22623
21843
18487
8787
7024
27316
17679
37017
30684
32822
23040
49232
17168
3559
1420
9514
40762
32997
25857
37783
26584
18399
22745
7735
30479
36059
28068
21125
19376
11275
12735
26781
32831
9626
3282
51241
9025
19015
8774
45488
43378
6856
44332
44863
46598
32174
35711
44867
5992
28440
13395
27616
16389
13596
31092
17057
26481
11980
25491
4852
26090
26699
13707
28665
37643
796
48731
10235
35164
13511
28524
8458
15069
43845
28436
23117
26994
8659
5783
50932
6836
5753
44450
8745
14007
39796
16760
30730
10194
40234
22195
2243
42533
27054
47064
15140
20697
50204
31146
22861
50028
25829
34967
37608
30195
21837
13929
13720
29211
40259
40834
47832
20047
2017
6497
43841
2895
45578
45821
32943
41141
38459
14855
40490
3247
5926
10480
29922
38930
33751
43691
26055
32210
49990
24204
29352
24341
5725
45319
28389
17317
50399
28236
16863
40500
9220
39734
11267
38637
6113
36807
45672
14796
3593
31657
43229
25451
49353
25166
17107
45430
4177
13682
45069
24172
17528
41875
13142
18086
10914
1947
17218
15413
50424
41598
31288
29067
26204
33871
48594
23715
5067
40765
31023
8484
30490
35127
13792
16195
31363
34600
7329
14792
32801
26897
31776
32027
10435
812
45547
21548
47128
45955
16917
45389
30136
22077
3150
14972
11919
44137
15091
5008
45248
37110
25135
29768
38353
19505
45143
51223
6828
20732
50009
43095
19683
8462
44315
26218
13706
29515
17676
23059
26019
6039
41021
38932
33096
41082
39292
2024
42346
20106
25184
8872
3166
18864
39838
31040
921
6229
5996
13419
36189
11840
15490
20975
13234
34110
36465
8271
22892
45086
29101
27435
10549
14757
27428
43808
45050
3560
17831
23016
39332
13076
5792
34300
44732
27162
43220
33937
32816
29985
50094
4972
36114
2460
3772
2329
13769
19448
42115
20888
1730
22414
26838
36548
29961
45906
36429
26216
16654
4246
1561
25886
9050
50643
35836
24562
49043
5200
38522
20362
32861
51375
13366
33513
39974
10252
25750
32381
31695
30521
27703
42031
5053
1072
11956
1533
51476
9259
8766
29551
25413
45144
22776
36959
6974
34563
17047
36531
30984
16329
18218
6029
20995
33258
34709
30496
23223
41803
18507
377
50442
18368
8216
5905
36247
16951
39481
45277
4338
21008
2846
35441
30150
19872
35371
13378
19554
6861
1823
4507
690
8600
17438
49884
9999
6014
10173
48189
44991
20117
50681
49776
38706
11022
47327
26142
10774
40255
30626
35897
1973
10635
32482
32041
44369
39952
42573
50538
20428
7810
22266
29862
39082
19166
47613
23636
4004
23928
37479
47972
3922
21775
18672
41088
50349
5598
2586
24144
44710
49715
27011
26726
49528
4232
51038
37427
11997
6967
38611
29936
50108
30454
802
6806
16724
48267
49523
254
23938
12516
51579
41520
29013
20696
366
2552
8746
42579
11215
28807
20937
28179
39623
23140
48354
18571
822
12967
12171
19674
34555
18028
13046
570
46528
30473
22464
44570
47889
31305
26617
49112
12470
27213
27993
28398
12194
38849
39793
554
32611
48009
46027
14867
36985
38290
44874
49049
17941
36989
26230
42754
9028
48990
26748
45835
20082
15007
1469
14700
47411
46264
21597
8294
5762
37364
17697
2409
12519
47191
46515
13093
37301
45350
34408
24424
31408
37602
46496
41729
191
25311
39815
36420
35316
5010
33453
18646
43854
26631
23766
18755
8958
15543
37996
5511
2254
17834
1474
30893
1646
31456
11769
12784
13918
666
14174
41194
39711
48358
41606
43582
37174
28976
44290
24015
23489
1373
50915
1826
12006
34352
13294
8258
3300
31071
28914
18439
28057
37543
39010
41550
11059
31819
19718
44751
34222
2375
49091
33305
31453
49853
47633
15237
27096
38903
11229
20983
16422
47692
18160
29814
49164
24014
47703
45090
36900
27669
202
25098
10466
3248
25835
30481
37740
34137
29208
28842
1380
27643
24866
17085
6431
19935
26851
5929
29065
14649
20935
39626
26665
30042
13723
14506
38451
6852
35480
36708
51334
24642
37323
42566
22389
44903
47615
13903
21368
47010
49480
15885
45063
45121
13760
10280
49925
43935
30566
5544
27208
262
50072
6218
48985
15793
51218
30109
34832
28908
779
9255
51268
1669
48556
38240
2446
27382
24858
10758
16383
47213
41994
7728
4907
24550
35457
13364
3592
3678
43821
2453
1615
35248
904
34682
49922
31507
49277
5699
36384
49928
25562
49930
26251
26187
24949
51172
22846
32683
26341
4332
12143
18122
19134
9905
15922
51532
50080
11972
825
29530
15843
50288
39038
19960
4031
14074
35771
43776
45315
36602
21862
9516
42913
44174
28946
26502
45958
17126
28947
15108
46060
5440
25432
8591
49731
51533
47787
50002
34132
36283
36611
23564
51197
28293
40171
20740
18313
37311
47686
5539
31238
46109
13912
30065
16368
15040
45536
9583
37706
17965
15766
9116
21426
12056
43448
42354
37805
37807
23237
21525
4131
11055
31892
48612
50916
3842
21435
13182
45048
39475
29813
5150
18048
19016
42423
10716
16637
4665
25892
51191
51034
9061
46067
24558
1827
28326
10409
33735
25706
48424
3045
4218
49453
708
32526
48176
39284
27784
14273
43526
27062
11560
17004
1358
21477
24746
38150
45468
24320
41201
1790
12649
40453
33587
21745
8696
39397
20327
10022
24107
46424
11106
41673
25286
41481
6446
7367
24776
17810
35036
44918
31837
11412
32759
3491
14066
47498
5683
27746
15999
37009
37895
11041
9389
32693
15336
30529
24025
22044
9124
14439
11910
11906
24704
27471
22928
22593
35115
17400
6940
9230
21378
7911
51678
15515
11200
32940
19689
19950
50400
1708
40378
13414
39710
41642
43758
40419
26343
37842
7682
24013
27152
40104
25112
40266
12704
17298
7523
33709
32433
11370
39246
17826
46135
20787
36586
40644
29706
30602
15538
42048
39124
31283
16056
13114
22824
14278
11356
7342
51060
42791
38269
44855
25940
13175
26866
18752
27659
6177
17462
8981
1984
7835
47933
35122
17822
21473
21258
32175
15086
4070
31410
25436
30101
37190
23908
45087
37959
41532
32237
44846
31974
11732
51604
27465
48436
30910
43558
51666
41657
4973
25575
34217
19782
44641
47557
7589
18977
47222
17048
38217
46721
3296
16618
32151
41232
45653
46004
7521
20649
43624
24215
2997
21249
33862
10249
25915
16557
7112
15027
3262
49898
14240
9621
1244
2731
4787
30500
19288
47425
48724
48492
7326
25482
50235
19781
25775
12167
31823
15944
10419
44533
31709
33577
14447
10561
13101
36918
20632
51407
46156
46763
8209
46250
9985
22887
40147
26466
32670
14467
25494
33702
47002
26552
35163
27661
14005
15757
22592
45915
18272
12861
9485
2401
46180
46469
48201
45769
27440
37080
21054
2801
7451
22544
27686
12938
50157
3959
1585
42965
49762
23481
20044
12110
6600
46575
14212
10757
29649
16376
50820
30105
50480
23704
856
1399
50864
19912
40560
954
12487
13349
45842
42793
34460
7501
47306
51456
43361
14716
45421
2094
43178
34971
32750
41125
4365
9283
12119
43293
24612
49536
41497
20004
10675
33649
9349
50846
2268
22086
24019
49098
29216
42125
50338
49325
29855
12280
39237
29447
18618
44044
858
15705
4203
14266
10482
19408
2494
25388
42357
28043
21999
461
43873
50514
4799
22058
21563
42025
44116
40987
5215
7445
39558
26905
5177
10885
16120
11679
14017
47737
1525
44034
17879
2262
20473
2617
21470
31153
3120
18307
35724
43033
39283
30801
6185
17593
23350
1105
39403
7271
33125
12560
45575
10121
15943
30611
43279
40744
48972
25149
11811
23787
45523
15150
41908
1259
15610
747
47530
20672
12739
12200
50717
33324
4600
47726
47063
15428
45744
17746
40637
21677
21666
51447
36152
3343
47028
26663
4761
16249
4830
10385
841
12172
36356
48827
342
168
40920
35850
3457
27310
35461
26186
43870
33980
13588
30386
46329
10912
41238
8406
37410
35202
50605
3026
13641
35005
36062
31319
28128
32334
12040
26410
36147
14702
17624
14200
9771
22173
32591
14714
37172
48614
11535
12113
20164
40367
42309
4029
4818
12094
17725
46502
15650
43688
17128
6996
49496
48108
27170
22842
36223
3870
25093
48463
5611
7513
44802
30547
41529
33606
20166
30166
11178
22587
12899
7703
38337
33754
6108
7961
16948
47871
19201
43376
13933
50587
36955
22858
50545
25428
36997
32485
47706
42510
21763
18609
19386
24576
39247
20355
38530
3442
27725
49771
6513
29157
31698
45099
22625
2462
36297
13084
8539
13314
2709
48997
40661
14943
13991
4036
24540
21420
10042
49748
33568
20006
44630
26653
20113
37665
43014
22964
1731
7854
14651
15404
27673
35988
39780
40633
36928
35048
39439
44825
6456
23260
50673
539
743
12052
5244
32880
21684
29913
6257
22695
4626
3585
13833
7719
50104
35810
10995
47644
49097
10863
12921
6300
40925
22142
24609
27798
33923
74
50666
6919
39976
3536
9291
44905
7244
383
27179
37284
19053
7016
27001
35907
12325
2332
17997
3645
19893
41851
47912
15794
9126
29886
23577
11804
23131
35899
48258
3269
31866
327
3350
46921
16465
37305
17699
39456
28060
8856
51381
43991
18560
37925
38564
51426
51022
10251
13317
27177
15587
31002
3246
33774
44463
27214
17295
33906
34080
30258
37408
20811
13683
44538
35263
18001
14277
28504
19928
38299
45720
24937
37696
8944
41357
923
23567
32858
43423
27277
10752
23125
31026
16354
13059
32767
2694
44921
24881
11696
34757
3896
24274
17280
9404
10531
12862
49023
33210
45309
16494
35686
36679
9870
48669
34153
47104
1007
24030
38446
43182
7800
34741
27481
26628
10094
10488
45765
3025
21874
18712
6808
632
48728
9666
17761
37370
42979
7005
35041
3981
44025
17659
33743
26760
50962
29853
22317
46751
31793
15841
10279
24631
19749
25888
39622
45075
3711
1842
32956
36304
11301
43951
7948
38510
13516
7347
16421
47101
23840
19880
14265
25845
9303
32010
1045
13336
8920
20599
41408
37153
11959
41784
10082
44472
39668
23042
22012
1386
3451
40304
39860
46032
4946
38797
9746
2839
16234
35772
45205
21056
20889
12201
41605
7032
49579
44130
4945
2954
10906
12768
8248
16552
13464
26424
12288
14631
24851
51238
1132
970
29912
3144
39935
40804
33909
37496
36585
30527
44662
19570
8904
41507
40193
41193
44756
34987
42938
22531
18068
16707
9805
34488
28355
38756
50266
32852
50032
38160
39268
31107
8631
3380
3888
47753
24539
39364
36040
39352
45162
39574
20592
15785
22620
37344
40755
7419
37982
40125
48420
30232
36193
646
19648
49655
1793
29353
37979
47794
27292
32398
48879
7073
7462
21784
1492
25028
6314
2825
51205
3934
45590
4844
16778
10260
26001
19390
45106
10896
45322
7337
22213
49199
8744
27330
19826
31044
14527
48448
20871
45499
3506
41647
34588
46295
14507
13573
298
27637
1260
36728
18211
39636
18451
47782
26790
45537
10871
16052
30138
33083
33282
32228
10454
31378
16740
882
23145
35147
43621
683
16538
36622
34932
2637
28699
39129
20711
34596
33736
12203
15463
4925
46990
31467
10231
30095
32141
5994
2388
12369
47097
19596
15183
14938
13967
25507
8734
22690
38723
25297
22469
40101
47391
38850
10450
3241
2981
45266
33769
9132
45208
31726
43864
20268
16266
18723
46400
51434
30837
36404
7231
49292
2755
22156
38158
15698
695
42338
24395
16520
11698
7334
41568
37047
11853
47760
8945
21948
51085
10904
44105
26268
27857
4602
33619
14763
4498
10910
45283
39004
34025
28061
43857
23239
28360
38385
28328
31745
33614
10457
11991
8360
11166
29391
35233
17339
25126
9902
38036
30295
48558
5452
27454
21285
26418
45158
45156
20587
7538
20424
41930
26074
37944
13409
2379
50523
17521
41741
30570
9815
49736
15946
45114
40598
22262
38750
50762
23354
42784
21596
49977
29054
15882
43746
22566
39989
40814
24281
37614
32484
34591
13535
1884
19496
1409
47727
21247
42449
21144
26091
32160
16391
14774
36305
13436
17739
44503
40547
42479
42167
18119
18658
29052
2565
11717
31297
16204
42228
37373
40654
29288
46607
7380
40545
46961
16914
48566
7286
44510
47299
41734
25193
20377
24482
15935
37216
25294
37500
31135
46854
29033
12642
32314
48978
48282
37745
7055
34695
46089
3035
45446
35811
50295
30366
2824
37049
44368
2615
41718
30831
47600
9417
18438
34884
8005
17585
49172
48685
7317
11154
30207
38222
32588
16882
9209
40679
11752
43011
26478
22466
32315
22240
44462
38116
17538
7195
30996
24446
41455
13891
35508
21740
30002
47593
14932
40779
49654
45479
12829
22342
35517
31710
23286
11765
15673
43131
12400
16780
19534
2391
22836
26773
32654
27606
10615
33474
21612
47373
24940
26349
23492
48964
21498
27154
25613
193
1856
46982
21946
6794
20200
26312
19114
50838
9199
23327
32713
33721
19734
46140
30083
46223
23238
7640
27086
45439
44537
6584
30887
7871
45930
21575
15423
15842
34169
49036
28784
44663
44830
47607
32542
42838
9874
1100
42989
5207
14787
47326
6092
39596
21504
4614
12053
50767
11015
37250
28651
44411
36987
9713
32120
20497
11988
4621
42726
46471
24326
42951
46795
37675
2100
45353
41471
35449
49288
4362
17404
48284
39088
47561
12421
50205
21240
7775
26393
19270
24
14678
32039
8515
33288
12303
42200
9553
5095
47773
50612
45180
23330
22374
36174
17843
49300
26024
22704
42871
33339
8164
29031
18076
31807
13612
34744
37034
20087
41752
25391
42603
34135
10647
30503
51154
39841
28206
37583
42373
51338
24968
6644
51394
18720
34199
9517
39313
38295
34516
43887
20537
4869
2138
6321
36819
35158
40992
29795
2071
24571
20694
30225
20909
16851
42356
11464
11680
22639
50842
19962
38391
5855
24209
12455
45295
4089
44839
37522
51662
22674
36190
48757
24016
40674
40260
15931
34481
36109
32711
9407
41513
47347
1403
45716
37171
38292
46821
7848
43710
19816
49477
13344
30072
33388
13757
27846
22993
33878
51181
34418
47168
48623
18971
9705
33398
37594
6477
41030
28349
37137
16840
19203
38539
30410
26700
14076
11934
33400
42889
48549
2794
28403
11268
16136
11604
10185
44139
36451
17015
41881
44304
6559
179
5736
29460
42620
8123
25234
50746
40244
19861
19615
43731
13193
29477
23537
20436
47873
34113
30726
9331
35645
7180
48101
47866
13368
8765
9716
51513
18735
7251
10149
45760
38554
39669
8571
19388
37102
8415
7145
905
32015
23075
38760
28017
40484
26209
48171
51182
20680
46026
50038
12372
7813
43029
1728
32489
6849
17788
44208
41774
12852
49910
23185
34275
27324
47960
25214
22133
29096
8557
37683
30437
41927
24639
13078
17957
14581
5781
1407
36790
26622
24057
21203
25981
8721
37432
31616
47209
47684
3886
21213
8030
13402
14112
44577
23253
1037
51538
43467
17690
10052
24849
39677
25373
22763
34433
3298
50532
15852
47047
7747
2671
17442
23606
41867
8569
14071
37303
27627
24659
10582
37456
49064
27841
46321
48357
38185
5085
43051
35882
13604
5635
38494
7154
2840
9490
23081
45237
932
38151
27724
9544
43888
12159
32678
27620
26891
27774
4196
12373
32825
29824
27721
51557
16955
44811
50024
11772
13592
4111
47531
3124
34345
11027
29147
49605
4840
6636
41085
45364
42946
47486
15182
34684
15861
5558
5331
5790
42803
51686
26191
13554
51584
7193
46522
5154
4493
2585
41500
37315
31177
49425
20747
17506
8647
35547
20793
22268
21824
12625
40478
23445
40516
38809
45826
19452
7639
34624
23434
13856
24456
34616
11212
206
34417
2107
32994
18354
21515
2119
1658
12825
7060
27309
4139
1599
48211
2756
21679
31722
16730
19216
36481
21734
11810
7309
11494
18255
16338
13315
42725
7700
5732
10204
42601
35738
11608
8009
49807
36770
24641
280
37325
44688
28579
7651
30694
18778
30321
16282
39103
13297
44604
41558
23941
42193
40296
7159
49056
41915
32071
48744
29555
17571
17294
42593
31856
4227
32694
10225
6748
13823
13562
34347
44678
31752
1550
3961
41461
50878
42464
24781
39276
23560
31899
16218
11203
10253
45952
37425
50414
47341
51026
44775
3719
44328
16260
32250
13862
9375
4487
38280
41517
50079
44169
46973
38414
25994
10053
8654
20897
38465
12956
21736
32291
23497
44085
26409
16156
23496
3131
11184
12562
24720
27036
16614
37990
18081
13740
48067
19412
11073
15288
16732
48680
10328
49592
38071
21560
40689
42230
6339
4935
11744
31241
4033
2753
20058
40329
51001
27598
44279
21879
35740
38075
11710
353
19156
7816
10619
6877
5977
46311
42470
3627
43693
13440
20933
42627
8581
24402
39882
44949
2503
28144
17926
46541
15077
41839
37957
6839
12636
12230
19370
43862
3706
42933
45416
19306
11901
7960
5828
17238
44569
21460
15272
50549
1767
11705
28098
38048
12863
47576
41134
22963
49557
8231
50912
29068
19196
26203
13111
31113
40562
11010
29231
559
15045
22378
35831
3388
23869
46805
10875
22979
10444
36342
51712
21884
42397
24718
19618
2897
16072
29929
5422
4578
693
16555
3178
51620
30734
18933
28494
41588
21574
39512
44580
46217
272
42098
44884
20332
26768
8072
2514
13290
8010
44093
17409
31572
50880
43779
10634
41069
27434
46685
5577
27548
5230
4630
14122
43289
11476
33761
18344
39138
47700
4812
46260
50577
15146
48645
30998
45220
2909
46625
7113
20103
16645
18689
45423
50653
12241
3876
28177
28089
30030
14323
41199
32170
38752
40772
35609
1924
41430
15949
19089
51462
19613
44769
49020
30788
34194
45922
47075
8080
50244
44543
40088
47004
3272
35090
50958
26775
41901
31749
7758
2870
49693
2001
40820
6015
35150
19561
36604
42978
28832
11776
37235
5412
49835
17082
32037
39896
32248
44313
16482
51677
8411
28412
43519
26860
8119
31734
22097
19352
46565
49216
29449
5461
6515
11331
13690
8021
41097
48673
49373
27215
42500
33271
5848
51611
48852
29036
26848
26018
49690
17320
20822
3253
12202
14753
13432
14551
44300
12130
27394
15769
48573
14384
25836
40030
855
27611
24846
38775
11150
28020
34002
24661
25910
24257
30516
31979
8952
2486
6982
35071
32308
6520
50499
70
47174
45320
9770
27391
48591
40157
37711
51692
37812
4735
21451
15694
1636
36246
16791
13053
21790
3237
21823
5342
28738
48275
5779
25643
11677
23296
26952
18937
6890
4297
20569
2877
17402
2377
35401
47954
19692
29496
38283
17772
43623
1193
45376
42499
47827
28864
35308
48252
544
6230
37733
17709
7904
26058
20642
26340
31753
36660
13033
8263
2664
48170
35088
33813
23997
39835
20645
13617
18355
781
36285
33249
11700
10811
2331
38348
6700
47834
4163
46215
21115
25267
8878
18794
13852
22454
19572
20956
21966
50528
27608
13247
17903
6746
23600
18861
7619
1268
24376
16184
36643
23665
1427
5204
3163
48107
3135
40518
24134
50621
34205
43726
20098
3274
21373
48938
1574
18728
23278
43271
39757
3106
37747
27803
6526
40144
40584
3470
7877
10342
8459
5746
44521
19645
1483
27203
7219
17884
27715
19105
16773
25742
33047
24082
20575
11359
27210
36027
34772
33644
29432
43656
44401
29080
14378
24623
42544
3404
35268
51271
22412
48760
15025
42480
33907
22822
6627
41579
17379
4752
10224
10931
33734
253
12360
10784
24142
36142
29800
25622
21893
21777
14047
38591
9012
25262
23187
21433
35739
19093
48412
4589
12472
1444
37448
9002
34863
43801
15991
43327
47819
20402
7952
30926
21799
28421
34846
14107
22118
8883
4132
51133
23225
34103
30573
41075
6784
24868
24962
3917
39442
16656
48888
35131
28624
17183
50541
3991
26272
45551
9767
31160
48232
15355
39674
50340
26709
7190
48063
2344
40958
5300
8701
4448
29904
14794
39678
17948
6518
1532
8583
39947
32469
47318
17863
48678
26614
49530
17427
30947
30211
21189
24216
15639
47022
17138
45864
34244
36996
39163
33786
40303
42241
21358
29004
6613
40134
16425
19200
35203
4559
13957
15275
37396
35725
39469
3448
21860
51356
1390
35358
3726
41361
7884
26887
13040
36207
25958
28962
12019
45436
10248
3034
23136
42046
31426
30555
2069
37983
36597
13055
43904
31106
40913
28705
16902
18052
18736
45695
17510
8579
50284
12700
32367
19301
26861
49701
49483
5981
9106
13694
30108
1587
1940
39846
47331
28045
51217
27185
12239
1306
2248
20805
36011
33879
10424
5712
1020
1110
26501
22933
11364
18099
39813
28104
36013
27990
34979
9817
41208
37337
42568
46916
33696
46735
35864
43068
25013
42158
44599
6937
33044
35187
14538
48146
17828
50504
35138
48527
27373
22445
25483
35797
35507
43009
17731
41204
34730
6305
17119
20452
24640
18181
25022
46396
45619
50507
45632
19383
907
18483
40032
574
21255
10798
21349
41597
37599
14055
14150
34355
4449
43129
38780
2470
17268
20248
5214
24995
31931
17080
6210
34807
10998
18878
14002
49100
7982
22837
27561
28097
29620
10356
32218
24847
13880
17050
36803
35895
36715
20568
34802
4950
41036
31058
40392
24589
2951
51297
50116
19315
33853
2018
32024
46477
18236
34409
36136
31812
24493
22863
50943
23233
8186
28854
17204
50642
13027
25988
31210
12620
9789
31781
29857
33953
8052
30879
34051
34837
31126
48836
9943
34225
13296
46672
11224
51511
21603
2518
22455
9939
17825
38231
42934
9327
16788
33355
6175
315
18724
32031
28569
5775
14360
9023
22499
14149
16178
30932
11707
26641
18367
41975
35093
33899
8413
49999
40403
32745
7689
14262
36133
18779
13019
11780
6902
43664
45715
49866
48891
23155
29825
45095
7036
22437
32841
14990
40492
36112
5481
41418
7446
50457
32450
26015
15243
43510
6550
44489
14466
7957
30713
7878
42661
4390
32157
35241
9258
44269
6655
31765
32983
30264
1963
40324
40397
12525
6009
41948
40345
26906
38215
39014
18565
7402
28928
3057
34395
47453
37720
19143
20782
40062
19272
34061
13005
28026
47237
42490
3973
19693
27472
47111
49869
23962
45129
4939
20534
12893
29454
7110
13687
28975
22137
16885
13980
30046
864
47840
40833
10938
47908
17059
31098
27332
3736
21133
44735
23271
44761
49251
23217
20713
6057
24823
12544
23220
51347
27388
48056
1111
37877
3294
37132
20380
21486
31460
36772
42520
12085
12359
26942
13469
21034
7505
6801
30249
10032
46583
6356
2454
49921
9887
15242
10004
30316
27288
14430
20702
6835
8692
2539
19108
34823
10789
30807
33107
50686
8830
22901
38264
2354
25076
17964
43438
30191
15142
12531
41195
