275407
412498
315530
153005
352658
372572
338033
203933
419270
328527
64080
261218
52659
76205
357907
113174
169823
287711
519178
342553
346847
298801
188506
220798
346124
186372
268919
184292
331190
146659
379658
373882
378724
189173
149762
152493
411609
56254
457718
531587
184657
406136
254900
340123
320496
395129
182503
321217
61492
27249
145653
487378
365794
5940
115042
522489
223092
71108
86054
262897
508365
57550
409644
452456
97392
44460
477167
257105
508220
419600
115683
489656
70513
481285
394238
39617
175121
135815
402440
381615
476579
105790
456394
532728
155732
31177
514338
223542
167189
29105
406080
181468
446010
439365
139007
75967
40103
33842
262765
277594
512234
214566
20621
321762
68995
197251
69227
355691
357363
441234
283778
111590
4921
330584
184282
494006
378262
440512
358481
87
7367
433934
353455
291876
9427
105962
116091
274691
138562
95912
75435
425013
110814
394269
15332
442683
402110
197831
225855
320537
483413
200475
43130
407910
186966
149863
76501
391504
524385
408502
381119
521248
62989
251160
383635
389805
515192
179015
116699
100498
263140
348051
413807
130430
475761
13629
184695
287321
445654
72804
178588
331021
108216
122352
242736
320225
474406
241529
453396
428851
86171
477898
462353
354679
398747
74031
60443
371403
467012
276887
291500
182263
489655
359943
88807
166609
394646
94986
500258
413
323629
266080
298770
397826
194901
188749
425218
454674
121545
158334
437662
329219
163023
219350
147139
272159
429931
206588
456557
362223
201413
512769
274862
3926
197249
415003
29168
58648
299146
182185
303156
39987
27326
474845
88631
10905
189349
36265
455725
200939
324567
483848
193066
494140
275206
355573
313240
388773
380146
142461
90251
63840
435488
436113
433547
196297
110160
218562
21171
208721
503606
138884
411639
241839
53916
351997
37413
348650
326028
215699
136825
334208
322425
242770
433457
29142
346696
329084
10141
108083
241366
33783
400666
45232
434248
443477
100462
498118
381366
112910
371946
458317
439225
130896
447905
34785
499265
307842
400912
160484
387924
188366
28159
512381
424214
113464
452444
304285
137678
320821
387006
346534
230137
292418
160658
367322
324999
470313
235151
431342
7598
15678
251648
414534
47681
121841
401188
193004
312780
79339
33241
441860
307159
42848
430879
307433
43436
85224
74776
497406
50626
453947
373854
29671
255696
161458
322475
128888
212924
408851
214639
122185
354016
366975
501489
2480
2951
166929
244649
326684
120414
106196
486901
80899
167509
490789
386333
97494
66428
32451
524413
88558
462567
295724
29304
430375
464839
239244
129829
381564
149939
524789
87170
469418
38175
522320
231033
48513
19139
528757
348895
434709
84050
392689
473976
369682
335592
3641
75954
273492
287376
66927
115236
149971
321514
492251
510426
29214
469367
62596
188483
293933
1437
188690
427299
33092
124606
440284
151369
415008
105109
279901
253799
298546
489229
384588
417106
283401
310298
20290
117933
354919
359480
528606
302764
385355
312286
75661
302981
79428
345671
256160
50262
195496
223352
46631
150028
504217
283515
434661
171887
497886
268894
218719
69926
463982
266733
243191
517015
212465
136357
174270
17805
474717
511735
399395
452982
247027
154844
269501
438825
165387
352963
164660
342718
136413
278950
474750
158724
259191
219643
377755
294671
193964
499681
27237
222941
369248
397355
508822
290378
185048
258956
178011
376289
214864
425257
520277
147383
268231
120986
212652
241551
333748
443912
340056
445601
295715
248906
363038
408932
409087
481581
332411
150980
287067
500091
348144
340957
16041
116561
231685
49339
60405
417945
62996
66743
523066
533085
328732
522595
189869
218826
480946
505619
180421
287285
411428
379279
102204
37557
384274
505828
48377
496848
52612
339937
473326
298958
372941
425431
198019
518349
32881
25939
246242
294533
200832
332779
351637
271363
490564
433384
8385
166153
472521
465492
400742
504264
74375
93804
276087
157482
396560
285068
447038
41461
503578
310884
300424
420318
533904
499880
375055
233765
29300
283029
523263
430733
282433
253910
73998
112954
387194
389967
338967
162942
259401
180052
263927
233793
113848
197291
131331
450952
237640
22943
300425
13972
183022
523591
405132
455935
97981
271942
280814
489661
205948
216553
11042
16542
15937
360067
20468
525545
456861
191060
486627
251928
421536
132076
534574
398759
35204
242295
4029
471927
420505
10189
532657
270992
212079
480349
263505
357081
53460
479766
439233
255005
446275
250235
165626
112665
227286
86790
520118
42236
534910
15594
94700
277891
284637
12314
487926
491677
315697
501009
356804
241283
493395
326238
296686
444658
437918
152141
199792
80284
467003
207102
114722
21813
35818
485740
266554
47211
86070
421329
405569
143519
520361
230487
305003
240509
459660
505880
225689
191502
335620
337142
33925
287651
210000
167418
154273
293408
107056
429982
189146
474799
253085
180134
310627
427484
92645
477427
119009
113667
340778
506002
198064
374621
44437
111727
480750
39774
194192
285549
290418
98871
342887
294107
424292
36121
261082
385468
102626
257411
455274
364868
47710
117643
137325
412603
172918
26425
405451
229346
362834
358540
184213
178706
77972
30214
336647
470650
96999
239819
112820
147177
173622
229243
146604
279419
363493
346262
238832
127770
40441
305381
310604
335732
172331
476658
477202
398849
451238
49162
334147
439571
224049
374175
481713
214728
163116
246062
215429
59253
177704
513067
483097
293113
344695
19188
95290
11579
501133
344644
371507
305945
192196
443209
488584
229958
2064
13886
360481
127612
104132
431886
423636
4066
265006
430322
3673
47359
148569
271617
292007
230966
451748
457897
516411
169174
475023
41210
114794
428012
473056
383314
157370
414701
221927
447714
138472
163149
418104
391744
398592
103056
486794
105548
12549
277947
486281
435558
375507
326187
38848
103719
116566
172667
245000
262105
69424
41786
361301
355056
365776
479486
481928
392979
183169
291936
204078
320643
161693
13859
334723
407944
416001
231131
404963
58351
396740
145315
215333
96357
254436
235031
463779
142703
263640
439257
207897
76296
173201
433471
190509
357693
258912
452783
473731
517365
46395
113356
523045
195097
366439
128809
158321
347412
308419
57871
127158
418866
347798
82216
227905
459294
5590
241356
352390
459718
314483
262784
181075
88670
192515
425054
500856
202544
361602
207632
144527
528012
494771
497505
478321
98731
336664
315803
416225
230147
135647
126940
419100
27242
359223
217229
134265
290128
457193
472232
231127
167727
250000
228211
411566
436635
533427
222026
12921
394924
74644
89817
207820
190912
372144
518750
180879
278605
428464
364031
46232
322303
360278
443945
55646
337288
510506
386739
451136
54688
105404
18247
42978
381362
180565
101872
341949
456240
112241
220328
488986
219122
183048
24272
156296
282711
151917
222074
420545
381748
284280
149351
33765
403973
303262
63625
29922
