75294
18300
101212
304114
462279
128126
153888
386017
491778
507936
487106
476898
337237
481972
504073
273451
115900
205785
198166
235093
36857
276355
421665
272756
367559
119745
278595
242074
215620
104948
422593
363020
89005
298164
352622
247784
242323
178875
168876
32252
474817
352088
498205
361855
277949
418900
79799
132442
169802
36848
486469
41634
467013
375615
344303
360650
91344
465779
224614
172996
506993
122396
354922
271802
230600
356971
187628
17312
495448
147782
424420
108691
46659
294984
146986
401613
70098
113554
296790
350410
182446
357577
265290
150556
396761
514101
441407
13420
50331
460629
373197
336201
84240
198964
345540
429430
377811
299616
153728
239198
343104
214571
226011
288956
462321
284484
220996
371852
398243
89128
504191
420523
139436
31336
296835
74640
304589
134492
176814
427741
350969
190317
384181
81170
497396
467229
519086
169090
188529
73270
335862
421301
255125
492420
348129
241854
430877
471253
248905
54488
436213
509441
282419
274698
406094
482520
19742
522588
193271
84987
523300
331574
192784
472202
488659
457658
228974
417313
187035
150687
316483
397664
319550
474839
158586
487301
204006
303842
177535
248455
48666
534325
40811
50257
33777
119168
171881
452182
499950
357738
444949
44172
176928
114431
69980
8064
281999
112651
488168
341188
48329
188538
282558
33871
237409
158079
4430
345529
454300
20828
117301
149463
333890
329174
367625
384774
167423
257882
358519
472273
422666
448992
63958
177883
202704
246839
90377
535434
362512
129233
71791
35217
15305
339563
221027
372305
343641
259163
79146
191351
351523
71970
311794
377866
386503
481552
435764
375927
499659
253633
64666
307669
282488
182548
312023
159187
396773
213595
407848
399033
155678
228030
292372
14851
170206
510579
360717
222841
201042
122545
73557
319180
18230
418194
281226
494051
260757
219818
179649
241449
443191
264719
255896
300832
488807
29518
256126
407920
35116
375648
502182
336823
382642
62364
476452
156690
497557
282103
463525
35102
110986
146765
331466
351109
236589
52128
172992
243452
363649
315178
351601
380070
213028
535867
96603
499159
413599
78355
298063
26242
134879
300491
179997
226560
103165
390645
184251
183435
74914
233329
535768
322899
372133
420332
326035
498213
324174
339996
215890
352652
101436
234700
373107
365265
401247
417810
443584
39041
340763
246728
12713
108454
102662
97185
384837
263844
63026
170613
368856
27040
453480
318568
103411
484294
92770
243789
77637
334560
481031
146463
64058
378271
445701
123598
439512
467221
514283
291583
352258
136899
114537
368884
202282
301194
40041
96159
134927
135819
360152
168207
408895
164079
501982
202902
317031
153425
107467
185971
320558
180795
343118
100207
430872
247599
18952
132225
335638
219910
358124
419685
505470
496560
409304
513547
65649
196614
170418
339749
152668
64140
489184
247731
326879
174534
361918
374229
360164
159517
128839
104730
44021
322353
156514
213310
120181
57030
95429
354641
341367
34628
55217
136935
66443
238872
424115
39719
166665
202682
443916
413648
152819
246954
175154
438479
25892
339131
478248
280848
248578
464856
17364
336966
112485
333272
182781
285703
324918
203619
477148
215572
5406
436850
316723
520487
177667
296241
324871
502742
299702
78479
436055
63415
492262
115342
433649
472627
98742
281912
89309
374393
9127
227682
171355
105587
132248
25914
282590
57502
214922
178158
14344
32117
365186
293738
158342
78282
209443
534859
220566
307235
87699
12244
460225
113403
351887
451828
358924
207236
399873
242339
221179
1253
113494
351306
110374
108688
309341
197672
303648
358132
87318
110979
247077
311275
465743
160385
392465
132054
415842
511906
530491
443130
250665
269284
427198
208659
306718
484258
430534
170434
421433
352864
437668
474439
295618
262255
412245
434675
152311
267461
324990
71059
409153
338989
34175
518230
251263
449612
446605
93313
461680
287129
275385
310486
317283
237962
468393
238142
110940
109224
510531
271121
352553
223815
483423
60612
56599
31918
339772
266667
12138
1223
487715
516190
202960
15661
371170
468142
200695
90894
489289
274904
90212
362403
345709
48703
33709
300243
43775
104771
22861
145935
164559
76350
356896
237649
256455
244188
193888
246068
336087
408469
469530
146918
230805
500818
253444
97704
361773
359066
324859
499076
34882
262508
126168
492150
44052
296148
422608
35368
477930
415256
174557
151108
170903
209920
373177
276626
427294
116425
145621
60253
152964
5756
203955
255843
521173
466505
315034
36641
470813
510903
295531
151728
343827
279553
291020
425150
458392
394153
206653
50445
321821
15026
98158
26910
9353
359498
488134
94725
134510
24767
233701
127218
490758
432130
504521
121351
512146
388136
238067
41029
313845
138414
68274
213366
226782
515618
227118
380360
311856
336686
241737
509848
279558
520749
385667
199823
293625
276021
401474
313477
136142
204372
18904
112771
108815
253174
121827
284923
253906
246326
59794
296300
93445
500653
127340
80057
279844
23895
495758
382122
332271
230463
411003
157423
218279
281862
203829
384909
382604
181818
445267
396713
192846
362543
216874
262504
179155
80827
102146
524983
120049
206154
280061
385384
47506
76704
48046
503941
376048
177800
418720
204351
528706
506913
494290
160965
205300
100150
3091
531329
356603
116211
348207
151413
16938
415805
92281
3935
520317
356382
128037
355410
325693
314356
67927
176177
418418
490573
291459
326896
520185
11833
103133
161479
390082
468856
410918
33425
410985
123544
345163
496596
106071
447269
249207
102353
140354
221183
281743
203252
44094
71579
91015
63111
458535
446120
194048
609
529729
224447
178893
502041
395825
225763
350022
58974
337439
95767
256034
458441
346682
7783
123837
360625
111606
97825
207752
95425
12709
259228
426739
145786
3695
131160
94341
117149
166990
476948
508517
289183
82540
315475
505751
232463
479274
456371
356234
348584
452408
431374
504020
404884
401294
502057
528846
61434
39373
406922
107075
478063
298612
333293
213248
1738
451575
36197
396334
335180
241591
15403
432383
155552
217476
105121
304415
287660
456175
473135
250398
176123
319446
199381
248791
217480
135149
206151
163281
91101
214537
199413
316230
41368
320400
204106
290123
151980
70265
234726
226658
519825
81811
414020
130324
79870
3864
325394
123926
22929
481011
358676
297411
111976
510496
377957
190885
368573
154704
359670
422204
133799
223499
372491
468443
390935
294741
74827
137740
293559
139605
122912
492192
337756
24353
143804
99979
402955
507362
365743
100123
336340
102260
284250
406701
392855
192814
130548
192382
7139
235499
410714
62829
116519
206742
407493
322324
101967
102283
55221
239287
205005
301521
351918
106722
425819
225042
201033
501194
232396
489654
404496
58274
369106
233818
504741
2909
485017
149512
369769
90015
166809
381347
465651
450542
40178
329673
416713
102390
220944
384253
50048
143953
1411
372583
526147
53866
251071
350967
206336
404087
112928
531788
276382
350210
210184
429830
364421
351074
77025
505989
460545
402233
319783
173069
185001
33756
500248
7659
204840
179622
523000
152823
375338
274937
134964
177973
369849
411372
184705
144161
195817
101708
518887
307165
285322
238293
344677
241522
214378
87252
429372
136502
216668
515337
12432
522426
467908
84663
340015
439985
2853
78860
171542
112387
96952
72262
414645
418708
145850
114595
211758
239089
405411
183821
166496
127042
257286
156675
503859
474411
106377
404627
365679
140428
201168
196139
53966
452886
297142
5533
207070
524491
237491
451330
375360
430857
68722
452981
438309
362295
9974
371904
506354
291766
77810
259279
513580
323509
235462
55225
341257
528284
495759
55935
326669
55424
227904
381328
92711
100078
502459
271519
242304
342247
301131
167256
287597
9512
332561
180864
498785
389868
68241
403556
360503
131233
492817
393624
204460
35918
3747
209834
472902
327728
406261
422276
500412
3712
321689
302706
266751
75181
146067
491316
64738
107752
235611
11015
435089
265211
429970
14782
513064
523608
225485
428477
424263
442850
18740
35905
165430
68112
371376
433574
98516
364438
291272
17535
96240
156902
312066
218464
324625
516797
445391
99805
33378
342331
326114
140969
507867
480329
233876
516900
282430
181399
266781
187827
288656
324800
341
157543
360763
401808
524276
83381
112378
189439
14600
105704
44122
392394
91619
248025
191265
398864
197321
2099
488833
351593
356647
410502
179832
50330
501634
523089
148410
392148
234288
415555
352975
501911
433675
367540
229340
414536
379302
361166
148715
301624
36066
465026
220008
254261
87939
495027
134998
492135
361497
280127
345064
182566
470514
366440
527853
407460
321704
53252
291260
106290
440925
485215
408008
256239
83142
510687
159758
68665
56266
379275
133631
387742
516455
229135
358483
319396
157975
278965
491287
129457
21698
71868
509798
74054
276601
239288
171161
308398
255530
378872
55542
346273
110740
19328
137614
405983
124747
62696
78397
68876
318799
353301
51695
389808
469184
47378
117124
350499
165169
324442
469278
238373
101114
436280
203195
193410
283746
442229
9285
377132
173686
439903
344973
149416
404270
507667
134558
68848
281020
475737
329078
101311
230878
404064
417395
105248
376317
233394
218624
173250
41205
189368
160589
529217
60844
474100
350354
101472
74436
45922
268013
315140
450899
346389
434131
123891
396633
69429
169298
97839
169190
193457
53022
319206
198639
94774
63180
446136
106821
366818
274621
517536
441131
394303
36612
32214
386028
355107
416466
519160
202278
174727
485870
241258
22446
301962
317157
338161
67065
292628
293127
517642
213072
296562
429755
9305
116766
259020
122911
68165
84211
208451
61466
296723
407527
501195
495354
359025
256404
66664
475132
102597
33829
161371
273442
450677
186728
352478
449406
170458
84525
129720
167969
354013
54147
296713
480122
287564
333773
303181
28001
14025
391813
149230
181377
333407
88269
163503
298565
306914
398376
44977
122676
249827
535881
437144
241213
308916
255320
218911
316404
204891
218856
141267
335985
82581
242445
297558
308186
239940
514223
507415
122636
513355
212285
405772
402773
74506
233468
247612
457295
439388
342987
264426
119584
17693
170129
326729
298806
395178
482178
230291
205131
183260
524462
372613
100249
289851
505595
138871
239852
111870
170492
448995
242634
12957
11052
454399
298594
145942
423561
512958
61430
474838
49706
453394
240273
272581
422334
421809
367781
460906
223433
417958
91489
56216
533242
329713
329653
481356
194787
88020
181602
34487
82023
296109
419107
398048
267615
218496
350476
171253
154709
63456
276243
524252
56773
160027
192623
434178
432524
171958
142878
503631
57702
1853
152389
183198
377258
298410
145707
147542
115562
208064
70613
277463
513207
455388
330667
444733
125225
256751
22675
172959
68885
469333
392097
138585
67354
456119
267986
193446
478181
60426
207964
365365
361596
348885
496339
458967
120170
10429
233188
258562
203625
240467
409247
498285
380614
125822
198128
119752
88708
99240
289975
134909
403788
421397
453011
513467
228286
515338
335595
46253
70820
239135
232787
338937
30367
189834
165003
498479
414048
309796
326109
433221
439612
243113
483992
328004
427183
93888
472249
55057
432887
524185
73099
363478
132239
70988
167811
421235
28374
428748
31512
77658
375545
478229
85634
507784
159691
99165
390651
460756
410321
156
23642
106871
291407
393515
139220
348821
212348
449006
14702
35474
387996
104658
148945
108947
265889
134847
7816
435041
220717
329470
67812
190395
377802
297242
490692
53465
315224
171380
361903
241270
410782
173380
346084
76795
209532
331446
3635
64399
370066
271496
27498
373856
263450
185997
105482
18965
182615
283136
151968
131523
223579
222910
284726
521549
335719
333813
263054
406661
471263
205293
440262
62105
272046
198635
212920
13179
176267
510881
262490
13952
288658
497555
202551
246214
65324
12129
505800
519603
356877
99092
128529
177795
230093
20897
468431
530344
510352
131988
522110
127015
422341
277929
413718
449011
342726
250282
68262
290310
247179
514898
5076
448723
197541
308780
228687
251784
374381
196666
350429
236140
239741
146975
224677
213189
485928
500354
507309
171744
305298
278375
361338
406807
69153
360446
27843
26062
193291
41511
229355
202618
152797
59092
285367
408493
140212
218239
183908
201804
523847
321734
172030
137684
45276
414537
416207
7248
82716
349149
436631
277940
315951
15987
30588
416504
426976
220230
224174
299740
212529
261329
495132
147767
473500
122525
487969
63929
242585
131808
165033
398502
243101
420661
399076
25489
225702
151240
6847
292065
334684
420603
418568
437090
197718
526484
44683
266762
471533
137137
71248
154079
79614
261504
282700
347908
274385
69248
304835
197697
314894
352102
44694
155612
230099
79760
268883
118929
157720
400830
468266
28785
70424
464070
112181
460559
37083
200498
412542
209930
488540
369467
96486
354708
107670
78420
325300
416470
402581
116356
506004
490609
97327
341174
468688
215368
292276
460558
279363
477144
57668
430254
476383
240946
254915
318847
219629
316945
11960
407444
278768
39239
37091
504128
194226
385629
122916
244771
399409
452706
222185
525833
420438
346189
533756
85266
519192
231520
443980
181003
2341
517994
281015
488934
339844
107275
381447
5302
242347
153500
144013
201426
331565
337233
488582
352781
74581
145158
459116
166113
362563
179613
230942
116108
194652
408049
499526
66545
146544
312302
5082
271411
187149
425678
243893
489345
240856
374197
444562
307073
417427
435206
23499
435594
185181
185713
478682
393818
515662
386553
264381
446990
250917
421125
259945
449137
192319
64063
260374
398904
332283
154698
1010
7785
150773
463163
147555
498957
400885
480962
375805
340402
441454
510298
164745
532338
353374
476435
301217
406485
290716
49454
55245
355504
36690
422183
59051
493869
9128
235628
386285
94786
322435
199059
146552
477365
518605
51253
501977
383001
491772
252682
30056
239116
70974
183374
434335
45648
168499
215648
367323
448126
178591
500773
76392
308875
77098
185900
170815
161244
126277
387629
198834
210574
496311
60842
430197
202316
287911
146782
240065
498029
77520
438668
444479
293498
408144
402080
29662
64497
192600
402359
28429
21439
2965
40671
409979
440892
526001
56473
169310
175738
430481
261157
522276
155939
159375
496471
125561
218497
336253
263949
375230
16044
188314
64734
33937
280374
424060
267469
320933
348485
306016
427967
432152
133189
269465
421083
16329
310848
312602
97157
30707
535015
287335
469780
125163
411459
226860
345759
220413
394786
225401
114853
467707
262906
407874
393711
388571
337639
157439
289424
274153
32347
478963
298091
524938
48448
103729
332714
467872
289225
251521
49693
221299
535837
274781
367259
501490
509188
203290
394309
22277
484607
276796
144641
323285
106534
305157
467599
105911
17358
169688
62141
230959
267729
325878
310224
136560
233026
169440
274009
293288
489148
57345
281100
122824
220816
259417
361691
183035
185990
342394
132756
340113
45646
496090
477123
49031
324220
278520
272062
52083
182646
381803
76618
252773
472985
89505
120377
489382
480917
488753
46765
507482
503975
42611
530475
368510
76718
247497
19391
372488
143436
389879
172880
484648
500600
78340
118427
371756
479410
217965
14765
402612
183859
160686
178339
26541
227618
14465
245138
297003
100277
437950
440306
385346
148894
413743
47334
143778
480836
11027
390849
524070
382816
291378
133479
44756
272361
199611
422546
289584
214406
425555
18868
158740
456279
194873
152434
410066
444885
445190
278408
100694
200674
286607
37520
306128
70646
88225
32455
118055
136130
175110
362155
302824
527548
328958
22318
214937
434907
409569
251269
409160
88237
61834
340973
15290
63469
483020
305797
510664
132058
109956
259370
462900
414062
420246
517074
296042
454363
187151
453353
63678
174632
163428
444331
277362
369690
493598
432664
329358
169818
183464
431235
153935
302132
318084
145573
109846
245041
515766
434156
284010
182631
436582
12124
294431
483903
155819
264935
174584
288240
406811
203414
163715
489581
371817
403477
136276
107358
353748
382606
224628
473138
464152
374814
248843
410870
492916
196459
160763
470959
524513
375484
436470
471398
483146
345797
483398
100555
409597
82852
68682
5459
388772
396906
435952
396933
298444
210505
49499
375295
67156
155288
295703
23618
431364
318902
81582
152256
355361
130491
385332
526785
376103
361749
129181
285105
207065
403959
397136
41711
38256
431317
62865
501908
42958
135055
328256
24788
17581
97213
75846
37703
267700
46856
98719
319130
381216
157499
174568
442268
224957
404077
74672
340904
361176
372761
53329
11638
120939
535420
164366
55821
154928
123381
264934
212936
401451
526388
394492
124552
244067
175447
245509
474768
445786
34665
165789
65311
123455
330826
124570
413261
107095
362965
141036
446893
221946
40426
308715
391662
183253
520639
414342
392103
251852
153184
96526
103459
31927
288724
332910
463147
465948
255416
79077
183342
311137
485702
492645
235953
239271
266650
34242
232263
134170
210512
199022
536064
9826
343584
376534
330604
506438
458404
400427
258163
59542
341985
417782
42263
67910
189889
45604
51540
58136
139028
418321
332003
410802
229399
296718
162284
97497
72591
68001
105823
481752
490897
7927
474156
275266
321755
260885
182452
504185
149790
256321
109097
502998
299574
81727
72833
238855
471145
45550
110448
337236
270253
102112
468099
428934
47685
520573
220546
111304
239004
298259
143083
78656
381712
4679
139085
470275
342715
51867
214678
141383
50079
67202
49455
143764
324991
50254
114437
271683
489781
89731
123857
115530
306667
197262
41464
534225
14210
65678
529596
396905
185376
368594
155832
489620
516009
355357
49318
341619
414704
61574
372599
14195
453756
166058
226765
116354
157953
171412
358488
353482
425868
160490
303312
12724
16984
218122
105129
149698
70620
472918
221154
108195
139838
260557
193932
89377
115628
328210
250588
439275
250187
251509
321912
187140
446982
340406
193634
316229
529211
157593
343093
523514
164630
231862
107566
55873
238137
186601
198525
78285
219786
78560
237330
342281
261449
185867
326493
308940
237418
436770
505084
535531
194387
89863
474937
65578
69869
322446
513340
369768
192278
273838
350118
361857
311181
244994
198165
337779
440102
13456
80205
349970
352577
364
127307
189629
160406
271067
242506
371627
132309
237471
407565
296603
21114
470573
473634
166018
339398
433098
161790
347692
274291
443291
327192
527879
271888
232704
159220
184749
144405
495498
4545
215318
171614
56775
421441
248470
27039
182905
482932
380357
52014
114442
219585
412814
449486
110973
43964
43366
179845
93874
413329
182378
514231
169373
13039
78350
504326
413451
304291
66990
138101
199940
27678
509929
2780
260436
357645
189582
282737
385357
350520
166457
280101
126728
334979
387507
28441
95041
72817
38323
430594
495938
74996
62000
134319
280507
380485
152999
469875
449864
269666
434381
36104
166462
174306
485979
174134
453306
92161
319928
239556
136717
85339
516773
258628
151309
24121
478642
252092
480477
495628
29639
194286
307798
112995
386027
239371
110161
347003
405349
359882
87674
466450
212909
307930
306283
286713
227672
329663
74201
332844
63040
17786
435141
404008
7146
93729
170508
201491
283024
291723
378222
523905
177125
448386
208311
67139
369341
496107
323107
223201
59668
38583
298845
199136
222814
269886
138072
272875
182489
290214
463592
173642
464421
392587
524723
502245
15847
186355
448822
7882
441990
299829
156837
230930
3939
148759
119576
140491
244100
246027
196752
288900
58391
36776
101434
285335
357550
412112
306762
484465
168677
385926
524442
336888
6012
329009
369108
148525
273614
451642
52777
381075
282177
423430
96371
404628
312917
476406
424124
356854
327612
58779
51620
353068
194174
297498
20325
126341
474887
459033
329128
504748
243876
497339
37936
531660
328413
515417
479909
262546
411881
394607
79438
73643
91382
314191
380688
397391
200010
145536
146517
87085
194618
92988
497591
158134
480254
104818
263733
143520
296521
16708
186053
460917
59179
3206
329308
55007
395354
440909
176845
348411
117176
468792
389415
31812
134991
149136
45929
91172
107648
109922
433842
501215
189048
195479
305948
501564
305232
386550
87360
455760
500519
428285
63339
231120
82824
279058
251320
384738
488534
351496
154
133224
486715
386797
167383
280210
116696
212473
194594
186057
438787
375072
459596
133247
247370
14180
366522
258627
196642
463319
23014
292967
200494
192004
5936
276363
118902
72975
374065
51047
296559
105371
470277
51376
245505
532986
174660
180022
172246
487738
399767
140133
491484
415779
513974
207694
450497
148708
316905
252938
293017
201841
500515
346448
412567
442561
509754
37254
228811
316445
206597
45454
167043
513707
488848
455724
165121
36107
194049
227656
129
185351
435743
139792
285617
309624
381180
16615
146518
140281
318269
448397
505258
290138
337351
115269
527500
102642
511047
519889
128222
250284
438325
318950
321526
242789
482206
433901
490171
254485
404349
259733
189072
195591
307493
198588
274758
464723
325188
188693
44452
472231
461725
388135
142450
357078
431939
355012
31401
418092
362522
473249
212108
452029
520192
512229
40299
209434
272828
424066
339724
116567
76217
2525
508971
385467
33521
471806
374198
131330
94289
197922
526645
520726
67200
270172
277214
59851
114011
518158
321631
152672
28893
131476
142760
284867
293724
325040
366462
282998
530731
139725
432996
131894
327985
529428
203761
332898
15860
424794
204010
506984
151621
207860
279132
288833
340169
118371
41910
1620
365398
432926
437906
173516
445264
280331
230833
379757
516006
472133
37005
268558
197612
300582
16953
97014
384655
516738
254370
429818
485178
263861
218560
289322
173592
236770
58204
318970
469448
241604
250492
175970
96943
297913
510383
370425
312392
85951
286533
170094
501527
125771
262507
423729
135096
71766
265517
417052
323842
100344
23616
262592
259321
124577
490829
195494
353368
470580
308625
363189
393050
119638
375328
136507
299572
24543
92131
356902
72721
229984
43222
179829
454190
94274
269444
511407
292727
470683
423846
439647
37107
54884
227440
45748
133244
143509
196330
380566
438880
201775
157361
16677
469940
426811
264699
124609
191340
445780
259718
151596
359681
171857
185355
5071
216084
57249
489521
448300
300724
189712
30188
67173
412255
341778
106647
68113
395686
251842
5704
178213
169302
285345
18096
100875
505316
136032
182181
320758
515912
314884
174182
455495
290527
34513
91589
212589
34923
297063
238327
88121
482763
415999
182941
41977
186895
390268
340136
462196
155831
119118
409270
225706
137996
345491
204646
117481
49020
455573
274843
348175
389789
88202
363061
1954
59799
15499
300457
372184
378370
324610
14000
195342
34120
68666
259947
450241
527609
506073
142737
333105
441268
122153
278644
182058
343988
126445
193614
195522
129913
210966
194219
76495
48978
508583
370372
138700
326460
226186
391994
112901
142188
218581
295251
455655
107476
516447
121737
385673
202415
425302
170669
262254
166936
317578
38043
19791
91693
358986
68904
393313
274925
84381
53539
87992
436292
71787
483941
271575
435150
295519
293759
461698
485156
404521
218104
211926
299988
500347
135289
418028
360825
110983
502189
145878
46606
457759
333243
529167
259017
250963
411442
510609
53517
419882
454102
273286
83782
491756
201054
109169
186393
346635
245438
174473
62673
187400
407164
189007
246138
40136
194221
513489
446037
146822
170755
62059
325195
101991
359158
198329
439940
292890
408274
256665
20782
68221
512387
364712
525717
195173
311135
469261
460502
73860
446888
106942
332466
218149
204485
332246
410300
69052
121523
93841
148998
353827
221681
251569
189510
202878
412751
50229
85096
201523
376402
370833
51574
97021
515406
493841
192878
96669
267151
87582
286588
520030
522224
229108
35239
461848
524657
431988
471601
28408
502992
289868
240023
165580
519338
264895
7676
171117
506515
313609
383752
148862
43716
289543
450422
276979
10066
126428
51416
320563
495721
68919
358736
492616
173565
407940
337355
405529
159629
316028
139807
172623
481637
206415
416570
35143
519733
524663
508765
366262
385612
218998
519157
358874
246454
99238
113022
350238
467883
420901
27595
318500
527176
339675
526700
45045
438190
396065
352650
307402
4981
433890
328707
399942
493596
61994
397680
155210
509185
503835
389962
458299
417063
168915
237005
531827
415648
462755
404470
305403
532720
430158
7498
173392
120925
365316
409637
259331
405244
236359
44850
481149
200574
448764
418758
236066
289609
338531
143129
467402
397935
101966
135831
325425
122869
487039
102638
349221
88676
58285
446789
479204
261579
228618
448598
340964
458577
342459
84532
307526
204592
215372
107279
521412
406731
401666
405088
388264
302490
443836
342227
433433
470956
477207
264605
138684
111231
84171
333102
493273
202191
11956
417675
523664
384285
347067
125101
439409
182622
146923
204771
315919
433415
458741
522478
400844
294211
419770
181464
107918
9213
200631
482251
48629
156396
393294
172658
346506
203793
288531
214267
91562
348402
155496
349737
273222
336493
433218
470541
136512
519836
385826
453028
240949
293525
278895
488852
57798
242448
507863
202857
154169
47754
524431
234600
127432
230433
382330
101024
233452
163768
68308
491358
97264
295047
9944
413090
194681
527488
409583
460926
158496
105601
184269
279486
300578
86779
71109
3188
372251
285431
270328
87915
294199
255498
225059
159986
525791
415121
15636
519678
112656
150555
124009
70066
22819
298793
372695
7625
121920
69398
510311
494095
436320
97896
126424
227890
83914
106551
381691
209257
395099
450646
153714
186328
42448
127078
69359
189002
57125
404951
519151
238482
413171
104607
226056
475871
196918
201080
77586
203053
417324
476278
470401
418401
308654
334809
492026
227873
346545
34512
14247
128629
91019
271971
429406
60467
103001
496330
337411
144016
143935
173189
405413
511586
246510
390155
117236
269806
290483
195238
149452
314353
67234
94155
330601
114375
504798
205141
504471
323634
453227
35610
408591
510853
248184
343440
421282
209677
147641
167335
168042
295948
33917
507890
321060
223661
531170
288131
168550
305275
373717
362951
459963
19135
403386
338986
9632
7741
290919
156954
522390
154465
435829
441697
315780
41381
6158
231055
111548
3457
476250
399707
440005
490153
449505
277348
215891
272404
8199
463438
52135
59930
4630
415878
422510
325952
522108
472177
81273
159031
359745
113890
436010
533840
161461
183706
107161
109737
33366
487607
383426
223902
258487
430277
257321
288482
391583
169288
85393
28514
271605
531630
370547
234479
250977
530596
401632
187531
417583
498229
133330
224317
55168
61947
65497
170353
309618
194307
413219
315631
420610
418628
299742
16184
225316
124693
480570
184473
303370
273802
306222
395712
238776
414984
499936
238153
361498
447391
15034
10862
286944
508132
230446
533103
250915
335334
331051
459763
488932
533364
402063
343580
31315
509030
505487
350847
404736
33001
82744
162471
329804
480707
468171
72166
180486
164318
369297
307987
182046
352354
319941
59739
255030
170522
331342
316832
24478
221388
208092
37073
47644
86774
87268
272532
53285
20387
489708
160916
194016
353600
493088
274351
58368
478295
241556
188339
394358
469386
423373
222957
180146
440465
144152
479940
489759
93855
23055
124662
350031
493812
163066
209837
76617
217803
433616
72955
176680
204625
400882
282780
125767
366779
1704
75780
113529
163294
258779
282474
131243
194521
179168
85987
262468
104633
220761
387560
140225
144061
296299
302624
392236
295257
88865
163833
321364
12785
494920
412173
20750
286611
180271
408957
257184
415348
62867
493611
105411
263405
110083
205360
482789
74992
65690
246210
434220
160035
217548
56529
121282
180385
179300
419702
126502
375471
284063
361011
441656
334191
222215
55686
25480
192482
498569
429108
492092
148498
239144
178133
527157
155757
399315
427548
175361
134683
148827
513773
219493
96406
38992
31737
311472
421456
342748
173663
14746
253781
534967
151527
397626
275578
224897
186240
250099
254494
278722
438134
93688
408053
356977
281004
310622
64285
469634
96671
179121
464131
58665
454716
102446
170687
103184
389839
205277
335714
65928
225254
3858
334631
171480
322765
447752
191703
375428
343607
414908
156836
111050
459177
61746
10917
306292
439588
531258
152971
295750
84580
11612
153428
130407
194574
344729
220591
503980
52718
362353
312281
38226
48947
362326
344122
484871
299875
248459
482830
157001
97711
83937
424811
485551
237195
303206
57212
101526
379399
277031
97250
505974
194729
302751
38381
142713
457497
165649
228868
174485
122748
38150
25619
303460
533684
212089
528024
204039
447399
293761
266114
346817
101397
65957
396870
192551
321664
44922
24059
308663
432897
160872
456957
129194
343914
498489
394897
173375
229658
255322
88582
231325
250921
224656
3966
323487
117831
498249
222493
42062
60770
503721
135466
458425
38743
157012
77207
434544
86317
12332
313042
302501
506582
339793
465864
364026
524949
285081
89556
280128
447345
261064
515533
175283
91532
461818
393555
391070
5325
101123
503623
363381
406441
164688
231735
452101
175694
469075
188760
220258
11194
467728
291565
174942
285122
80364
365861
106841
203268
158058
237521
387872
401348
152869
214412
254227
234023
519987
399725
84680
363914
476662
371305
431778
65454
478375
25828
534628
128631
67701
532188
67509
197402
500991
439745
108537
270918
446230
418527
333834
285222
23090
231728
34125
19630
477502
26389
396268
375836
56743
35500
466370
475405
436286
318783
47524
527095
362262
156072
146413
494587
147284
127760
33320
3701
213289
322696
377069
146200
287167
337928
312945
529157
140506
26263
306121
308979
44893
506420
473472
187368
509897
393165
402752
426059
160109
250005
500698
262317
406405
218091
183466
168327
465454
18699
433279
402681
323321
205854
510132
132486
56979
37689
168103
434330
343819
369196
249016
501021
328270
343298
511230
143560
447648
325354
21304
517079
482780
419867
479433
180187
362878
298989
41252
293279
195427
457502
381632
234990
383941
476832
320209
350341
18833
375220
133597
492577
73203
443140
413767
134093
528770
43807
234818
41791
301710
318481
159509
359734
173181
60590
444672
187985
312099
314791
54854
195251
330451
278735
209705
472684
44448
316062
233467
289317
120568
133965
242318
177033
163385
51766
213241
276220
238899
508041
190918
481110
274068
514982
477832
219622
404979
18540
517499
318859
432073
105377
414078
282200
205488
443216
309699
50395
37279
232077
304447
101630
456366
115790
275914
299911
461733
163283
445185
169107
388120
57354
60778
490654
437739
336950
11380
168601
331192
284156
291089
149402
397687
68441
477542
279587
60287
329627
289247
49721
526992
467778
441625
208679
444732
460108
333591
440926
475205
496945
268340
410809
173583
450100
376700
529168
173620
7818
528515
220738
492749
530316
15601
358746
176912
358842
267451
62502
289597
187924
430878
191431
495176
452905
325734
515421
318829
184154
515169
452700
59920
463175
313930
315358
314415
393048
530476
419826
87935
304078
265073
236908
421593
354483
508
76976
274914
466551
102242
114154
20253
369230
392957
349451
526929
533384
495737
407037
240436
227257
82111
198782
301714
390001
21375
420214
295463
136930
529146
40783
320893
493614
161803
406224
465248
11534
280775
300608
213824
352410
384518
433879
108132
391723
73866
342195
134674
94462
221380
392082
325254
389358
321593
232301
407186
61558
262747
391666
295741
69896
517681
128156
311539
264931
90671
430651
381582
160233
431864
12958
439503
410441
372436
163974
147838
229818
87676
292847
135212
154054
463459
416852
469220
219832
139510
91210
334541
401885
479298
377635
86747
491081
467638
161551
165785
387048
137941
209024
50334
484306
438672
224613
54400
199581
97689
259171
32368
462968
353862
162900
15138
65374
348605
188457
527163
366646
111701
435497
424282
252330
214842
170591
182633
298934
462091
238556
427587
287905
253734
313097
56950
528124
40855
428081
513312
108680
155192
126177
442461
395200
26902
51096
515403
420109
514361
309188
520584
397403
330605
126197
371920
358693
484752
232951
61535
102190
117240
136213
485892
400357
188013
67436
369851
481102
1289
301220
264113
159359
58129
510329
317482
135474
184281
462552
187484
510247
370715
308678
416630
368143
420376
255901
158658
181198
421792
38926
524660
249656
180794
335358
95508
405737
123831
336982
513632
241446
172119
448425
288854
117904
186715
36289
283978
480429
272947
85230
299193
72430
210293
88264
217648
360102
492795
223915
289665
294909
144838
207669
490039
460413
5282
326407
169099
369735
380898
218166
258954
343898
303857
261956
229142
215345
62342
281822
194001
77256
327463
530671
328154
424167
359886
473286
447817
281451
303252
202212
324564
452395
529938
164813
440720
299495
249293
397056
320481
37200
160586
48330
106490
464679
319788
80087
507079
30446
436913
512558
274582
479062
43467
419313
489209
126532
28567
531447
194411
289109
346485
370402
454666
45180
181768
118258
248795
433978
49851
464587
37540
217182
362533
503246
532375
496877
175860
219955
315699
28245
286807
16956
225160
413212
8786
58634
178864
414631
238691
103942
158621
523410
328856
119987
464108
532878
146608
534270
257270
202160
16559
517913
198304
320799
68295
390723
318478
140361
264887
225159
499866
426985
442450
480484
459908
453956
356533
103918
176166
47287
288881
90358
236391
300209
181076
491795
196101
500326
335416
13326
465718
101651
534479
101677
377140
368474
377640
482771
97127
180856
401414
379594
445778
31025
335121
157533
112998
163536
120955
457257
236145
58330
350534
527234
506700
231701
47360
115008
260804
347832
412905
137844
192386
72213
390780
291071
337151
123474
40457
23181
382672
183931
375362
262916
330300
161588
144176
461374
267229
157014
197217
90714
80460
535840
67582
119530
483446
463542
117702
64973
348770
15491
243377
75269
356179
26308
12627
204453
58347
57686
426894
142617
523288
363054
39504
359415
341680
362044
3033
322099
389803
49625
112664
389719
308568
63793
223919
61622
494882
464873
172886
94197
170675
502247
494666
4481
395658
420479
190721
323610
54356
57654
212837
86456
369697
451996
4949
59868
333378
380911
518676
485055
19548
489756
463761
24794
439331
397823
204687
382895
95401
10658
490743
342440
160092
123963
132388
103876
54005
352034
221170
288970
130660
156089
323883
64091
207262
368159
266450
173066
202182
396189
415221
212918
159311
411964
88381
467474
164454
483002
70445
110391
135701
306100
451968
526322
419763
138068
64519
184550
221438
7393
462239
287605
62885
65935
125894
32495
