18435
27651
23055
16394
24892
22243
33909
17398
10186
7094
487
36223
33319
25876
472
27461
19388
9392
5270
26101
32843
7566
36885
2149
30528
26004
33521
34391
1094
19353
2841
29307
19541
26800
17250
33219
25926
27215
23389
32490
33317
6309
11402
17461
35651
9079
25423
24639
17963
6846
7400
34298
25838
35480
13501
15841
36651
30859
28325
8734
14194
21486
30012
17212
2019
29252
22453
19966
11234
35855
34325
31115
351
29356
35113
8730
28141
23092
29055
26543
24444
11736
4222
2958
31317
19158
35690
12293
15044
13079
34004
27580
1695
11950
26048
5342
7965
30597
18431
19785
10693
27891
35769
19701
19652
5291
7541
29320
26167
20273
29478
22891
1811
15736
1577
25939
33280
1979
4292
20255
19444
11551
31011
3677
6639
16801
3712
4065
33619
3453
6814
6774
20335
28938
10442
22362
7784
1465
24508
16540
4254
15339
2878
2745
5508
21870
28321
23149
27471
25952
13978
26413
8331
16358
13601
34706
11985
28343
11427
10315
3316
2271
882
32537
13243
29670
33329
25776
19408
19820
5480
11391
15530
23734
5776
26190
25617
25596
11358
15479
14653
35686
28773
27347
32460
19654
23316
12276
17996
5846
18088
14966
4772
6631
7754
31250
33553
4577
24236
9616
19740
29096
6959
5011
17495
18669
26419
6459
37227
12055
36339
4300
6280
30595
3132
15429
169
24900
35048
14510
24634
8476
13523
2231
33798
35065
8042
20012
22945
14424
17137
12181
5410
33025
5730
29870
9063
25643
17825
21734
8580
36596
20161
24029
36738
22363
28218
13675
5874
34220
6397
27217
1790
30116
31539
37408
33007
14502
29144
17470
7388
6270
2108
15176
37489
18303
13917
1145
10228
13719
8579
25299
30488
28716
13937
12214
3972
13043
20763
27816
36931
25363
3068
2266
31499
9171
9513
27423
12075
6498
12808
16643
29629
912
13573
3923
19070
16639
6456
16791
31127
11165
23255
17544
20598
14991
19021
11411
22703
22813
3108
28338
36608
10997
11639
28463
35614
10266
4109
22360
35172
21393
12848
9122
3339
15495
33418
32921
33783
3805
22506
6859
30816
26152
35579
25208
31665
34936
19893
8253
6059
35190
18750
19703
11737
24127
32338
27566
13388
24373
14670
23278
31766
27206
18777
1448
47
34745
6747
3121
24914
31026
3102
32571
35787
18484
33882
15887
23026
16134
19662
24575
4013
25116
36455
14620
26078
13787
18483
24597
17486
10137
10865
22277
12255
29643
1065
3468
8281
3821
1514
36987
8989
18594
12466
24964
22196
31201
27298
23868
4969
24322
29671
30458
3924
31956
29638
22475
2350
2644
29113
360
28599
35076
15600
4871
25721
14744
7915
25998
18895
116
21070
5962
36030
27990
13102
14480
7797
24360
4386
4768
11687
28810
10278
28583
29560
17102
9994
35244
15786
22774
21966
31379
31977
31423
22999
4340
17601
4
7849
29418
5546
7295
32220
30951
10630
17658
27252
20191
14327
17372
35510
12552
22212
15232
23213
12249
18696
12679
13284
19807
27042
15604
9361
35141
24554
18793
27269
16724
16494
2459
9716
18574
37236
273
22320
31269
12365
2202
4627
29653
18955
3222
20482
8357
24669
33310
9434
5959
18728
5561
28244
23525
35011
4532
33054
28974
33837
20344
14012
32939
20640
14974
6405
31369
5292
34911
29515
21885
30055
3583
7844
11963
5490
25284
33888
2475
20376
32505
18743
17058
24649
16590
30792
3256
17475
4773
7493
27284
28470
30188
585
25858
6789
35160
20491
8447
20689
37587
5842
36775
32813
789
22055
20194
11098
37515
7314
29886
37327
29848
12398
16928
23681
28063
28685
35171
11936
35779
6355
27308
22954
28822
30941
32790
22414
19888
28103
19483
8522
30236
22636
19272
10822
30553
27625
2353
28467
10528
17438
22421
35112
1340
7879
1578
18200
16709
2570
78
14282
1234
33854
33262
34128
25885
13906
32576
10544
29751
3107
36050
15396
28762
15815
36244
36879
31293
37018
35700
28237
21036
7203
10515
9310
3833
12999
28328
25749
21460
9262
25847
34576
16243
26955
30654
11573
23229
16705
8219
10800
3307
30371
17660
36748
14402
25428
32346
28500
23356
37518
841
19891
18327
3865
32561
26569
17592
10755
9046
11697
24433
33449
36641
18069
13424
35830
27093
3079
2732
13046
27929
30264
24130
21129
5167
18459
35580
25136
3051
21164
32103
17498
10710
37042
11589
33694
11869
20201
18767
24625
10853
13559
18592
15625
17922
27716
32090
25081
22172
790
18608
8770
14477
5968
22006
17271
4352
5009
26752
30522
9769
32056
9781
21533
4802
20104
15334
20717
19347
2215
32588
22644
2867
3518
17296
28217
31197
18788
33974
34898
5509
4338
14426
37603
4614
4317
6678
16230
33216
14831
27382
18587
6421
26034
23548
22083
32459
13336
12594
35018
13253
4731
6653
21605
23433
13199
25950
21210
8742
16864
377
31177
37152
675
23683
30576
21928
13312
7123
34413
6635
845
7487
36122
17693
2217
9411
30523
15777
10655
1815
5099
10259
11490
23812
15017
2164
34644
16119
10360
7076
7910
17046
28138
19274
4885
31611
32452
11482
4354
35288
7475
13069
36813
24432
13005
31027
3672
8541
5592
32989
29130
37460
316
31711
26348
25811
26866
11349
23536
833
33735
492
3560
31393
35573
2184
23771
34432
27311
32752
17890
16595
3654
19197
36314
23585
28240
31460
30274
15061
28862
3726
15607
6461
34700
33235
3080
27948
13869
5474
11141
32750
11584
17551
13477
20
17464
13092
24158
10401
14910
18051
31658
1438
25440
2233
24537
32313
29872
33985
9369
8441
23397
14338
21303
15457
28011
36080
3696
36661
3905
7033
33160
15501
26403
4283
26976
26711
415
6656
1993
17921
28920
24344
20471
12520
11830
29623
35023
17790
33903
9420
36986
8899
31831
27427
5186
36248
12154
25736
31243
19946
27612
16033
27081
1745
6295
36201
879
8793
33201
35059
21135
12213
22596
28546
5032
2681
32203
19369
8537
34064
35057
30382
33791
8670
27744
11251
21482
26069
6629
12105
15849
30860
8751
1435
20983
6972
31432
32686
19378
30540
36525
34431
33134
11312
1575
2599
34709
35522
22692
26090
22852
22392
10850
3451
30000
1705
29527
17303
1789
35747
11557
2488
26740
13187
8429
33059
11751
11421
36479
32298
23596
37633
28893
16605
19036
2709
17625
35348
22180
13733
22531
27477
21791
7813
25748
17290
