24862
3227
30499
21003
29138
37478
5419
2988
10651
12235
37620
576
5128
25532
11607
9059
35867
11753
12625
6889
27180
27962
34282
9588
37136
32650
18445
16647
15062
12199
330
32869
18432
26923
33392
2367
16224
7638
22333
25673
20319
13845
19714
18688
18716
10273
34563
15410
30826
26160
18344
15123
37640
12956
17742
33983
36056
31226
23406
34591
12457
26118
14641
37085
30480
14362
2575
278
19371
34819
16826
36793
36038
25119
29242
18799
31439
30930
11440
30895
7701
3755
7331
23424
18419
14038
32671
2722
12922
8425
17626
2852
16707
6276
31785
32947
35937
32827
22386
17646
6997
17760
2094
10508
1204
3135
30583
14836
18123
28232
23601
20878
25073
2668
18042
11133
7907
25144
8969
3896
12745
33911
37687
4142
17845
14947
35440
8477
8705
5323
15208
21108
24532
9650
18170
14905
10028
31105
24865
20623
7454
4396
14944
37318
27831
23690
32690
36267
35800
20279
33816
15121
36363
34707
19665
12139
9349
8873
883
15745
22658
36037
5751
37110
9765
22865
36854
37333
161
32158
20052
4787
11136
21447
25257
36430
28416
29215
13518
27157
13299
665
4255
37622
14415
314
13425
11590
5406
20263
10588
15444
7405
10143
25889
36414
17734
5287
27490
28775
8269
5514
10996
33411
730
35295
25834
904
7958
7955
6768
15179
22152
34260
19792
3793
8263
20519
10564
11160
5909
36152
6783
3711
13607
32386
18436
19552
15228
31885
23770
15038
13716
23373
1822
3323
33441
16717
4314
13567
2762
33032
17773
29370
11373
14867
4563
35435
1023
10369
2221
4524
30857
6800
507
11803
8142
31078
15731
3143
13080
25264
13655
24541
937
22769
16497
31302
31750
8616
16929
18147
19930
7798
17190
29644
31126
30513
14758
15287
28368
29245
35088
18560
24176
5929
31118
9915
26016
28147
36590
23836
14390
10893
31079
22924
25093
5169
15133
16087
37699
8247
14266
9300
33578
9168
23473
28012
29146
7012
13244
2171
2146
1764
30315
10749
34731
12377
34436
36963
31256
29745
2636
32838
6716
35744
34187
4680
22016
20128
21244
25665
24880
32151
12461
15567
10953
34916
29349
18271
7397
21324
18141
11834
24173
16220
23276
21660
22499
11478
22990
31701
22166
33745
1846
13139
1490
32477
11802
6906
7619
6605
33601
34334
20404
10932
26729
16952
12569
29354
8686
34453
6757
35777
11507
36332
1447
16931
30243
21745
26081
2024
27650
1619
10609
27749
34386
32832
31437
6074
13263
36771
13455
11623
16875
2697
5989
3904
23414
6167
11131
6159
19933
269
9160
19669
36316
8891
15184
33153
21806
36280
6221
7167
11029
35847
6885
5696
26316
30168
12603
3867
16913
25910
3092
20801
13120
17298
2442
35361
3322
22451
26170
6389
14801
2740
21623
33452
30101
18966
23096
26431
26944
23120
17727
17146
15261
26021
13001
11329
20824
29121
17925
21087
22545
8166
14139
25679
18836
5013
22022
18449
9971
20850
30504
24382
17876
3854
21944
3289
5408
9097
2234
16973
4704
3952
29106
18616
5940
25804
2411
27480
34479
13183
29434
13751
32018
14785
28300
23922
15205
9408
14123
2177
20197
19511
29237
5725
9087
13207
22102
21371
29855
7554
30151
4800
16131
26157
9198
14278
19603
29861
17667
8524
26087
26878
32328
3286
24530
37658
2743
13115
22720
22332
35729
11454
36727
23323
4308
21143
20475
2503
28266
14192
1896
25657
3771
34328
17355
15599
25302
5686
7308
5731
8535
21103
27982
30710
14006
18444
27928
22357
2070
16799
33930
31588
24965
8100
34847
27170
29208
3368
28776
10733
5915
13905
32857
27678
37567
11339
23704
15149
4464
7052
32659
16314
7538
34087
32077
368
31506
6624
22384
35541
27
37104
14681
22716
21616
4137
25514
13030
30980
27175
19934
11979
24654
9132
657
22592
33779
36315
24211
36169
34690
8656
20316
33665
14948
27344
36553
20330
11624
27321
1244
29604
29375
31699
9291
4178
12546
26667
9286
22894
35772
32759
32710
17269
30779
20207
37701
19564
152
24936
18217
11208
33862
30402
6565
19368
16372
23652
26493
10641
9640
10529
24648
20942
9776
16066
28488
11558
36357
10191
34927
14423
27146
11937
32154
19828
3332
8268
18213
36788
15376
22817
10111
4258
34940
12393
20373
25518
6826
2466
24375
26568
34445
7289
25377
21930
7959
28861
9316
18310
6063
2627
33068
36083
15518
23950
14973
12440
33286
32116
11241
24731
26763
5659
9678
20355
7462
3502
35108
33860
1268
28924
28102
1606
14776
16186
31275
16052
22047
32629
4677
3569
34862
22549
6962
26892
10410
7582
37320
2691
12911
33777
606
14568
1818
1347
8179
12268
9661
13226
4262
33805
20472
18225
12497
20169
19523
22508
29371
6289
7232
36441
19328
1758
4293
16439
13161
36872
26865
20925
11816
19407
29362
3477
27803
30083
26466
6788
27103
28766
28578
9033
402
16368
15776
34105
24696
18443
10882
4583
328
19331
18151
1282
9270
28277
11419
16795
8903
23855
26981
6742
6408
15297
20394
32357
5949
24394
25344
28836
37076
23068
27500
14374
37374
20412
11503
19995
19912
31688
15368
37193
21248
25800
22367
14891
5161
10171
30527
17554
5313
10868
34719
6729
8163
17378
22067
12453
5284
2358
36671
14120
24233
28118
13667
25330
33551
15069
31389
8091
36226
33498
28656
23315
31367
11429
16626
4094
3604
34694
21006
1716
21544
187
8623
11563
36150
12338
5268
3487
34490
5976
22445
11189
12460
32818
20752
18800
11447
7611
1968
14736
3402
13314
33325
21337
9496
3823
19260
29619
35268
32327
28221
7412
21312
4493
26009
33881
7567
19579
25148
20516
8540
30427
4901
26677
7013
24209
11075
20680
25129
27453
11355
36209
1893
9604
22449
18609
33628
22734
13931
1406
23821
27112
35549
22452
5045
20073
16715
13759
37680
25414
3535
14571
14492
18882
36197
11983
32300
8510
14174
29422
4743
7116
2565
8345
34256
21550
13103
9170
36711
11719
2578
29987
37175
11154
34967
27346
1419
668
14186
5407
22908
35385
28606
24631
10519
4186
3752
13722
26785
32444
9697
1777
17153
5836
64
23103
4413
30977
26260
10880
12074
17080
8349
23642
13083
32124
24599
18189
20711
26105
36380
20329
3003
14982
30029
23059
3117
21766
17761
21630
26320
8388
18573
32288
25415
27012
27682
608
2155
36400
7698
27380
17560
12509
27989
6727
19778
4093
1899
23546
26687
31420
25924
1746
36840
32211
24069
497
1441
4626
5361
17184
14043
2050
13154
36347
27227
19799
36476
30920
2706
15426
28401
4572
2949
4050
20759
16109
7220
34969
21221
25389
9574
2095
35858
28638
35033
12225
27576
13702
12626
37639
17493
36799
128
17871
7014
32224
19885
6260
7829
12109
27448
20569
15955
34813
6801
25647
14666
17514
19798
36852
10251
17695
117
31265
3971
6924
18651
28030
13676
34674
759
27522
4007
32817
25867
7317
21426
13322
6349
2919
9997
32285
6003
5473
8480
34195
5
5275
16459
19316
8369
5096
18572
20755
10146
35330
7977
15517
22727
27178
20618
11110
1571
16425
20247
33986
8152
21284
8704
7616
29361
18768
33513
18819
20988
12721
9477
37328
15040
14559
33004
21424
16182
3541
13331
17087
24841
27247
14625
28745
31482
21288
19659
1871
31294
23035
27688
14222
26794
1025
27238
25438
29005
36806
35045
4053
28359
33224
6709
6842
22226
37642
3054
7092
36324
14614
15347
16794
21868
24887
3239
14097
12071
4260
15986
36922
14949
13785
6342
23145
30822
19115
1694
1387
22956
23071
8336
24670
32194
20337
19996
11678
33617
20732
20349
8168
35310
28371
28017
1621
32664
24896
26178
34366
9921
21214
28689
35421
14834
26476
8095
2261
19782
2319
31498
25972
7066
16261
18095
24200
15198
25447
15823
24486
8996
12902
29939
4443
21343
36688
14858
588
10906
35177
16978
29311
338
6522
24866
9990
29385
12813
7741
29112
26461
15622
9895
7878
9965
6140
5366
32118
22893
541
5736
7636
27815
15695
11180
14225
12641
18358
34517
18807
25429
22024
4619
28814
12376
15420
4171
12838
21446
16369
1009
6758
13837
36210
2996
32049
8856
9807
18400
26726
28374
31431
19457
34442
35032
17291
2132
33815
10998
29722
19270
11747
18557
22941
30712
29416
28760
15106
32413
31116
20727
19032
12648
26889
31202
25331
25878
27927
26619
8957
15155
24049
34469
23500
5571
36589
22842
20400
32512
18475
21255
5278
35089
23615
36266
8585
18659
34326
16598
547
1324
9911
15354
26321
19072
21919
26293
14888
2755
13131
35433
14728
3613
10643
11553
5633
17175
14697
14995
11404
24815
23104
1814
5086
5163
3665
35349
34917
23509
28130
23088
37541
23638
7176
5487
17932
5614
29508
11872
5286
22488
19580
19976
28069
8204
8314
8698
24769
4342
29877
34477
36776
30204
17360
14040
14796
16654
5834
4777
28686
1117
3115
36856
12869
14436
15359
11088
14067
33274
30762
14213
35770
31567
10495
7301
756
1401
36220
29663
34802
28796
19449
8333
6119
13901
1294
10173
37221
19405
3181
11989
25496
24292
35452
17934
21835
24077
33918
27203
36219
37462
26783
32040
31840
20363
12820
4924
21820
15160
12584
19409
14848
9335
3874
5548
20338
4814
30952
15946
37023
26015
18472
12998
34238
20189
26733
16873
9166
11465
8076
5584
5587
21671
33416
2666
720
17758
6071
29168
9255
5647
31946
36425
32164
13712
19746
22238
31925
34950
7696
212
9827
9096
23360
622
32470
7668
17572
3961
26123
7201
35872
6257
32568
25539
4654
22869
7102
15418
22434
28440
26838
19228
33604
30358
3646
17410
26354
5551
28336
24834
30730
37294
27302
27377
29525
2349
25203
21365
35303
412
37373
16623
30122
24913
34623
19225
1507
1227
6105
23134
26003
12705
9142
23623
862
29219
35924
31780
6719
13251
15169
23811
5814
21507
31557
22670
14304
23426
37675
7899
33622
12517
12417
7496
28315
34274
31849
18085
20958
22008
9950
10089
3269
3201
17220
17149
29824
33453
7433
36529
5879
16797
28394
28230
16449
14158
15349
26224
18148
14849
15724
16279
32054
6313
30619
27196
14765
18670
24403
763
21629
29489
17501
16107
31933
30976
16236
29592
12434
18061
8054
4350
25009
35312
18106
35473
11056
32626
5282
15752
17257
429
32266
28132
3564
28173
33950
1602
34877
26847
11524
21243
6571
16655
2654
6587
14523
35207
27871
35642
29970
9081
18738
5040
21071
18567
16818
27099
26715
24897
29866
12208
10570
32421
37645
20552
21686
4103
27855
7666
34118
13603
18664
1497
14561
32121
22668
32668
9450
18133
17648
21688
37580
25418
17077
13400
9638
28419
18186
8880
16802
28735
525
14656
22209
3974
27600
26451
1089
3254
33270
16781
14715
31779
3920
13522
30181
32951
16991
12430
32871
30092
24824
32584
18890
26365
16181
5022
26953
7221
15265
29463
7834
4419
10785
26391
20406
36208
29893
35247
34758
18214
30963
32551
32959
14937
33778
35751
14481
18668
25401
32607
36629
37240
19942
2554
37134
32637
29189
13798
6235
3651
28576
27859
9432
17277
23386
12597
25548
11874
22673
16881
19488
27006
18268
24354
26528
35612
37183
25103
23112
2451
3027
13367
30962
18206
30690
29081
7820
4369
30692
10896
27513
11164
21657
1696
10237
37619
512
29570
6523
20374
36689
16424
7095
9073
3000
23484
702
2176
20044
33121
9908
19082
28156
19152
34484
20532
34888
29557
19802
33343
34154
6025
5540
24534
20730
16072
29535
36283
27648
18897
22168
21437
10158
7676
14198
9025
23293
28888
32993
30293
4361
14007
32032
18910
5995
11843
30004
32882
33673
36388
24214
37007
12332
32873
37569
16479
20736
34203
9800
30032
4761
9743
37272
16830
17787
26628
4706
10016
6259
25503
13
4556
34798
34176
19359
15416
5516
8044
2910
34929
15227
3544
32060
19400
26530
5771
7746
29093
12095
34252
16683
20867
32426
34294
13968
7760
19605
21748
1254
294
24064
22324
25614
21950
12883
20920
2830
26103
1474
21651
37161
9429
7061
30858
17907
33037
21673
1351
18378
15250
8738
21315
5153
12700
17557
24447
15358
2747
6392
17199
10238
35808
2438
6804
24374
4475
10739
13258
24379
27739
870
31009
4466
1270
7824
28451
5528
28291
31911
25610
36475
9559
37682
28817
28987
19984
24593
34516
1456
1867
18999
26219
29997
1326
11120
35166
11997
35529
21322
19667
7126
18832
26544
35292
26558
17816
4579
12040
16584
27907
12673
36563
12102
36156
37440
34276
3579
8279
2317
11629
18218
17013
12908
16510
16309
18093
13923
34102
1560
23849
18160
29019
5399
23571
15707
35617
36681
10705
30343
5778
32483
5061
13569
746
28080
31818
6495
3992
29007
19193
15772
18938
980
1906
6285
16658
28598
25270
33692
33972
15685
3704
25289
3550
17115
12526
29118
3073
30433
6100
9362
17041
35496
11689
13950
4024
25778
35983
2032
35992
21787
18534
5606
29258
10245
36094
7389
27596
12157
12298
16749
5568
961
15638
6526
28990
16454
21731
25755
1817
1558
8983
27759
13480
18068
15565
7707
2529
1892
26986
16316
36153
18552
3165
20232
18448
32535
1267
11457
32911
24729
29487
3601
3720
36610
25630
6919
5026
18977
16263
21039
34194
27250
2154
5837
9051
34227
30440
12861
10017
14630
15762
21862
29640
31989
2944
5613
1220
7583
1656
4702
1476
33564
23763
6191
13753
11510
1978
12538
27442
34795
21713
6020
22085
13317
18318
8901
1941
4504
19757
35816
13900
26744
30767
29132
29164
28413
33217
24907
30467
18113
20782
24181
16816
19546
25254
5586
3100
23766
32333
21360
15419
2871
7474
12850
32277
31773
37005
2725
2953
6335
13297
15665
5236
24739
32022
19758
1186
4499
16828
10714
22948
8925
8958
9703
15914
31863
26300
10118
25196
32084
24143
16788
23987
33425
12384
21735
31821
21563
7186
24463
16460
6529
783
19963
564
11217
35517
29057
984
35802
35865
30760
33238
32625
1055
17637
25230
9614
1598
26527
28667
17940
12333
13025
4086
32317
17358
33490
6700
25222
36495
14529
29401
14565
33859
25411
31543
24302
2823
2058
20682
18524
25870
5597
11179
37589
7791
16346
35397
32403
21871
20186
26424
8587
34464
37445
16850
15021
18452
20209
2928
10112
4180
29042
37073
28004
8209
23331
25894
24053
26156
7396
13997
24289
12470
2905
15192
35488
28041
33501
14440
14787
36901
32605
8365
13998
34197
21929
8523
12094
30429
10463
33990
31000
1935
10805
22343
36765
1245
35410
10512
23532
25625
8377
10832
19607
23765
32894
26032
5847
37151
28971
3724
13127
4414
12232
20559
16178
22694
2336
534
31408
32041
32558
769
19103
30496
29051
29180
18166
26837
27259
16380
19325
24290
10540
13129
27943
23732
23577
14701
19237
18272
34449
28435
17777
7483
19524
2080
30033
31107
13217
31366
2800
34075
15853
4736
32412
21906
24778
34364
27286
230
34611
5276
33468
28089
4996
14245
27348
25376
28005
32127
21463
237
2388
28756
15157
25010
15617
21280
14335
26522
22693
1730
2352
32997
37306
11870
34902
17288
34889
2142
13879
5532
23703
29738
5644
6458
30072
22589
27108
1076
9336
15203
33142
19176
11285
27492
35083
36164
37012
34738
26352
28738
33321
22132
36911
587
10461
16999
28916
25076
4756
31786
18465
23527
495
2947
24784
31448
23776
8394
7674
26215
33086
14624
17409
25693
22137
21307
10948
34928
25016
5931
2446
21860
35139
7383
19897
9245
18090
20992
34822
17283
22612
23441
7735
35594
18500
25936
21402
6849
8791
36632
380
28597
25677
32329
1084
14808
34505
35351
14320
14615
1358
8653
17480
3949
15956
30434
30483
10275
36592
19677
24970
35837
23814
16670
6845
12979
15902
33417
36021
19987
1806
19015
15399
6099
15668
11790
16569
34167
10918
13557
6958
33742
3055
548
32312
22539
21466
18549
34034
4195
13352
1690
22348
24980
34634
18852
32115
29417
12077
14088
12580
8266
21420
10383
5539
28262
28605
9176
3888
312
23614
19107
11775
36036
34104
30953
34811
29466
17393
18043
28345
21125
7659
35979
1808
13897
13418
19282
7757
3828
10150
17276
23044
31673
26817
21252
2055
26772
28104
6336
13254
9385
36451
24087
23902
10333
9778
10673
25155
8490
11732
26199
35297
5868
34827
2991
34279
775
36109
37284
29504
2165
12250
34668
3058
17329
18916
2726
29842
9537
34487
30810
31462
6290
299
29978
7141
31944
1166
28695
9159
2290
25388
35069
15292
23823
20333
31090
36302
26077
2889
35980
31772
9905
23227
19055
31556
24977
25362
20159
34255
30461
37164
7233
26133
19716
2646
33345
12063
5872
27903
34624
12202
29854
25819
30607
13136
7283
6937
29011
31089
32122
27718
11774
32453
37581
28740
7222
26820
14476
33633
34999
19585
15519
7904
21647
10368
15048
32117
1341
5628
8702
11636
5990
23357
21273
31899
519
25390
33188
23313
2258
31062
270
28692
34494
34418
23829
26263
26341
23216
37338
8669
2712
27951
34978
23480
20149
11667
277
21279
7100
2037
12690
7190
24818
28475
19130
22900
18447
24617
4435
21955
19499
37252
22267
2011
18723
33776
13427
14889
35298
613
32366
22859
24583
25552
2423
32992
21457
3218
15332
25690
10781
6340
34184
21972
15080
25061
24113
10073
34286
25765
34491
19841
27016
3437
22141
19433
10823
12116
5822
32248
25558
6087
605
3197
21619
13163
9501
34842
17050
2545
4666
14789
10057
36633
37351
29329
17392
13583
25001
29852
1457
13149
33361
21300
55
26448
23467
4893
25227
28122
16027
23033
16832
19234
7998
24544
5651
28135
11513
6460
18718
30198
1940
27121
7827
2418
13157
37178
1492
13056
19520
24286
27179
22071
9799
30312
15213
9163
28127
14046
25138
19653
7458
36193
32891
26723
21109
17178
32321
20290
26210
6840
23608
15254
36240
25929
6429
7332
16968
24817
35762
24462
24355
32753
1660
27728
11225
21716
4550
15140
24760
1472
35954
37310
16681
3829
16762
29552
20040
21436
19507
1022
22957
24401
22206
30992
30742
17971
17347
975
4269
32592
32272
24994
4862
8201
37230
25572
14485
5981
33891
1129
17682
20215
22130
33090
16456
17696
32815
11209
7142
36293
10573
15134
27795
29471
23498
583
5262
1873
14319
15459
9196
14677
17202
32134
13657
551
14595
30509
21549
12478
6687
26994
13891
4512
11650
11437
20420
31854
5091
29979
32529
22220
7928
19155
33076
3114
516
17850
18961
33683
27118
13113
6417
3445
35398
6945
8488
2813
27289
34414
7631
4603
19515
23851
2088
23534
6311
27395
23221
18369
12787
10719
25983
14188
13447
16842
30034
6691
27307
16869
34909
6452
20746
14010
23185
15787
23050
16660
9683
31951
14209
26930
5341
32404
20350
5518
24050
17460
23195
36652
28478
35742
8406
17750
26786
31775
19018
2512
25620
7847
12081
25097
19424
26605
26995
28509
10618
13031
18354
13526
21385
35115
25780
14540
34249
9374
16473
4046
25753
12664
2412
10398
7713
1163
8074
14369
2967
6665
34299
21222
10691
4529
16318
26475
20643
18018
37279
22351
9796
10027
29603
33371
10554
21956
17477
6964
21076
30283
26626
10335
33077
33957
28884
21089
17629
20163
23297
32932
14455
32681
30551
16884
8834
4022
3976
20945
28143
32749
7606
30368
26127
11987
11505
7043
18497
27572
3480
27564
21285
14912
679
24957
34805
9287
6124
12833
33366
2008
12646
5674
24495
27581
31495
35778
1601
22965
37454
26895
15364
5121
9972
15948
1733
20151
29608
34886
6022
972
22681
23343
18979
9062
35592
17937
964
35494
8993
11090
2430
28994
23566
3627
27139
36299
27041
36306
22382
11761
17884
16213
19327
29637
35354
16771
31072
18395
28903
4080
18732
20001
15894
24603
32088
5017
21484
1510
185
30288
28663
34809
6033
32805
15386
15932
27834
28175
35955
4210
34904
20281
27440
14014
25
18017
31194
15644
26245
7145
926
20854
15882
14405
13086
3175
34318
33074
2824
6897
24814
16640
35240
17938
8373
15070
36111
10226
1036
34629
34204
11500
8299
37439
14205
35827
2409
2160
16537
6249
36968
13433
5125
27930
34571
17434
30680
36877
32153
20561
31888
21367
11526
13938
32559
36449
34958
16986
6378
21725
9447
19244
6470
22648
28946
6670
37475
29241
2814
982
32684
16464
31990
123
2850
5652
27424
26888
10855
23549
37379
30451
367
19704
31706
17605
33838
11543
30064
7036
25501
56
13831
33171
27124
35036
2954
35926
682
2278
11906
8439
33021
15524
23670
25049
31650
6813
23248
31803
5844
36969
18780
8325
28070
10447
7517
9963
29462
33368
9976
30253
15249
29404
14577
30876
19064
417
15362
8821
33927
36882
28160
16680
21112
19878
11408
27620
18812
20883
16692
8283
22361
14637
26433
19759
23764
1150
12173
12446
35320
26428
6647
22579
1053
29957
16892
26532
25072
20063
15370
9094
13795
16059
14264
19581
29345
647
12901
29763
23622
13711
11063
10236
17803
20550
9294
35790
18579
29458
28866
27054
32820
37050
11417
14147
34741
31247
1952
26360
2853
10772
33905
3790
35028
16202
23001
20235
27511
4069
10119
37493
28778
28065
706
26970
1654
16982
7909
22140
7196
11926
3236
25672
24741
2340
35485
5227
33595
27582
30984
13822
18804
33811
15377
549
16171
31874
28094
31426
16965
25975
19531
17597
16152
8713
30800
4399
16987
5129
29680
17369
8945
21574
247
33060
2955
16688
22864
21384
29396
14987
13224
25327
31661
4890
9995
31357
32356
21798
14729
32602
18600
27210
21579
24786
16397
29580
3215
27187
7155
28426
33407
3973
19160
18175
11078
3714
16331
21960
7778
13970
16996
18304
16995
36891
7147
5732
32573
15974
12542
9233
35294
20726
29926
12344
36809
16934
11073
7826
32241
4484
34416
19403
37237
34008
36289
6883
33801
33147
10682
21465
21464
19553
22629
26340
32168
37412
13904
28013
20840
31855
2524
11287
10652
9446
2514
18355
30082
37326
10472
1199
29633
28086
37121
25839
3352
25670
15113
20562
33196
23965
18052
30179
18613
27961
30193
4919
31406
71
7214
37632
29801
10229
35323
17123
14663
12056
12930
26405
9982
2797
16062
26135
14590
2527
30129
27397
11570
17412
28161
2470
17662
8401
9192
27153
27469
32550
11727
24279
12269
2936
27607
28542
29141
23879
9418
20710
31884
2378
3708
5339
29327
27029
16505
37202
16432
9761
26503
9458
32502
13703
1642
4074
1950
13167
30005
35840
23804
36912
33261
25554
32647
24525
8780
21397
10586
32439
33180
4458
12133
15966
2885
9875
24469
25467
1350
12370
16860
26285
6668
12099
30534
993
32173
21038
25143
15369
23399
14460
1477
8426
6739
10974
1416
31934
20753
1715
29984
33817
27805
3426
10241
17952
25480
13875
14631
23685
8290
29341
2158
28972
31456
23639
25790
24878
7041
4331
32564
20507
26111
16334
30699
459
12578
36121
15980
1
24397
25207
34732
18251
14366
23445
32255
14196
24169
10136
7727
15727
7648
36978
16101
1813
36640
8920
7097
29282
11491
22928
24054
26967
34779
33489
29212
20357
7979
26695
4710
2584
5783
22295
7324
25113
10678
15942
8352
8741
29949
34399
6834
5663
7284
21866
22259
37254
18479
16935
14024
2257
12529
26791
11824
33645
7018
32957
29483
27046
20829
3953
8170
8584
11471
3435
22902
17215
30834
17260
20633
12360
17241
18585
23520
25966
22874
23121
21301
6622
12879
2653
15892
7581
29030
1334
26117
23551
37626
29309
217
22222
26707
11779
23515
22304
22268
17780
17989
13855
26578
27325
17265
2577
637
14052
32655
3814
31847
31870
1969
19661
4593
26962
22542
20391
1718
24959
17872
34131
20106
1852
1195
20448
15742
13813
34460
25318
1395
25037
26132
16195
19123
6794
28281
16851
3968
8675
20560
16374
29995
27776
21200
24498
21936
18437
18000
15540
29002
18494
30728
5996
23567
32399
32400
10872
31729
34737
32471
28569
8913
23384
7298
34145
6613
3490
20779
4026
18032
36277
17322
11055
33328
12288
31486
32387
10319
14138
29605
15343
24378
24319
20103
37281
12795
12206
21509
9183
35194
19010
36564
22126
37555
33079
6956
5288
2455
431
29468
21204
12868
7119
32754
22521
14827
6198
22619
2167
7714
36937
21859
23867
27613
12616
2194
29420
19855
22177
19765
16607
24015
1491
3310
2607
26636
31668
36975
636
32615
4587
11352
24328
15667
13354
3422
20096
23119
27318
30184
10606
20734
7328
32269
3481
22889
1633
25071
17465
991
662
12287
11913
5052
28403
7146
17772
10292
25448
20065
27369
29095
4607
2840
14172
31167
16167
5010
15212
12437
11466
36137
26581
23368
34014
23155
36513
1343
27768
26529
10595
8748
24111
5643
33163
26258
29716
9547
16285
8319
17767
1423
8948
10494
19364
26814
32457
2622
13894
29301
29016
30614
17083
31075
21404
25369
16844
19436
25770
19139
4101
23659
900
20426
20077
11794
27324
33396
8236
26381
29176
23957
5590
22830
6761
25202
36000
1579
10745
6435
20807
1922
17010
9042
2976
24482
12560
22224
1590
3089
34009
29101
3395
12756
14755
1008
29666
17127
11781
35994
2486
26184
30159
37509
963
9818
18757
20484
16906
30560
3471
21011
670
15406
14153
13840
18470
25346
5493
22307
14449
4294
36051
32001
6391
22041
12566
25601
5924
31006
4594
13895
19297
12870
19806
20414
23505
15043
4057
32541
638
21613
21899
23168
29779
20493
19396
5685
30351
15855
28251
10217
15201
29006
34312
22038
10208
6932
24205
33467
19651
17456
1367
34265
13726
5411
29952
6681
6868
27030
9676
2049
21373
20681
4382
24735
23545
24833
22442
2908
463
14082
34767
5139
36764
22753
27411
611
19908
26396
34346
37674
15097
29099
5741
31299
23914
5235
4784
13384
22043
30790
12856
14133
29524
27365
12933
12803
31227
24643
12925
1786
32674
25727
32465
34043
27498
29713
2894
22706
22459
6101
26421
34496
1515
13621
17278
21427
7250
33691
24536
14063
24884
34379
15923
37446
18983
33721
34866
9585
32178
14175
5969
34157
2501
910
21174
28516
16044
16793
21706
4837
23496
30152
18689
6948
4703
26874
19062
23580
32587
2558
27428
8191
23847
23243
248
23158
11256
30754
3993
17331
803
12310
23179
24438
7862
29948
37055
30626
2147
22588
12210
36254
33703
15677
23568
34083
6046
6303
13316
36480
4478
9437
15447
34129
750
37631
12945
33610
7199
13070
17304
26722
35759
18455
33006
34071
9662
27043
3050
36967
21413
33223
21782
30572
17608
31217
31454
11190
28945
11885
25112
11248
20770
2145
24006
35692
28922
13404
23025
580
1096
2110
231
9575
2294
9876
29
14676
28439
13172
17396
12303
36133
804
31216
2764
15646
27655
31627
30089
10500
16227
10954
27693
2107
13484
34678
34228
28732
27713
1685
9826
22198
32139
13126
655
11924
29526
13920
8879
7860
37486
32108
17851
25914
11134
1704
5454
26006
1039
5761
289
34353
20604
19411
11714
7499
5787
16284
31082
25787
2551
7888
276
21913
35248
14483
5510
35866
4968
3910
31593
5945
3648
12586
22135
4561
27299
24981
11064
30587
8024
8846
18292
10907
27687
32253
10909
9842
17737
8005
14598
13767
27704
22242
29058
26455
3827
15563
7444
37119
29885
24255
9922
2613
31797
16849
22927
35070
34800
16752
17174
35175
21175
27306
9569
29328
1754
30973
31013
5332
17401
29776
127
37314
24842
24979
25500
4730
26573
34068
9891
29220
4574
26242
17155
1838
34099
24307
594
20809
14187
28393
223
7775
23391
19538
32868
12261
17732
5107
20334
18603
19038
37453
27451
8740
31507
25705
36424
10962
11066
6795
23286
11492
22664
30561
10677
26641
10611
33033
25328
16843
24715
2548
34890
15445
32700
2474
8767
27038
30446
13440
17019
1407
24160
1219
37133
24241
24095
13481
4974
6832
29001
9977
3292
33363
35318
14093
25306
24853
30724
19925
5357
4453
32294
16669
23464
19858
5859
22063
10807
36387
3315
26685
4270
16132
11633
10978
29980
21117
31508
24406
23746
12405
9271
171
8022
4697
20023
18682
14734
8068
34983
6976
32896
10839
22781
20888
7489
4662
12271
30532
32579
30197
17580
26329
35567
24771
36697
8335
17703
6743
32454
23906
21296
34272
24251
7077
9892
12357
13081
14762
22741
5424
6076
22169
37250
22012
14042
21532
14446
36379
24334
37006
10844
35264
3059
27282
21961
36469
1307
5889
11685
16246
25114
7044
26463
21911
35975
15977
2900
16159
27772
26337
13866
35704
7151
29041
13037
12245
17920
16547
36505
16513
11331
8790
136
32784
34183
18302
30577
20602
25827
6177
8248
24063
19647
10629
12878
31280
692
30768
19054
34327
12035
9267
25581
35451
30515
19300
15223
18375
20351
376
30972
3211
36914
25717
12588
32021
25209
9918
36035
683
29509
23620
14790
29677
5718
16621
19561
27703
7555
9471
618
28675
10983
1147
5788
26655
29429
12955
21182
31574
23935
8869
33326
7624
12196
20453
33058
9925
18908
13029
36084
6585
37403
778
9456
11481
1545
5973
34908
6368
953
27169
13543
9514
37423
27754
9133
33902
30788
20716
21283
34664
24250
25786
11970
21022
4276
32064
34485
32128
14078
29222
12777
33945
15546
30025
13270
1902
10671
10750
6166
10760
7200
16423
14141
17550
35542
14895
7617
20179
9566
6501
35782
16427
33185
9250
16593
2490
26230
13807
35691
35203
25353
22399
32851
12786
7240
15929
21163
17805
15967
33993
35227
33304
4629
34059
36100
23673
1919
29841
723
1517
29516
31816
34726
20208
13434
15379
1184
16103
28158
17338
490
7520
34451
30770
37344
19042
403
2039
6708
33364
1594
3474
33597
303
18485
11487
34310
20234
22777
21525
10052
20642
21094
13051
13012
22963
27154
17520
12041
244
32527
5434
28404
25745
37552
34121
1778
26983
20774
17430
11237
16602
14846
4854
25697
5642
2201
13196
6995
36714
16074
7113
5934
22756
13483
5998
15066
27676
12124
7335
31137
26113
6996
29585
17931
13502
27467
14716
3545
7521
24109
8872
34126
1693
33994
16255
29874
36850
37322
22404
24610
35964
34633
3274
26949
20261
19747
9729
30675
27833
19336
37384
11829
28136
19932
20511
27689
11077
17824
13598
35502
23918
23975
27970
36203
6597
30594
22159
8199
18995
22036
14256
15348
17121
1442
14962
17038
21053
14057
36365
23038
28611
28564
1582
10098
29183
36281
8570
427
21271
11867
20216
31253
7855
8308
1339
12611
34108
21335
22951
26671
27508
1003
5707
19080
25164
23910
1974
19046
37436
15473
18103
18847
15063
8796
19263
6341
14986
6375
4434
36497
31736
17131
17640
12487
37663
8716
33482
22415
32472
32016
25201
14970
25180
34595
28757
27949
28362
27267
32658
7420
1058
21126
34476
28109
21742
6424
16141
27133
9321
20304
9727
4330
22129
1546
272
24062
7062
2306
22570
22139
26959
5700
27027
4505
5877
14538
11738
6982
22571
22285
10836
20675
10440
31845
6153
37583
18146
7372
36138
16073
25341
35562
7465
6400
17435
36298
31995
24371
29532
36557
34621
9597
8114
36464
21578
23461
19829
30400
8289
13255
25337
11749
24713
6367
17729
4840
15049
22192
27235
34542
15082
12857
9551
26038
31409
25145
25385
12791
17447
18371
35533
34867
3253
23540
26731
30854
6081
25319
13242
13184
23873
27628
26093
6663
15344
33277
5986
32079
20020
24362
27691
18086
32495
7937
8592
20612
19122
9130
747
28492
10254
30918
26951
31029
5397
12689
5971
10620
6135
3691
27715
1791
8774
35679
4605
20874
29777
28198
12028
26885
21168
6658
18165
156
22888
26700
6365
12971
29533
29669
36965
7049
2821
21697
24423
25152
6890
36228
33067
23604
19199
16219
30441
21751
6345
9518
28238
30476
28389
9209
12069
3260
5289
16053
8682
31004
32971
24718
33427
4913
1887
16191
30812
29126
22331
32094
5896
34786
25054
