29945
5741
18372
16281
28338
27109
5427
29708
8780
18062
791
17029
2360
1402
3018
3932
7829
20300
26945
23889
20964
691
9605
4334
3390
17135
27270
16432
9225
24544
26067
16960
21871
32899
10767
19112
9992
5461
29543
34309
1316
18644
27770
29772
32768
10854
21562
25596
26151
2439
25595
26562
16915
35504
35316
6828
10129
26840
11407
21380
27147
14730
23924
5768
34754
23217
18810
276
22470
17908
22663
31700
2953
7817
457
13427
2771
3975
22206
28360
28250
23437
7171
24455
25120
34580
18671
25058
33756
27031
5202
11852
20947
18147
1245
27760
6750
19433
1426
16478
21326
16570
26596
430
2450
13305
14968
8427
31258
20729
26756
4892
12664
27692
20654
17397
5747
35745
35016
12865
20433
34416
29608
8436
35828
37562
30621
25413
8193
35354
12725
29204
31599
32216
16959
16804
18011
28432
1977
27705
15422
7490
9357
30574
28352
14859
3319
19086
35837
11612
23960
9973
8757
22463
1019
5457
20784
12613
26571
24895
17174
29515
7394
10376
6912
15829
22235
34248
29323
14991
26866
15973
358
15607
21407
46
11928
15902
30610
24719
7957
32574
23948
15764
5020
6737
11189
16720
15651
9181
24261
25409
13090
5340
35860
7717
2905
8331
30655
15994
29739
4732
20357
27672
3200
37263
29609
31376
14555
121
31276
15808
17504
31596
25241
10552
1187
3044
17241
12898
15176
4222
8052
2284
15051
2265
11700
16900
22333
26674
13954
9881
3695
20298
31767
25317
35855
28070
10775
8186
36759
32843
2369
35721
16268
32862
33731
13429
18235
14429
33463
19195
820
4579
32311
35472
21789
34409
14930
7977
21019
11659
30175
27978
5883
525
24995
2725
15773
25719
19816
23522
22497
29740
34624
10663
22196
3568
13165
6510
5578
21491
10366
19217
22364
15637
1376
31732
36474
18683
12365
7134
12603
16666
30057
20135
24877
11792
1827
16010
35709
15548
3034
37653
14939
30322
17134
31993
30308
27469
25483
19918
6172
21625
2530
35363
25867
22223
22037
27754
24726
14451
14532
3881
11175
9585
12421
24021
19945
18256
29524
9233
24988
36688
37553
26062
3604
5863
37012
16780
16200
22076
5834
18925
21287
5067
27604
18444
17437
6974
35918
20042
8305
13895
25377
19435
14361
13328
11002
62
13321
11519
4935
9113
36620
28139
3271
29584
35661
7638
2397
7089
29112
35197
15447
24916
6616
13589
10676
3735
110
9630
12457
31319
28557
30076
27863
16800
5271
33013
31000
337
10894
19471
37698
11044
22678
5158
14148
35085
16792
29571
4253
5887
36887
9213
14760
18600
18179
15054
15778
13422
15187
4444
28315
31010
37506
15928
16049
29493
31358
6832
26411
37689
7600
17005
33957
32304
1076
16898
1460
8236
36910
22378
5867
7993
15533
22845
21080
2079
34808
34797
3682
36381
28390
4380
17242
19823
36980
12264
20195
34058
6889
23474
28298
7285
20021
16877
1622
9534
9366
26716
30876
22484
3481
35418
31896
20554
4858
3497
23230
24384
5166
21786
30184
13641
12205
3691
7214
4416
8231
5850
2852
12374
5516
26776
15380
32754
8808
19008
24192
36950
35093
7505
1197
24727
13501
23044
35600
34717
31156
34860
1765
33310
13693
9414
26169
9627
7487
23385
25358
19399
14384
15245
3070
26191
6799
26406
16068
28409
16270
24550
23270
24153
8723
4941
12897
1884
6930
17611
31883
29255
34675
23916
25809
5746
29164
7358
7753
16275
35508
12846
6028
1574
23719
18023
7935
30378
2087
23508
28115
20307
19027
31566
20002
34441
286
4467
33471
30242
16667
25833
32318
17697
6822
20859
34109
5636
21810
28328
3104
9174
1424
26858
16475
2373
259
32636
23074
31997
21246
1367
26959
35309
4613
14247
16105
28921
17451
29666
20741
17650
3679
36484
598
3947
36695
6221
29384
31249
16967
611
1108
3721
6997
31597
21030
33591
11444
28647
9913
11419
22836
18121
30973
30641
17725
2005
13779
26713
17362
30269
16968
15166
10634
9348
23278
34649
25801
1974
580
16078
6602
29479
21090
24062
7312
36552
19142
13461
5313
8474
24000
18375
22452
15207
20896
19301
27816
20167
16757
26372
14411
4673
10123
5798
5251
19567
27953
24944
2192
37051
17543
34386
9970
8502
22886
13408
19694
29259
12581
32346
8387
33385
22677
21191
2173
22873
16453
26341
16155
11103
24156
6209
19728
34510
4836
31803
34901
14940
31404
10379
17626
31379
35365
13731
17705
1831
27617
17728
20483
35173
17370
25536
24578
12224
424
31246
18184
3766
13270
27410
36685
30312
10984
29076
24439
18835
22927
10921
30145
16555
2583
35228
36871
1315
18879
14169
24231
26646
27520
34776
3629
15640
22017
16856
28450
34499
3342
20593
23965
20036
20845
31849
13424
21167
7586
27527
3504
703
35101
28626
34549
26821
8386
21327
269
33531
4007
37528
32510
31248
30280
3716
29240
24046
28285
18746
19569
33276
22428
1810
7073
5169
11829
31364
33062
12441
16680
11872
28362
15960
10961
37344
13824
35559
174
27236
20240
20893
17948
18799
21572
229
31028
25122
15393
29399
10316
3385
5018
16407
19495
23697
27814
22884
36976
20745
2138
23629
25196
34151
22759
10973
31714
34765
20253
15851
36812
24120
23024
26148
25807
35765
35715
26868
12389
5198
11901
30884
36549
20710
557
32231
13898
29754
1611
34683
6856
23154
20141
16370
13799
21438
15247
34726
35134
573
19948
8594
9023
28030
24745
21735
347
26954
17859
8321
28144
3325
36966
11232
35725
1437
18333
37621
6956
24362
36623
37309
26346
10741
14292
17171
10325
22800
5010
28436
8431
32151
26321
29537
22782
328
31171
23627
16630
10471
7967
5091
2547
17824
16381
33251
29821
17537
24466
8329
15969
12857
34916
11465
23418
29069
21329
16987
18582
30595
34458
18599
5521
37438
15439
7594
29720
24972
29717
33969
20398
33396
23888
13108
29853
31181
32840
37100
8838
24677
11405
162
15244
31132
3648
14213
11939
33156
22281
36366
35708
21823
32203
21103
32799
36536
35350
25308
10331
33420
18446
2663
18866
35517
8423
8082
25291
8307
23700
15684
26352
33970
14499
18149
4625
21495
6095
25784
7764
6148
17373
10031
32044
9923
23717
24111
1904
34800
25479
30006
25364
35326
602
31664
16468
9269
15862
3802
103
3195
19997
32094
15589
1485
28508
7787
1522
27513
12678
8646
8217
16420
