7066
34723
15841
17188
35189
8240
11470
35593
8058
11601
16938
29526
7311
28974
33176
1097
30213
769
33674
2542
6777
13217
6
18028
12197
11528
23093
19333
26368
5524
2423
27267
7022
22916
9597
30785
15239
35556
17323
31807
34923
21296
877
36656
21141
2399
29649
27557
19536
16977
7426
5560
36776
8863
11149
14290
31058
5736
1215
30393
1617
24711
13136
21804
11201
13384
10145
21334
23323
23548
34306
16981
35693
16896
9577
8902
7761
7483
11249
34768
19481
130
4552
37093
32247
22977
11761
27153
3607
31152
32858
17474
3984
296
36266
33164
37481
3993
12981
29814
26416
26696
28793
2368
1595
27131
35814
12686
13840
21711
31804
36144
26558
10893
19396
8820
8932
12467
6846
35138
20561
29226
29563
36621
5321
15285
2627
30488
15544
33292
13680
29269
7074
7701
1452
5406
6467
4463
19434
4173
2123
17512
5661
9648
4975
1103
9925
12117
17223
26727
5609
26684
17243
30837
15532
29749
4405
11246
26569
5731
25167
17093
11960
27201
19540
8250
15580
8556
25036
1891
3113
37318
8641
2280
30411
26294
8398
22511
22595
13558
12820
36918
30589
26754
34484
2437
2598
7421
1377
6882
22002
11963
14050
4709
21043
665
17542
27097
10348
34393
18223
31834
11097
14052
16980
15003
5926
32475
35182
14147
36032
30792
7000
22772
27980
3808
26881
33323
2695
24805
20892
9424
23039
25421
14704
14264
33345
4696
15029
24437
33892
6693
9799
10362
32191
29196
19699
31438
22576
6821
12061
2231
5299
12784
11921
24924
23196
25887
22697
19486
10514
19748
1616
15983
26293
31495
16465
20123
638
18267
11968
11975
5009
32742
27171
26544
9406
16299
6781
23797
18935
18284
34917
8625
26240
31121
32648
5598
19539
22345
9949
19767
14336
13388
3189
26014
4010
18519
18844
15752
8322
3945
15171
21865
16750
21378
11923
6605
23119
23089
21685
7460
11498
16788
8109
18572
17063
24082
21248
35943
3500
3456
5945
11408
7855
5785
36489
18724
27223
26313
2923
275
9659
32190
28937
26110
29047
9468
28309
4868
20352
36212
20672
18135
24914
30027
15590
1800
15086
4265
23908
7873
30998
2000
34126
13058
12106
7448
20786
29631
34186
10571
11838
18855
16306
6449
19436
35293
15451
30728
19364
14209
19485
26770
29842
14013
28514
13373
32682
10234
9993
35267
3055
14263
6571
37007
35922
14304
473
6460
34766
1349
26786
9937
5797
29243
3490
16929
9472
7703
35243
14989
12615
30813
583
10278
8990
11129
8681
18090
14936
14435
9095
26856
905
22768
21000
33294
29326
27278
26173
6557
6376
33355
30818
11305
23419
2684
14142
27633
12134
30532
27789
3899
17385
25726
18945
16542
21606
30125
10421
17958
27386
26582
14911
24110
33152
9611
25177
21174
3065
10521
21683
30640
19841
34578
20119
30397
21956
16024
21676
3898
24441
23268
25425
16565
153
24991
19103
3150
16754
15291
34671
22451
33400
3153
2761
5787
25764
21568
7266
29463
36481
19872
37187
9524
21934
25491
27022
3661
23540
12449
32942
24119
18861
7130
34524
1630
14861
31266
4182
2859
15927
2870
554
24478
33124
18637
1269
7391
24004
34311
32133
13198
19334
19874
11737
26493
145
10509
34442
20530
6290
338
33008
5869
22567
12010
11102
3573
30310
31695
14360
5302
21577
26402
14402
26278
3750
3986
8147
7197
18708
9126
10446
33726
7858
31201
218
29846
2170
652
17620
26849
3924
5306
31067
34110
19690
26318
30745
9877
9228
28965
15304
24468
26164
26883
15613
10494
10371
11331
3949
15880
1567
12804
7234
4042
9146
24999
19074
13421
17394
36572
3670
9059
5711
540
18709
14827
31800
26559
12439
12131
33995
22848
30134
2669
23865
4668
12217
25684
10186
23828
13518
10737
37219
25605
9274
13500
35063
35865
30744
21932
11684
11340
13918
31951
35932
17736
34735
12620
11656
23198
29218
15383
25024
33556
28125
25002
26659
36440
29557
28413
26311
1934
27083
1759
3197
9575
4536
8047
27318
34767
24835
11095
36367
6081
5815
14214
25765
20279
7956
1057
18712
26738
1344
9200
8930
18118
29389
2807
18391
21143
35962
35439
16762
10052
27606
25030
21845
33509
15066
21217
14363
1531
16821
2322
7931
21817
10739
33333
97
33162
21587
621
8403
27018
25779
22259
32781
22216
4682
20232
33258
31492
24656
28686
23096
26521
14359
17673
30245
37511
6049
13927
16392
31260
34436
5906
34777
661
32885
28215
3662
1669
6643
25520
12356
5423
2411
7647
37480
34711
21478
2259
26600
23673
17334
31563
26055
20965
11669
26245
5725
19216
16205
30625
10909
22398
7009
14693
21621
34033
32287
18645
28277
5216
14146
22940
26126
8149
34343
22756
15280
36324
36080
23754
22289
11638
577
23882
6233
11670
15825
454
4633
30430
6871
31322
36086
2457
28628
2783
4433
32081
7060
21188
18277
6380
15820
29807
21259
4170
41
36582
1557
8096
33483
36805
25251
17122
7396
10714
17066
5307
3593
15055
14245
9504
5277
2486
29511
283
22150
8269
26588
3412
32750
4470
15704
35872
3678
17409
2260
12681
10091
12432
12023
14250
14014
532
26777
9122
35105
18155
3246
32012
9951
19988
590
19734
12868
24144
28715
36510
4035
8699
20944
9874
33203
23393
22319
36881
9546
5454
1922
33473
35067
13137
26855
261
9963
31432
23854
2858
20184
37515
355
15421
15275
8338
32260
27885
23253
3968
32651
290
24460
22226
22556
3896
35054
36284
27584
18067
22637
3293
7571
32599
22310
22935
6624
12352
11563
33315
23210
36330
30273
2740
16543
8005
13590
18826
18585
26105
20043
28150
18813
29424
6735
26560
10302
27268
6182
6300
14793
37633
2298
16474
15824
28258
23397
8956
27629
7362
17185
28925
34687
7300
36127
4816
18012
7700
26427
7372
19375
16035
35235
27015
25232
9955
18890
9543
27899
11815
34609
22776
25248
21400
34536
22182
24732
3694
31920
33887
31671
17525
1356
10196
34055
6880
19684
5304
30466
29438
9812
30657
35728
27662
4409
33271
34053
23009
18260
14645
9912
12689
16560
33945
33737
15847
16694
37095
16781
31328
26835
19228
15946
25414
25487
28911
9909
9196
10503
29
29233
5058
20057
25569
9885
6985
25166
17960
11068
30045
4171
31332
4821
33665
34747
8010
10027
442
24812
25138
28630
20699
1562
32387
5949
9064
9893
813
19253
1754
19244
381
22707
20031
30342
4902
27631
33230
25621
13289
4165
25182
11172
29950
11432
20495
30938
1151
33568
31202
31074
31812
31533
28028
32820
17479
10458
34498
4318
34864
26701
13197
29483
600
24461
31300
31660
3176
35560
21627
3560
9057
37149
32035
28951
6106
27996
1999
12812
23884
12316
13052
16748
35540
30282
21628
28441
34621
24260
24285
9522
8713
13409
33527
34979
30764
19830
4574
23447
17375
36855
31696
12568
36170
2077
10290
37391
21615
24990
23675
28608
21345
13381
9836
33257
13896
6817
10452
1674
18417
17649
29190
8890
30296
7943
7846
17634
24229
36961
1673
5312
21113
21434
8992
36816
20591
33092
29976
1980
25578
10983
1442
8262
30907
17918
34656
21774
32594
32097
6497
23932
439
24330
32784
28136
5376
19554
17710
31782
9189
33633
26438
23559
4241
20099
22587
35804
7656
24367
31241
12053
16812
6800
31041
27068
3194
7156
30701
37179
37071
9056
33964
6387
30845
2775
4250
7451
8800
7405
1722
18207
33859
36209
26730
8487
27340
5557
10654
16053
13159
36341
2319
7492
33597
468
12850
11888
3998
37197
11997
13879
6864
4194
28773
30194
1546
14768
29525
9090
29642
36094
16231
33127
23416
10199
27626
28575
22988
16427
610
12452
12923
9702
3891
27393
11969
22075
12438
7167
17081
27190
11839
34799
11242
14409
22356
12123
6183
9408
3935
14007
29888
21888
27530
11738
19530
3509
7982
1419
8759
19085
18221
32991
4731
13257
22083
21646
28932
6495
36210
34496
8893
36396
25758
14791
13608
18520
16833
14452
1872
2837
30018
23704
30802
1821
27553
906
15204
12790
26163
12736
26936
19158
26615
742
733
34566
12913
8060
21355
22859
18742
23772
12602
18688
26291
23550
12422
4931
16199
19267
28480
34841
23034
2796
11286
25571
19372
29187
29840
8640
17811
5455
14005
1095
794
31550
35442
8003
21215
8094
10538
34545
21102
13213
28130
16377
28652
30413
13851
722
6127
29922
15307
236
10776
3322
30182
16409
12829
24475
28361
17647
1942
33277
14351
28868
20707
35297
7482
27861
31279
19785
15223
32469
9610
30253
26017
4391
19432
32503
18771
22450
25275
7928
15606
11696
24482
7569
6770
19546
19417
10843
15487
29425
32046
15472
28560
3097
28713
25773
32611
34205
37094
35166
23398
34847
25983
22647
24960
19574
29336
29161
748
12753
32349
3506
19390
4861
10609
6910
20077
4850
24432
6922
8523
28664
8960
13438
33804
23446
22126
7749
33627
33602
13375
32702
27725
19351
11263
36345
5141
15408
4842
24502
24297
5136
15846
13448
11497
17963
15071
19204
7366
25533
7774
24047
8175
8997
10651
22509
26778
10433
19600
11
25065
13353
18105
33839
24185
26996
23999
24218
24487
2032
28447
26307
2029
25412
21946
36919
34268
56
27992
10546
32014
26599
24341
23016
15453
29176
22276
21534
12483
7557
4636
6180
6640
10724
35915
35451
35276
36145
25568
13269
23030
16042
1242
4856
25746
16805
22129
32386
11538
7098
36721
17407
9911
8443
11543
22262
28303
16923
18036
23300
6427
11429
26969
24100
27515
36935
13122
27187
22197
8464
35308
22978
34630
5390
22558
24985
3672
12276
33834
27620
18213
4561
25244
22561
18201
30778
9364
7933
28109
26977
7318
4339
14867
21240
20721
3792
34925
29832
32583
32718
18803
31736
3836
31340
2485
7152
912
36183
8061
29830
7834
27158
4894
25906
27892
30088
7731
23506
5476
33961
35017
5347
3026
7178
4268
10479
13335
8643
18601
10095
18521
21277
21612
23406
3739
7790
33149
10257
4718
6323
17226
22073
8418
22974
173
14143
7176
19634
31568
36099
25378
17177
11425
15560
33943
13181
17192
2270
25322
16037
28425
13359
14784
9499
19875
6573
22473
28210
32483
18304
32573
29553
18319
34637
25896
19034
19516
19113
2659
1588
18253
34728
23497
30585
19959
8355
30161
26243
22041
27785
12777
29090
25235
28444
20967
23521
14520
35038
33493
16341
5535
17195
3410
20879
36120
36163
23019
24486
28239
4766
7677
14012
6470
33549
29847
998
20873
33503
27742
397
15058
23082
11375
20996
35259
33542
889
24737
4186
4548
16533
26414
9344
26771
20942
33827
27300
6788
37170
13410
6350
34183
8775
13318
2639
14433
23529
20783
20349
20322
348
33621
40
9378
25151
35700
10382
25212
18816
2690
24102
21142
13262
2331
15925
23613
17455
37683
36915
32845
33461
164
36135
9990
34005
17926
28718
19382
26195
4232
13
28837
4103
23050
35714
21746
36901
28113
16636
37560
31371
1384
35981
32130
6809
10595
32030
9503
30687
12688
26010
8007
35645
3053
5558
29591
6711
23391
36562
23364
32256
23031
31585
862
3748
28246
37305
17971
17707
11223
30360
6839
21576
2027
17749
10314
5737
26670
28358
30623
6051
10690
918
37574
4991
2729
22752
2311
30440
26574
9070
12174
18634
19821
33403
16471
10925
25545
15480
36293
12293
21045
10718
26224
20160
14996
27883
8929
16170
5289
5565
18705
32259
7184
23120
33132
34909
8098
18366
31261
20992
18346
27671
8272
18852
17000
11289
19742
1037
10418
30452
37627
27132
15140
24205
35256
33913
1222
24324
1379
11514
16157
6219
16662
8040
10699
29087
26166
13887
20962
6760
16595
30686
11540
37327
33415
17040
9571
18698
19815
25921
12774
19709
37589
4637
27596
22835
26774
22491
24462
25555
12387
539
20708
5253
37642
15753
5145
9587
10441
12247
19367
23920
33098
2078
27271
27560
25668
2478
13729
14377
26634
22880
16738
14878
19720
9518
4867
32892
36801
37211
30271
36754
3522
25702
4629
31986
32731
20404
26197
36849
13023
7168
19017
20877
7195
3416
9865
6338
4471
30660
33002
9649
29552
4039
10917
12378
5115
36466
18658
28537
13460
13961
19293
17830
6718
10801
15462
15667
22079
8814
4064
19393
34813
31744
20549
16246
14498
5694
32165
14366
566
23071
34363
21444
37445
6708
15109
27215
11082
14654
3588
3529
33673
30920
1422
24739
29193
19712
5530
34963
474
6125
14311
22120
27165
5757
35464
32836
872
32360
29188
23428
30971
3619
2459
8481
25879
33555
25288
29848
33767
25154
33416
36247
12433
5241
31318
115
14538
24683
30311
22583
16735
12794
29428
79
28318
33516
490
17207
28251
4489
35670
23020
34364
8310
37577
13899
36674
1721
9371
2385
21268
14661
6113
13945
16247
7955
24862
21922
23564
33122
24091
26033
29931
20271
21108
22989
2717
6313
33675
4426
9880
17629
29306
12159
20789
33214
33988
31417
6600
10671
10351
12770
36338
34784
32492
20590
10482
27644
9525
32877
34880
1910
15727
26669
6569
32284
19566
12498
23276
13413
4413
15141
6246
37561
36070
27727
21092
23091
16137
26252
13153
20032
28515
8705
29065
34690
18144
32575
37313
4390
11406
4404
124
7313
19961
34284
8080
15951
1890
19155
19680
13255
30489
6407
4317
30590
29901
35851
17876
37538
20286
17607
9382
14618
5723
8445
20420
29229
21377
19533
30609
24646
20034
36006
24325
4180
8468
22624
4817
33216
37584
2052
21198
6928
27927
35688
18035
17368
15069
12658
30104
18395
35876
1078
33377
152
22609
12489
15096
30611
32388
2965
11566
22247
14731
15721
36113
32708
9318
288
21608
12236
2929
30368
11827
23576
7565
29410
30171
9777
33380
31856
34573
26084
29343
7948
6475
3815
27519
22255
33511
11006
27628
7273
16418
34241
22067
20004
19275
16347
3242
9754
22394
21213
5539
2503
5835
6009
8162
37145
24008
24934
25514
25866
26845
10760
2316
8066
33304
13365
18136
35245
26175
25276
20087
24668
34736
1767
1993
10916
17819
35033
6888
26992
23591
7810
7226
4913
13853
30039
12855
27108
30228
25927
11092
22572
5904
36749
17443
13971
4755
28041
20347
20162
16236
16842
7352
13480
24691
13298
24058
20223
7735
9778
1862
19490
23946
9287
23744
34188
24066
13459
26799
24163
28068
21638
1696
35770
6994
27288
25690
7088
10685
29581
16568
1256
15228
5378
13760
14248
25391
36666
15119
35843
11303
16191
32948
4818
15761
8453
34667
36873
28131
32380
7945
18979
22280
11217
15198
13940
8190
28042
32546
11823
32329
4835
21460
6911
28191
26025
2057
29045
32007
20260
874
23930
7223
11227
5364
23834
3895
6851
36178
7952
21668
10334
17842
24939
26491
3614
15819
10053
31538
11934
547
8033
36858
22739
32355
651
23027
8597
4943
26217
2155
9740
28292
958
13125
36207
35501
20650
2082
27467
12826
2899
31101
5053
2924
10791
33711
21971
487
12867
11712
12418
13036
4562
25223
32801
16538
4770
17
5297
2293
22700
29670
3386
6278
32818
21165
33831
2356
28020
24756
17937
31311
28666
27475
28561
18451
8039
16226
13926
23440
37532
17485
32394
32911
30685
34207
18170
1448
20609
7220
4705
35348
15022
7825
22229
7012
9079
5847
31728
1888
10137
10516
9471
26804
13158
27528
21931
37495
21554
10309
17956
1984
33578
4366
32280
16127
10870
30525
2744
10233
32871
1341
8735
25680
25903
15063
26001
31209
10202
11591
9178
13177
10580
20614
23979
15703
20091
256
11273
15953
23671
21870
3144
23585
12307
37593
20473
15339
32811
20018
21120
29221
8260
26446
18490
16966
17205
37233
7797
34516
15685
36529
4851
34009
17871
4988
37620
12750
37478
20958
5928
5231
20209
20516
14404
30254
34242
10966
1715
7650
6418
23304
36753
22659
19528
9131
30015
13788
36949
35112
31140
6520
7930
2686
9203
35772
19160
15622
25969
10816
25131
23245
37046
1213
31840
2046
11341
35181
5445
36146
17760
37556
10867
12178
19643
1405
17127
12377
9722
9720
36084
5439
4002
30727
23534
16397
1525
37607
9732
6865
9317
16406
16019
26073
22854
34500
30065
26363
34342
20898
30617
10119
23832
6224
22011
6528
32129
13952
33898
34076
21547
37390
36532
1023
14881
26863
14178
30858
284
3206
19126
15947
23338
14385
36929
13948
21846
8425
34704
32258
12308
2006
24562
14522
21852
8108
5575
7126
36
34681
23868
20770
18643
21084
5057
8374
11552
9230
15712
21521
33899
36274
37097
20543
13642
25110
4437
29061
16685
14417
13307
14265
13968
10892
21157
32219
14545
18834
9745
313
5775
11128
4914
14375
32337
17086
15762
5002
20932
15038
29429
711
27821
18832
26661
31769
15065
8393
29890
36313
32765
16626
884
37429
3444
11551
9082
8754
26764
24860
27988
28872
7786
2867
19632
28074
11828
12312
32278
34715
35585
32531
8471
16232
27439
5004
14696
881
8591
28423
31108
35672
136
12100
9099
18536
31757
11895
4599
15087
7419
3013
37649
36948
17312
27196
9302
2900
14794
12841
27779
30108
26894
11365
626
20397
25957
19568
6192
8687
1149
31739
19189
16328
16695
15461
18793
28112
6648
963
25132
10659
27119
18056
36463
14993
28500
9479
34730
33077
33907
15253
697
7363
26041
17790
15477
34889
14220
10515
23430
14966
9810
21253
10640
5826
15433
7371
14747
18360
5140
25904
35535
15740
21313
31342
15083
13220
35768
15016
6384
12643
23610
25991
16589
1251
22651
9153
12016
17965
17308
25230
26643
31150
27500
19091
2330
3889
7121
36684
36995
19583
2285
4116
2105
21097
24061
6018
7019
18385
20693
18010
32413
28204
3883
28691
21647
2846
700
5748
4078
25249
2823
15027
7632
12827
35305
7429
21489
6358
35011
716
17645
35771
31948
7584
10844
21493
19041
2921
9962
12669
1454
12130
23066
32737
18791
13681
35555
27683
33868
9511
1031
27943
11616
11391
36057
35215
31278
12964
20642
17727
34115
2327
36951
10126
16047
27279
3567
10587
28611
14001
8773
22670
23628
19692
10746
5338
24080
35731
17521
30922
9107
5178
35525
4849
20597
20261
22024
20720
33285
36775
1753
2689
22982
13512
25255
34642
23954
21592
25893
21571
36731
15915
3536
26120
4431
30072
27641
30127
32298
15283
21474
29883
32752
18932
31569
18228
1430
8067
25040
24592
14831
29872
27421
32302
21537
31528
3521
37341
3609
34973
29825
35956
27149
23712
25551
30518
27425
25511
18609
29820
13978
31158
7027
18561
34719
2367
21785
30000
1079
14571
21921
24103
14217
3956
22466
18233
11094
9774
37090
23220
23362
13022
7099
30968
13304
14184
27100
21686
25939
12585
25634
18492
19555
29186
32440
26048
3771
19858
393
16051
3417
10229
1350
18387
28689
13089
32926
18068
3697
27123
18632
434
14207
30688
35171
36316
17838
26658
22537
37077
15180
5587
25195
35881
10918
33861
33060
23624
926
26903
23208
20925
6128
15577
4084
21721
36022
23126
1944
23495
35531
16182
26708
30584
17639
20164
30967
21436
19058
22968
29055
22945
22750
18199
24679
17553
6887
14308
13593
3566
23741
7682
403
6892
32721
19206
27200
25791
23580
7799
27247
16028
21996
11062
31345
2430
20174
28085
6556
27587
9661
15221
3838
36242
37465
13154
3622
16886
3098
20320
9369
30463
6506
34634
20182
19238
15319
37388
342
11717
29155
18720
11608
17100
18066
12202
33595
13205
29585
33919
2585
25542
7941
28861
39
37412
16204
27145
16184
9177
13804
23681
26490
27087
4880
30740
20228
21766
21649
11906
25034
14497
33660
29558
26303
4544
25722
3280
21406
16181
2040
21011
1517
37054
9731
34078
26812
6122
9011
16751
2183
20229
461
25205
1521
3850
35676
5807
17361
30633
20423
13465
23452
5007
23905
19759
7491
24863
33269
36064
17376
18865
13142
9338
22185
35925
28428
13472
37594
13295
35184
1346
15157
5089
24006
24492
24390
727
17095
35966
3584
5582
16878
4837
9976
35773
29184
7365
17371
14104
19191
741
37205
3318
23335
27547
36061
8590
21012
26136
15188
20467
33562
10179
36402
6228
20686
221
20649
1102
30890
24626
18500
21411
7995
30908
27428
10874
21272
23745
18448
3427
28002
3948
33434
3166
1958
3368
4546
16774
8084
37672
28998
9428
4535
12234
33873
29578
2162
1286
22870
26988
37603
34315
36238
4288
32861
30490
35914
10227
35121
10617
31288
5105
32174
22391
9012
32350
20881
596
2089
13556
28975
12609
36655
19691
36600
23386
30722
713
26940
19176
18045
19124
9727
28032
30302
19729
35227
32059
8873
21674
22000
17351
25947
16133
25433
22727
10108
6054
7837
27346
16503
33376
16616
17789
7478
27240
11784
13458
2618
8825
5112
28011
28841
22877
5732
15209
14738
18714
27042
7471
12982
26457
26367
10326
21581
36007
2036
27385
33295
14610
26415
33270
4017
2104
28149
561
2236
37266
37660
23376
27415
13573
22751
25295
982
34538
34505
35724
16522
23552
17012
27991
15627
16835
17016
20046
25216
16497
32144
35383
21760
26467
12446
6551
10166
36167
27066
5857
18624
26424
21393
10040
12810
9175
20101
32072
21543
8634
22339
35229
4879
11330
19389
10048
20384
71
13885
31927
29317
7094
18762
14584
35523
26215
26371
31539
33254
3645
12137
16725
10445
17616
2930
21232
29181
37682
4912
15816
34278
20233
11760
14928
19629
1132
679
32230
11010
31188
9171
25697
31909
36810
5399
27915
22698
8897
4506
16615
14840
5508
31175
1011
1112
26920
31697
23764
8171
31035
28102
8495
11534
6347
35485
33445
25084
19443
11810
3667
23065
14403
21421
19203
36659
27177
7996
29001
7689
6057
27126
1793
25977
28046
19570
3056
33222
10596
12505
10763
25737
22681
13059
27843
19595
25965
17588
37308
17569
13039
508
3642
29014
12166
26178
32048
19915
35945
25985
13161
16508
21173
21063
9295
241
10073
37319
2664
33968
20725
29885
5456
27456
10001
30121
7281
8817
27531
32132
19018
7297
33832
935
10612
27107
27964
826
6858
30519
11618
37545
13767
7059
35156
35292
15926
25360
17875
7229
30570
16770
23450
10574
6592
2645
20073
8789
34877
22351
17266
29105
16209
22192
9555
242
2752
32953
7017
30260
15052
23893
7453
27711
22620
25197
37428
27203
31797
31903
34677
23987
17289
19009
37191
5915
20356
25192
17617
4619
21908
20385
1893
24351
10276
19866
3296
31725
24380
675
10135
20580
20582
2464
21204
2061
30180
16405
25390
25525
233
22735
12146
12065
33352
19910
26385
14423
17812
14127
9537
2954
17854
19560
17816
32420
28705
4734
31442
23523
27227
2952
29643
16864
31173
25179
509
1058
36026
9046
15130
5222
27947
3114
949
27769
32786
9811
26911
26739
33370
3316
35720
34769
4388
1608
15568
23587
13445
18161
20636
37517
3757
6033
27487
21897
26122
29191
22277
7857
9449
25699
16399
33458
26540
18605
973
4369
22298
24094
28223
493
9581
17345
9437
16678
18469
11492
32021
5003
21593
33040
5944
4486
12677
23158
10098
32220
31891
17360
11096
13209
33784
29154
8561
32680
24370
23732
25714
29293
16189
34383
8041
16087
34017
25613
24602
20883
23464
21395
33980
19750
35518
34676
37559
25730
15336
15591
30232
3738
34487
13695
15777
36748
24728
471
34351
16970
17522
11310
550
22500
24239
26211
20560
26914
30046
34073
9756
19958
32834
37664
13021
781
6115
20432
325
16511
15300
758
18283
36334
3796
11098
8197
27321
3926
37520
33027
14301
24613
31203
2770
18094
26506
8703
33330
24700
27755
28300
32149
17540
26780
3728
35462
28211
24645
31939
6530
26983
10751
16412
33908
33822
5084
30661
8088
29174
15631
12540
1897
12550
17247
8702
7139
19795
541
29262
9859
683
21738
13909
24534
8327
30703
1966
2927
28610
16890
16992
16153
25243
6747
19460
1589
35906
33406
15978
4984
7630
7826
22455
9042
8385
14331
2277
4870
10284
10050
5254
17898
6774
833
27552
26834
16621
29381
32118
24823
3022
5948
19442
37083
9121
19950
14388
17909
21643
19679
702
2305
1092
4070
31906
32966
28219
10342
16303
3937
21245
21551
9526
32509
4072
2629
25104
28213
20542
10995
30012
29926
14871
33884
6193
19798
19350
24274
2920
12718
11509
11830
3164
8024
5402
29748
28117
15888
28703
37172
35557
24374
4788
2304
32145
24416
30799
2307
33847
21982
24181
16884
16756
3724
30795
27784
22202
10877
4327
13404
9124
8804
20806
3875
1065
29503
5592
21154
31478
828
23491
11692
6363
10428
3048
25400
8019
17136
33807
34490
37491
2998
6721
21532
25573
23914
32588
5362
24973
30830
8946
14354
24394
8912
30156
22238
21910
10607
2028
18555
3045
35548
14481
3982
10128
31606
35318
33070
2560
6745
33183
27025
23826
28110
28859
16395
27744
2562
37402
8359
31925
329
18815
1996
33351
6713
29211
267
8844
8012
18526
22087
13412
22551
21343
16733
30202
35741
8141
3264
1053
4650
30712
29081
3524
1277
15893
28931
9248
9840
35321
25101
35991
810
22147
22436
33049
31298
30404
21441
35769
11015
23493
19404
9329
24160
4945
21027
32931
33334
25318
24313
19449
34087
7607
32107
32241
7418
15114
35687
1952
30559
22239
10865
30608
3017
17487
3073
32694
17228
27835
10708
12465
2811
13752
26568
9551
32361
19453
7347
30904
23462
15226
5358
9385
7840
26985
32675
9808
35089
31059
10519
13432
5153
32377
15741
33347
10295
1575
17078
15677
32693
5207
6299
4231
8168
20251
33447
35755
17374
16269
19061
9742
30807
16993
37150
22641
35563
5111
19138
25599
6526
2380
6024
6151
19753
5968
22493
6632
27299
37425
36302
20268
5056
5103
23578
17315
6400
5956
33702
3552
9762
25137
15498
31049
20946
35114
25852
29703
18382
3420
1466
18589
20623
21944
9474
3788
8276
26378
17013
17765
14075
31897
7054
12516
16463
16180
1181
21872
2117
29036
9936
24071
32610
16783
6360
27462
21927
14487
2715
18379
20273
11158
223
34583
25970
23402
30097
8996
17402
27759
11479
1935
13235
11247
23223
289
22220
35487
6129
15279
29388
5586
16501
31172
9718
18508
37363
14563
2441
25794
28467
1686
24070
35640
35527
1313
31619
2756
37202
9681
31451
21629
6676
33053
8455
26512
25466
17944
9544
21212
48
25543
18078
9804
22443
6353
28732
7724
31789
16061
11765
21286
18576
25931
1579
23929
248
10487
7463
22885
19929
24151
3190
19296
19754
20346
13539
1473
7606
21744
11718
34501
27886
20645
1881
33994
28194
23917
33187
29684
33232
36052
7523
8442
33508
35951
20956
35954
32538
8339
16441
1774
1118
17873
29027
2622
1465
30579
14880
20744
20882
7515
15445
25081
23353
33618
27376
4903
2631
15554
34593
9744
14410
32168
37016
13841
26188
9284
16054
12935
7342
23886
23617
21538
13285
13904
11614
19164
15837
33666
1707
30702
5249
26522
36227
28929
14046
12617
13379
12625
36794
4620
10764
17782
6978
8790
30338
33612
19850
18512
14092
33192
28344
31749
32566
31887
10823
18965
21695
33830
13369
19211
6664
15002
31787
31586
30955
24364
33771
23143
24730
21940
13019
6802
2114
12970
2221
6443
14927
6374
36320
22762
27608
23415
19169
30392
9568
14749
5182
24940
32805
13077
36568
26525
6232
12666
8653
5543
32929
17380
17879
28039
23723
19458
30313
1469
23288
7484
17138
12862
33223
31733
1647
16187
4953
12350
32265
8853
1303
32011
2011
14986
29356
24241
22745
5774
25302
32292
24184
24204
32326
5257
24899
31055
654
3108
812
10250
114
10427
11174
5440
16228
33999
18075
17781
37174
23809
17731
20012
5501
16984
21163
29963
21752
29110
9077
9102
16011
12257
26549
23740
15372
13955
35083
13194
36040
4190
23326
33717
26650
33543
17800
3111
5573
3270
36229
20199
12035
18620
29928
1246
2614
25426
28398
12854
26552
19762
25657
3848
34120
1844
26829
31310
7446
33624
4198
7031
29785
5789
32848
35041
6538
9538
22134
12580
32180
22871
36415
5584
10834
6939
9089
4179
9194
31282
28408
10096
34041
35260
8752
13923
14917
28824
36693
18364
37505
1100
1643
30240
25681
29497
27394
19226
3673
11691
5349
22902
36646
12800
31216
36735
2674
20833
1915
20922
27111
19121
9308
12764
34225
16119
23589
16611
21942
8822
30347
227
18674
1247
33664
33448
27447
14666
25798
14984
2869
23324
30179
3555
33281
26160
11526
23467
22601
1020
11004
36999
250
12338
33680
12271
7287
21486
715
35117
11652
2943
24817
26492
13015
25689
31581
20587
4828
16582
9716
16602
17059
24892
17244
32373
22221
15905
13261
6003
13056
17670
5478
425
27532
24472
17975
34201
695
6461
10564
12497
10313
9150
16945
14163
24682
18388
10585
28654
15367
15502
36703
2993
34080
9549
28807
11356
11826
35408
17717
26386
31634
22862
4863
35494
23186
31688
15884
29274
32037
5097
19783
25023
32579
5491
24840
30035
6820
31652
27592
20311
34414
15073
8215
3460
27867
11179
18496
3331
13338
5608
33647
6093
28366
37591
30564
24625
18880
10847
2667
17910
19833
15044
28863
34757
10249
14358
32927
17932
25498
13249
31223
961
36153
8607
24708
24155
29752
3021
10286
13479
16707
30707
37171
6653
20047
37518
2019
11118
29665
1073
24851
18506
12272
19297
4096
20443
11352
23766
17019
3733
1474
10743
6026
32040
21541
18969
35766
7190
7339
36790
36526
22177
28683
32512
30900
22526
24915
16787
33940
30666
23825
36174
15794
23028
25899
25260
6155
8707
20468
29504
25146
16763
25463
22597
19788
7738
34557
35100
35529
19300
23614
14034
22569
27673
15809
36869
4098
12039
6970
11459
12861
9374
35733
14466
18454
6048
12511
16442
4026
14748
24337
32268
1433
30162
31934
17267
28843
28594
33805
33848
4487
35470
9323
20536
9935
2062
4411
15766
25945
25778
37242
9735
36018
36831
28707
12920
37394
6688
22623
18242
13750
21511
19904
16431
14202
25961
2177
6401
19349
8747
29891
28846
11361
21825
13870
225
12566
14151
10490
24612
6744
8791
28740
36478
21583
28699
32941
28960
24976
33882
22062
2940
5380
14746
35050
18208
34083
11300
30767
28764
26815
9210
11832
9063
5891
5740
12209
33264
20128
28524
26595
25102
36653
23714
718
25155
17310
7729
12330
10030
25028
27179
17350
11469
24551
26943
18499
33023
2799
15032
34389
23248
2473
2299
33632
15744
20510
10397
29338
24414
22330
21697
37246
22671
12644
35957
940
10118
1702
2445
12607
21830
7758
7659
422
30416
33430
7242
17933
4609
22098
29812
31390
10536
20835
35796
13228
9826
28160
5696
23988
7646
2169
3858
13622
14740
11380
8435
14587
23022
3710
33930
10809
3203
3665
12210
30137
33001
2167
1612
7215
3707
19813
31004
29805
10404
34966
29962
20961
3355
34692
24644
19562
11561
16664
13614
30639
36297
12265
37133
8672
5567
25134
17180
19172
14185
24085
23977
26606
5341
26413
32198
30849
1034
14874
23244
28437
16831
18659
6862
23005
30043
17392
34015
33407
32904
27036
32596
3167
22704
14122
27654
32895
29808
4273
25398
26324
32960
34065
12597
3989
11244
21753
12163
13306
6964
11185
8456
26749
29815
3404
29151
34965
31511
20390
19939
28306
8155
22981
19430
6918
6200
33239
5344
15663
15121
28446
17554
18776
10626
10878
22860
15724
18997
23465
29364
10266
17638
26873
27443
30987
10071
36111
9664
35637
8239
22033
8092
1685
6707
24332
29917
3169
28199
25864
1619
31078
27272
31936
7781
36854
33738
24749
31372
17338
37081
20418
10009
23067
29669
8857
14249
12840
32563
16311
10206
13579
30798
16624
23989
3101
33580
698
28728
14088
4398
30921
31837
25186
27082
32758
11506
21725
22987
27021
30123
20692
22965
10015
15479
24121
9700
22936
28810
8748
1111
19406
29662
12471
3746
23423
15020
