27244
5052
16509
20311
15744
21098
7831
36170
23638
16240
8496
3600
19567
29053
166
11894
16155
34008
6724
17095
14541
35579
35916
10368
1681
20296
16059
21571
30667
21053
1181
7459
12814
13753
15713
5602
7963
27914
15195
17536
32851
16649
32523
8593
35817
8501
19951
6904
27320
3560
19591
37232
24714
37604
27468
11734
19017
8618
21459
18936
28372
19364
502
27191
20943
25539
32265
26096
24781
1518
2107
16584
8417
21301
35676
5334
23745
13773
11923
3805
30622
7368
24313
4187
8056
37408
37176
12000
35095
8118
9010
15997
35135
16366
14311
6704
28676
19209
20566
33542
22152
4447
13925
9285
26007
10722
31288
31825
4927
5440
22634
18795
19305
31422
10381
18969
202
10948
21099
21991
33978
32816
37587
29040
8379
28565
26765
11071
36065
1343
26931
24695
13561
26880
29459
16522
4222
17629
29154
9992
8036
21191
36785
37630
10783
22075
14349
30543
23035
848
25769
31348
30402
20793
7813
11588
20325
186
9874
13603
29225
20488
26688
30596
8178
1030
25243
19545
6061
35706
13713
16279
5429
36462
16999
13556
5498
26395
1532
35848
12210
35679
3565
20674
6545
5895
10295
32556
27765
1699
28392
20931
23353
12289
4416
5446
14625
28651
1403
9609
16623
32768
30387
8349
19164
2050
16545
16489
30419
16967
23622
30220
9153
16805
22506
13356
4764
20912
25432
35091
14153
15326
11307
10061
35975
25875
17956
4643
33631
17861
6601
11981
8943
15094
21421
36946
29164
28017
4928
31853
3478
1600
3342
25610
25168
31586
29576
28085
36346
31224
29380
4605
13923
22924
27602
6737
8590
31249
11465
15356
19193
25730
15879
126
2446
18866
9217
21753
22040
23022
28911
14597
32629
35353
2999
19123
1651
14248
36906
30435
25523
5357
2601
28992
19729
32227
37709
17636
22668
7574
23543
6561
26197
27395
13601
13
6795
3134
31967
2888
18246
28755
8190
21808
33551
27988
568
11405
18287
25641
27804
17703
35624
13656
19857
35940
19893
19992
34936
18441
37519
23629
33654
33568
31231
37306
35279
16465
26041
33047
28922
14155
19820
1017
17693
23458
18368
911
30060
18476
32300
4414
17500
10821
6786
8595
3916
4075
16972
31240
17493
558
31962
25865
27659
2815
31149
28980
13254
27606
2551
12662
23063
3937
5836
14036
27360
28403
26651
34959
22486
21778
35673
18214
8185
23168
16750
25570
21353
37566
13709
22237
12227
37134
33114
8589
31232
18138
24635
18857
9333
33973
13085
27963
13318
13871
17585
24280
3135
20286
27131
4562
32937
37053
6212
15560
14234
7196
30869
26687
19343
23589
25114
1292
13560
5751
16782
35280
3690
9722
9957
19944
15581
7087
33970
8282
13546
30361
10144
7761
12231
2120
31046
36458
4999
18098
34970
22582
919
23329
37085
10716
26260
17838
21575
34807
3058
21327
27525
19891
34988
4179
13825
10344
8541
16717
28584
24086
8653
24524
29396
12414
34567
33396
8571
5108
8340
21242
22717
441
19660
12119
5640
3706
8364
35419
15917
13985
11220
36962
9031
3422
721
37591
16232
35107
8671
18371
18546
10186
15280
32359
15328
27025
13129
37166
10796
6524
25507
2828
1536
4410
15232
23623
45
33717
13479
26685
37675
7515
16668
30338
11442
13120
31785
6049
28966
22925
19659
4219
24653
31838
37518
35175
16911
14482
32336
3160
12625
22995
531
27933
34212
1843
13155
27356
15214
275
3070
8226
18739
31537
6526
23101
2087
24768
34501
33055
15314
8645
22838
26923
1722
14495
6087
16069
25933
1059
25993
23763
23982
30142
23166
938
3973
27495
12263
30617
13809
6509
8378
33199
34205
34506
22134
12944
15613
10692
17889
21784
36392
13330
13779
4689
17364
22837
11232
34517
12150
21126
9168
35667
24259
9736
29339
5051
1182
26989
16834
1496
1639
17572
17335
30565
27879
32085
11074
11477
28653
15074
32820
37472
22369
19293
29353
24620
8113
3476
1727
21666
20883
16618
27180
23279
18242
16713
31089
8505
643
8459
14408
10369
35889
4623
20700
28310
10449
16347
9207
25106
10818
24041
25564
25307
15284
17123
35660
12014
17154
10621
16145
23856
16111
8551
642
25449
34153
7269
31475
34358
15109
10519
26181
15228
20171
24209
22098
13877
31358
34274
17560
10817
12321
2952
32398
30171
15832
35844
16783
27319
27181
10594
11270
36992
12661
33855
33668
10529
21173
27031
35924
3258
6759
37550
16316
19099
34307
13443
10327
17819
35352
19915
36069
21259
33354
23069
17659
14334
15514
7266
30427
118
7560
26579
125
24868
2584
27754
15061
3732
3880
3546
23144
8628
9661
10795
2156
18202
28773
8662
21821
35550
23714
33416
34437
18984
36128
30154
32499
10335
17073
14268
14337
37269
13860
27946
2742
28300
25390
27250
30915
17434
9655
35498
15381
18514
13099
8482
30396
35698
33273
15242
11436
6098
6511
6084
14534
23964
8134
9464
24384
24985
8709
22054
5800
878
16319
28813
10098
35711
33899
31167
3751
36175
6581
19464
16000
36882
7249
19537
14695
8821
29644
37682
15643
37677
34158
28893
27394
36855
27813
7408
36961
1327
25283
26537
21873
24745
22907
27317
9850
17648
23249
19145
19613
2659
28081
21068
11089
20580
29872
28426
5492
36630
28152
27310
31135
22978
34962
32324
2073
30083
29132
33344
32370
31172
12882
21844
10811
23600
11632
16519
439
9105
28507
15603
28472
13862
12877
28059
15060
15296
36154
14154
20747
33024
6587
19528
9148
14537
5354
14274
16323
35382
31765
27505
36943
3743
18218
37692
4156
34757
36620
10622
27983
32353
33511
16490
31152
27433
12686
35291
27200
12148
14547
19262
15493
6801
29563
12843
4339
36657
35503
15562
22442
4599
31995
5603
2021
29093
3124
14627
2268
28284
29629
37246
32135
19226
33412
11395
4866
28058
26582
16
14134
12823
4147
8579
20631
24955
32472
13609
11870
10218
8870
24950
10781
34856
18257
34921
20479
15712
34557
9625
6314
20173
16080
1144
21905
9357
8431
3685
20779
29523
35271
22269
29810
27803
23617
3158
37617
18951
15742
23319
24432
8472
13626
936
31207
18314
14552
27979
7327
21641
18697
23435
20398
11197
29252
28753
2148
12867
21236
16420
2033
12927
35640
19460
12972
31220
3607
10824
28452
23140
8903
36771
34423
30659
35225
15332
2235
20144
34400
30468
5865
4459
37394
22374
7685
18652
6358
15584
802
637
31485
150
9212
5417
37003
8926
17665
9461
30235
717
6306
30783
6915
5815
16638
32065
19898
23336
6034
24507
7472
16143
11991
12489
34064
14219
12809
7435
1916
21005
25458
14195
17751
7397
4194
31094
33419
32038
24007
13251
20687
3845
14971
27455
6839
9092
35769
20174
33866
22929
31245
9664
29715
32531
35923
25967
30615
5321
28600
32677
9511
17467
8832
32062
6273
4857
11710
15800
13822
1623
21904
34902
34513
3397
23187
26261
31677
1698
4963
30715
522
4485
27341
13614
24261
23944
10213
14773
1081
15754
15455
29008
33153
21521
15791
17052
22787
17697
14326
7748
9777
30010
6608
12960
15546
5481
28064
16128
14512
15605
28962
25968
20795
36327
7805
5465
1120
6778
21317
1214
27383
15764
35096
32511
25174
27116
5453
33624
11984
18068
9474
33752
4035
22031
13719
5194
6806
34705
5907
2825
4260
7182
15986
19699
2331
12959
2711
36406
19047
6894
25241
14858
35429
7846
12549
15405
8290
21110
26518
16823
9428
23273
14033
19512
26992
17109
32025
37068
30906
30856
21987
12672
6051
35473
26315
14919
27011
24327
29661
14152
16894
32117
34753
9713
6325
4033
14144
23946
23251
35567
3721
2028
5780
15726
19809
8196
20490
20845
17322
21356
16543
1640
28379
14723
16431
10174
2498
35137
3869
36158
8184
11426
16760
30959
2474
9888
31703
25358
35880
4968
30541
34123
37284
14432
30375
17850
19116
36658
777
35134
22601
20066
25404
15349
27348
29045
36349
27482
9126
28762
12491
29018
37475
18027
16151
35820
2054
16830
19283
23934
16563
27822
20275
24638
21395
34698
27546
12690
18683
5389
25723
10409
9571
13564
8625
24281
25237
28902
10289
21651
23213
2273
31180
7673
3614
17033
23607
13611
30244
1074
27266
21252
22873
5361
7971
30236
14135
26847
32671
14467
28230
19333
12303
7777
9700
19864
35454
17609
21724
25165
36412
20382
378
35972
4652
26516
33996
32817
17997
466
16244
30914
17124
30400
15885
34245
3612
33134
12773
14767
26862
25996
36905
101
4309
28273
28832
37474
9208
10482
14042
7797
29851
2456
31702
16139
11070
29537
459
34775
16949
16898
6421
2644
32857
13973
21282
2831
28671
26985
30196
21386
2077
1396
3250
8304
4719
37081
13291
36494
9635
14061
30850
34346
26674
5549
18816
23294
29082
20420
24215
10671
22822
35601
29952
20065
7285
2785
11390
33070
24627
9458
28197
14855
35920
31508
26645
15838
34570
9431
27713
12240
7664
24370
31482
5374
35407
24021
34695
14390
18450
24774
1039
12507
30970
8950
1071
13430
29804
29208
23085
8719
15277
34246
28736
21842
32279
18062
730
7108
1233
11428
4429
9254
19265
2088
27818
4600
10189
14402
9133
21162
1126
35774
6360
26397
19087
10858
17349
20640
2017
37534
9601
36711
10117
8069
28714
15369
36129
27036
10115
1708
2254
31951
27177
23381
6665
34236
32372
2739
20451
20417
29647
9575
3492
23438
29684
9794
12831
24051
14017
27144
8758
9839
5804
32471
36951
7553
20338
25020
5626
17392
27257
16442
9209
35558
7211
18985
25321
31318
37247
36152
10249
23906
21594
9894
37065
233
1904
10854
22872
27492
9388
3028
3694
22099
10952
26934
10951
592
10258
32039
22768
22842
15959
31473
23961
21765
15201
21138
14446
24014
7765
3082
23953
32939
12608
17546
34009
4611
12616
30756
22352
13220
3298
752
34127
31112
27141
35199
31204
14538
31305
34072
33246
32186
4934
2908
21244
34328
34763
19131
27814
25087
16815
6117
18617
7569
24279
5616
27612
4380
4954
16792
36625
21312
16958
31268
16581
20527
3179
30646
2552
9226
7954
31041
5416
31706
12875
1717
37497
33048
16979
2818
748
4593
28298
24527
11616
25749
511
28213
27573
31797
12540
27060
24962
36934
3515
17098
35802
1386
499
31432
13691
7662
21161
5355
36916
24026
18931
33812
13797
1341
22064
6279
31803
713
8952
6950
13347
2530
13169
7476
19261
32430
3430
14006
7145
34724
24319
25816
26208
36777
6113
23656
33340
15373
12306
14829
20641
19706
35284
3251
26179
25151
21993
5756
28255
16367
15198
31945
32871
9903
25871
28065
2717
20181
17194
17787
36209
35139
30908
192
28764
33389
32436
32717
19932
3969
13738
35808
29655
14301
13452
19508
17492
2147
26897
16639
22863
31890
32293
19732
36903
32599
22756
15907
14536
10620
7527
19069
24372
4982
30865
12987
834
22389
1789
28376
29502
10239
29586
3307
28353
33520
13727
25313
28826
9990
20561
36677
14486
28071
14827
22928
27640
3282
5837
11745
2150
34270
19468
5568
24388
10405
36365
29881
25348
27996
26990
16499
3064
21209
18616
20444
37195
33530
30699
16492
33328
18588
5791
14290
28682
24443
23323
3558
12121
26141
9786
24501
12970
14963
29360
28738
33086
7148
4849
13214
29409
690
7551
34744
9227
2062
18790
18029
5257
29362
26349
796
6988
17785
21722
978
5227
31760
6610
36360
13205
2707
8468
35520
13669
19742
24407
31202
16809
19967
33211
36558
23008
22624
33880
5439
17874
33277
20903
31006
33437
1691
3444
34545
21245
3352
32590
28632
3078
14095
789
35164
31986
2058
30872
32385
36442
29569
32771
5414
19761
5621
18835
26941
30643
29532
1707
17437
24162
6085
26297
6660
6221
20847
5672
4819
14063
4675
1658
17323
12438
21990
2409
16199
29343
36697
25781
33467
12668
36868
9171
28471
13695
32283
10278
16593
25597
1471
7717
19268
9608
1080
32096
36102
20792
2615
17789
27391
29762
34074
6885
21750
12731
4108
9178
3636
16191
20347
21959
32714
16845
26558
5617
29518
13216
16902
25378
14316
4833
32646
21337
24301
6227
23513
35610
2672
8742
20791
19152
35650
31884
31163
27629
31510
21315
13983
31222
30784
8668
9110
17216
22754
33244
16126
18604
17318
19882
22517
30137
8224
33465
9136
4644
5769
7282
14110
11705
17859
20425
35357
4269
28357
7390
11371
28781
28879
4054
8655
24674
25365
32087
35814
36953
36340
7422
4162
23304
17074
8384
23313
14892
977
35886
35821
2383
10984
26485
16897
21950
1710
21766
15902
16023
2587
29338
8397
147
19147
6224
1838
28314
10582
31320
24897
998
37151
28718
37033
18978
6378
3729
32796
21969
12527
24278
27719
19759
10085
34615
5037
33380
24397
17950
5404
34492
30284
13643
14245
16404
28574
26478
6756
20733
15537
34726
16235
22557
26339
26389
20898
620
15505
20697
7427
815
32426
36427
9968
1058
32597
28411
20433
29138
1407
28419
24514
13227
7477
5499
28110
37135
24049
306
32000
30619
27064
34750
28727
5295
9521
19489
11122
32566
19488
3774
16374
27668
36930
29755
20352
31602
1328
6457
14894
6347
2110
27329
26747
26308
26551
22687
24144
34999
31509
4989
11695
24059
3781
37252
22021
17651
35699
9720
29485
14400
19896
33748
22463
1826
27157
12752
24552
17464
5308
750
6621
14492
16585
7416
22384
7633
36544
8394
29988
11756
21582
10501
18410
9931
15217
16820
4210
36675
33124
11339
12749
35446
28744
7293
10361
4172
30583
37239
13838
10172
7092
25753
26070
32361
11439
16025
16918
21537
19298
28788
16732
20732
26505
29557
3599
11278
13223
12337
31894
33795
1307
5883
2878
34476
3542
2909
10463
4900
25142
28552
14201
11530
16466
7018
1661
28995
30830
26873
24061
35403
34061
10731
26647
25394
17828
7066
13504
34472
4606
29222
35434
13315
20724
7565
12761
17402
8067
9991
20208
36479
27976
5022
646
11590
20519
25831
16362
7894
5759
28087
11963
7068
26999
28915
18815
21996
20977
2844
34292
5024
16756
26875
28561
12620
195
965
17269
2211
34711
1060
13431
32863
37351
26641
27208
7331
19300
16283
5132
29308
34581
26739
9394
12679
15083
6589
9184
6670
11058
22382
20180
11959
35105
26769
7501
24628
5517
16460
5652
29939
34918
13329
5983
2671
15622
21106
20885
11625
8167
35928
34305
5698
8289
16714
6715
20274
20368
21967
30173
23962
8219
9561
16657
24130
31778
7341
17568
21812
9532
34863
27111
24238
21870
13604
18328
31403
31077
29165
395
4624
26488
2142
6625
28173
9900
4324
13577
1231
33670
3777
28460
8262
19318
27523
32510
26461
7309
6332
15483
37241
7826
2666
13382
18845
20103
32395
21219
14553
16446
9048
14449
35458
5213
29257
35868
26099
2314
14738
28961
11057
29028
18583
15447
36683
37278
35260
3140
950
26161
17317
7203
12305
9149
33921
21493
11661
22983
24764
30936
25748
36092
12467
37279
26147
29269
1018
15633
8838
21960
14771
31430
15733
14952
25767
35989
949
21351
2930
33789
32442
13136
29712
15776
16330
1808
22527
2081
12774
25703
11841
5358
17369
34548
21012
3269
21977
12208
1785
22226
37152
29299
27534
15305
14218
22496
7818
14174
25613
5434
34968
19684
22857
3597
26095
11047
36174
28262
22298
34828
10901
34130
26440
30703
21303
28496
25180
30386
17883
309
19301
32936
19337
19500
28394
17315
11129
36211
11587
14950
36891
7610
20987
10442
12418
27786
6961
36676
12258
13736
2917
13277
36161
29202
19610
14502
10584
9173
5472
8694
8878
2261
14382
28693
12138
7863
12173
30986
28229
16696
21865
31798
33083
30981
12057
36461
18991
37445
30795
33216
16923
4002
11783
29430
8892
14631
20541
827
27646
8866
25034
30421
37696
33159
8096
2099
3848
32776
3236
10759
12597
32108
34355
25445
34370
4918
15179
32578
32696
24353
9268
33655
19083
23372
26266
31928
6068
20746
31467
28685
11678
2617
11911
21968
4744
7571
16842
7958
8913
23416
8924
27305
11776
9510
9478
25510
10942
26736
3978
5664
33414
12926
12643
3121
30430
19842
28537
2128
25187
12179
9795
3020
1199
12520
6109
7604
30224
37283
14355
4325
12344
31638
31935
17383
14573
14765
29793
2255
37325
11306
23378
36795
10187
7613
26131
14910
36326
18003
13446
18406
1024
28178
22461
634
6454
19655
9886
30601
33597
17022
26137
24143
32498
14180
33757
26446
26853
35633
23176
18155
20095
34784
15139
1489
25593
37643
4756
16832
18435
4840
22788
26324
19091
5854
30441
13787
2430
21853
23272
30602
19114
6065
10712
17797
10472
10418
20056
28431
30611
26241
32024
13712
27028
31541
27376
1326
5651
8506
20261
1202
34971
25505
11871
10603
36703
28482
29193
28897
19858
17512
2250
2946
16260
16648
30050
3084
20833
32206
5004
21460
19978
18484
29010
26240
22313
4986
18490
34413
17793
35800
28207
22007
8452
29788
32978
27698
33441
15665
31059
1061
302
16162
6311
10837
19679
663
31405
26693
30097
29643
22753
17012
31542
9235
35842
37466
10570
6365
26153
16002
20464
35862
28881
11192
10429
4310
36521
31564
35469
13117
20602
12589
25083
1210
32681
13898
6426
32749
33908
27022
2394
30897
1219
22219
25103
5567
26590
2007
23485
35212
35677
20543
26548
34895
10347
32313
12364
6510
36491
13739
15032
7280
4213
36744
8919
19335
15934
26133
19560
29575
27143
37251
29678
22434
10030
32452
26108
20299
13427
18321
18306
23671
8435
20067
1509
26421
14728
6728
10112
13984
8598
29118
31476
8407
16621
16205
16272
17705
25337
11732
19611
7069
13640
15131
29940
7833
712
23394
28154
26146
17791
26018
1711
1261
35101
168
24942
34601
33252
20892
19133
1000
22958
15612
18236
26302
10492
20973
5661
8565
23235
16106
16200
17348
19535
33223
37413
31642
31892
17774
15133
17282
15626
432
17403
8381
2108
7195
33993
34745
8781
20038
12981
24377
23417
4794
4342
34035
17851
7693
34383
18908
2526
26376
31127
17178
34558
11398
26735
17927
29568
35309
34251
11684
34336
33122
21616
633
37295
29290
24900
21672
36889
21776
34096
35826
35864
36705
12249
13520
27675
36748
29219
24087
16781
1684
11455
28193
35218
17213
27164
27597
24203
5528
8453
28279
15655
26621
18577
22126
19340
11186
29309
37415
3086
5003
20536
26703
37105
16186
10980
29975
23095
6519
1725
13968
8414
9340
5811
36309
20623
11780
18692
315
24229
13269
24981
10155
19779
29595
6219
19556
11493
25973
34094
16365
7480
35019
28594
16966
13434
5165
22672
27466
22690
5210
34761
7751
13976
22599
36439
1368
34362
33208
34932
619
27855
16087
15096
30044
36659
10139
21911
23684
9705
8408
24685
1774
21445
21375
26004
11512
19808
15985
12439
5882
4122
7414
3734
32
17433
34579
18661
19843
37223
22116
5148
29785
25419
23195
24605
34342
27215
2531
33639
8954
28476
8361
34076
12555
6963
32966
36416
28174
30456
19519
9434
21670
7233
22732
28119
23100
5390
19627
6860
3093
11971
34363
22522
11746
27005
36867
22285
10055
11092
31312
27256
14111
37432
36766
28105
33490
32301
37430
24004
24266
34103
7399
13177
31173
36222
10005
16906
37019
8991
13987
577
11045
31392
20869
15012
24645
13929
30444
9024
32725
33814
7635
23837
14509
34703
5433
13868
4243
16883
10787
20940
15086
16131
16919
2813
35338
21160
6918
11269
28128
14332
33366
6631
21323
27398
8564
9278
6151
18963
4661
28143
17480
37678
1448
10385
15639
35593
35308
3309
9213
27831
24406
21920
35484
2266
33013
8263
1093
5701
31847
7149
10597
21004
21584
36999
26581
1186
15922
28689
1815
29321
11264
29223
15872
32104
20139
12047
13026
29366
22513
20259
7558
5208
152
24405
11062
37613
35576
20196
33356
16166
6409
29753
18660
37322
36457
29217
3625
34694
3344
2989
17725
28690
1981
10851
36
12071
32131
25073
28589
29920
16961
369
7082
27947
26612
35351
36759
4264
18332
34937
1516
1610
4008
22292
1716
13960
35513
5235
32637
87
7708
14128
15357
4451
9883
15302
14410
15043
2380
7
19470
33581
23633
6998
12890
34762
7168
31700
23423
23596
1197
15797
20224
37596
22497
25298
14976
36111
20380
901
31296
29640
25434
23957
36939
33173
31502
18224
14191
935
29451
1450
28477
23054
32884
483
16678
10012
8162
21165
37680
29478
9508
13579
10970
28368
31397
30943
25315
4498
11391
26868
18223
36444
11039
15528
5565
3581
34308
14939
20720
35391
31926
8757
36793
35795
1088
10540
25759
24822
6047
27984
2610
16510
31833
17744
17915
33326
3939
31636
20006
33815
6146
30556
27426
29072
473
16722
20160
18516
31064
14617
29718
2511
17955
29766
6959
27290
2341
13933
8739
7806
24680
15273
26809
5065
12033
18482
18562
6673
15167
14293
30237
967
35731
12390
3459
18418
29340
20329
14718
13551
23082
4093
9283
427
33307
25506
34954
14160
37124
8389
10630
5044
3304
12098
8270
34225
21286
28936
22946
27237
10807
36738
17422
17089
18326
14539
24971
19680
31504
35502
85
14075
22200
5623
7188
21593
2222
26760
36207
33339
4736
36100
10894
27899
1977
21440
15801
13707
25355
31749
24595
648
23536
17778
27728
11072
21288
23092
19392
33601
21198
32928
34310
24006
34332
6474
26978
18220
35328
7877
17174
1697
21069
12646
8753
4576
6410
7344
3428
33935
18262
30005
22471
4538
35580
2157
4814
1112
26722
14463
24360
34892
5935
10695
34801
5807
21183
32676
11999
12457
10907
27919
6775
10173
32576
9594
21485
16216
5792
8450
35949
22603
26403
19702
2229
4131
25958
29525
2839
29116
37141
31072
10688
8294
377
26317
21897
2974
37705
3764
25289
22959
19435
8206
24665
19728
36338
10488
2882
1793
33704
15450
31635
17542
27017
30072
5340
22262
22808
26793
5683
14737
27975
7134
12472
28400
10994
31122
27393
23538
18437
8409
7847
13123
2495
31082
12677
25276
23823
34334
31846
32803
23864
25327
5401
20378
2812
15475
26343
13146
6344
521
29656
31741
15368
1749
31045
13781
2662
3765
21799
27613
12376
12356
2609
22024
31622
7426
1486
7375
8594
3189
27622
20832
24002
20037
32785
2000
21192
9580
8143
16653
20862
22703
22251
7498
24023
35813
33381
9202
21874
8477
21071
2703
2547
25592
18930
3106
5669
33399
3166
19847
19830
2146
25112
27802
21022
1966
31324
3747
28956
14528
1134
2094
5788
16192
37465
1939
30348
25352
1788
29610
30384
14347
20322
32154
7510
6690
18081
25322
6964
20698
14205
18672
34742
10136
1794
21698
13300
13022
27610
21059
31189
30870
7291
24723
9927
8938
34098
36051
17444
17009
19467
30336
11920
30250
10558
31823
4953
18747
8114
10604
8993
19012
17387
35182
12904
18510
24171
17587
33876
11316
7803
35542
30957
27538
10250
37460
30265
11910
22967
12416
12379
36984
13542
32169
24505
11381
13827
20351
11094
18007
28381
12164
17586
17581
5123
1712
29560
13524
9987
30342
4491
16169
20557
23997
29499
35176
1439
31027
5015
24358
12045
28641
2665
29794
9828
27361
29916
14020
26904
28885
13606
20517
14624
11130
12577
13458
7004
9451
14112
30162
34404
27884
26281
1588
26603
36510
3004
22663
534
14519
25063
5436
16133
1585
20094
6162
10518
21189
14082
16688
13937
3556
6005
29520
26836
35987
14071
34899
6859
36490
23106
11444
26414
32734
16669
34073
5090
16109
29173
33810
2022
19651
30876
15461
27856
864
15939
29977
36721
34421
17967
16998
9803
7866
27063
9915
12120
481
22702
24492
7743
17970
458
8934
32160
6984
26964
7386
16981
26037
813
27197
15473
28250
11142
19419
32238
28192
3828
18825
19127
15352
15968
2398
4390
27737
19385
31640
4500
37098
32271
22542
19714
31576
31022
5253
32416
30652
18718
12512
8755
24258
15888
22169
11605
9870
32636
25925
1264
31052
21267
30892
29828
2900
7461
22086
36094
32102
7815
25182
30161
26490
11666
10057
11658
15358
17142
18811
11440
35000
34303
29681
2208
6780
30271
10612
32016
5273
1949
21207
11327
8264
21585
28280
8188
2802
8153
11016
37125
6002
13675
2873
27783
14822
33261
9663
8909
36836
21732
16449
12943
15105
30275
13575
8227
11180
25496
34222
11644
6584
3966
24596
34889
7302
579
31444
37167
25500
36974
34975
28697
22579
29130
25207
19803
25800
37684
28573
798
21615
3585
36963
36171
30463
15813
34382
29084
23208
37104
10556
5352
4841
12345
32723
36883
34776
17949
11294
14141
8360
17394
13873
28125
13194
25683
2769
8300
30580
32309
20474
3076
33239
28726
8218
13555
27297
8702
11509
23790
14417
26966
11457
23196
4111
27809
27389
9930
37452
1905
36258
20384
31344
34357
33448
28420
24658
12324
14799
35497
8284
11970
14941
18173
7070
2925
6022
28780
2472
31585
23360
26445
32698
34678
14834
11474
35372
431
33435
6595
19589
16843
4082
11857
25817
37191
33746
5364
19853
32802
30813
21721
20610
14715
28734
10284
3264
14902
1285
8699
2029
6102
28333
21519
14933
37535
15644
12169
27429
4875
30706
15113
23256
2251
26544
30108
7824
10741
3376
10438
6994
23405
32095
12880
23257
35239
11547
4249
34050
12775
23341
11292
21943
16558
26988
20468
9355
23530
36280
18299
30603
18188
26882
29820
29094
9994
7013
27020
8510
34369
20861
1411
4182
24219
35045
18999
36067
34782
4778
2505
29155
35302
21823
3068
36864
11865
15662
37315
18430
30343
34812
4289
11198
21702
4025
27943
29997
23062
34230
29784
8051
16042
23860
31451
16506
36470
23094
23081
5419
24773
15474
14270
17406
23299
15981
10068
19030
9450
30584
5101
16829
29581
4965
5691
30717
30037
19863
11568
31047
33323
25688
6953
2782
11961
24639
4282
16031
20122
26542
14309
3604
21255
9615
33505
8194
8159
952
19185
26237
25846
28461
10899
16065
6592
20980
13202
21862
24118
31598
15955
3388
32893
13732
26290
33426
32420
7785
31516
17518
36805
17076
30241
18340
15041
2535
1325
36835
17934
9993
6635
21609
3499
30538
12980
13451
26824
19772
23399
6541
26800
25808
11173
24571
21389
30221
6310
16110
35157
1109
28130
20487
15181
3579
10563
12260
16900
26342
6071
3735
29954
4559
37268
26593
26658
37569
19331
26042
28133
16643
18040
9553
33956
26408
15649
29722
14844
29077
15364
17351
22935
33519
27575
22600
36372
25215
17266
28244
13001
20872
15382
3296
27841
30328
16432
5286
26005
24881
34440
30635
28746
4398
3530
12041
8534
8288
14985
5880
30771
23658
22323
21434
1875
12813
6465
17171
9798
9190
23285
21407
20819
10778
37082
15573
31261
18174
29416
29367
8788
25375
34164
1434
29240
10407
1601
15267
34819
37146
1075
15890
14376
3895
1730
9251
16183
20875
17990
33523
42
30098
28171
13486
36144
26029
24876
29363
13977
33513
29606
436
27378
15387
25558
27549
912
33633
35495
16701
2966
35727
12658
11041
30257
3418
27133
33893
5303
19105
30787
3370
14524
8685
13667
29807
24755
10090
21556
21916
20935
23351
27673
32136
440
20691
7615
2528
35715
7955
24875
6335
23888
34697
24708
2696
4911
14059
30449
25787
17250
13906
27057
8132
35716
27920
402
25659
20908
28708
32876
33981
12769
8807
5459
25529
19355
4242
2386
13634
709
29790
29038
269
36388
7987
9331
25645
23057
3906
14419
32115
22563
14306
12199
24008
16269
32077
24244
26972
6534
5704
23505
34633
29570
15292
20719
25225
20787
25124
13011
32250
8701
32066
12886
20362
18066
5819
22067
3384
33171
11163
28810
32741
14222
10007
29276
21686
20696
13481
26892
35896
6573
4332
21562
14651
37589
9763
3733
26416
30178
34007
32004
21496
7329
14687
9509
16796
19747
32190
27870
15429
13097
9203
22626
16740
22962
25926
9435
35829
27960
35094
16241
23643
28517
21679
17172
26112
11934
36369
19170
20639
27203
13662
30115
10966
22078
28912
32519
3806
1834
13552
3613
18576
3301
14424
24185
14106
4628
2533
7943
17281
24484
1972
9761
26635
26854
2085
35605
14995
31458
29354
17356
31014
1579
6585
36848
36502
121
21910
35993
5981
6101
13187
33489
19913
24537
370
34403
11456
12270
7319
15552
32071
25992
29922
37417
30369
34317
19180
20149
15943
33432
6017
32440
5452
35646
20934
28515
26852
9975
28527
25141
7585
27352
35414
17727
34162
2485
22507
30773
26932
9757
14030
23925
7496
155
18382
30306
8115
35619
35790
6623
22942
20837
33267
56
8811
16905
22537
24749
16951
133
33144
32486
37180
29883
17802
21802
29287
4699
9313
245
36276
15871
34843
32821
32406
17399
5613
36760
24072
1265
11230
2326
32547
3672
25799
12077
23491
31952
31209
9692
35922
8823
24662
36682
23936
3123
32662
11850
4949
36394
17275
26830
8296
32029
7776
37045
15941
14084
551
3359
22895
2626
7780
32312
31998
6088
11470
14494
1453
22356
16280
9361
32277
24413
31243
28498
191
30202
15702
36923
19509
6062
35186
10717
35793
23158
10571
27978
10338
37478
6745
16853
15545
5042
1159
29227
9674
5692
29825
22651
33510
27120
31217
12366
13192
24867
1836
1740
27342
10809
23541
4000
19780
24177
17262
26076
36281
4327
16015
32235
32418
24547
28827
610
20292
30945
28051
2105
33946
18286
22908
18964
5487
3000
24599
37421
3766
2051
32145
21128
27653
14121
9368
25407
13805
26630
20436
30780
15185
26550
34868
20138
6469
3272
26198
27830
9039
2096
33019
25347
35591
4709
10513
26997
31938
34446
16627
1874
10314
36359
2207
17232
32998
19877
2765
30661
4361
8797
19633
8355
12454
31827
12103
2851
16242
36497
2052
18708
22545
4248
17047
17923
28345
29005
29060
26378
34637
27129
28541
2618
37136
33707
25536
7618
31653
2489
11414
4279
11351
35661
11311
22487
497
26242
19569
13982
32639
19924
4665
14444
20364
23407
1784
27852
18591
4317
6700
37238
37262
37107
26761
34409
33870
10954
25318
20313
20873
22364
37225
11927
34794
37117
1554
35544
32912
10457
22666
3198
8287
13314
1937
12375
11701
22550
16302
12096
27218
27781
25361
7374
24572
23920
2025
6270
2875
11377
16850
14367
26816
9837
21780
19872
11151
24418
26454
382
2344
22713
1455
29109
28348
18025
30304
9400
1880
32981
14655
18785
34436
16924
23862
27811
18433
30886
1804
11824
16282
6666
16995
35370
20775
17682
6650
33007
16252
17640
36303
3651
27400
5400
33029
16122
37155
20493
28012
7559
31914
31790
10393
21289
30383
28652
23844
30238
9459
32151
2855
28457
7964
2935
8058
2673
15451
6045
35538
34800
31177
16841
23333
35060
26595
16189
1571
4714
13145
26838
1542
25331
15656
6912
19354
13444
8548
30815
7147
26654
13121
25231
13856
5405
35566
33676
28790
7208
10638
23385
24613
15687
985
32073
7441
34092
19576
16071
17400
5398
33392
9585
3689
11938
4015
29135
6037
9729
17875
28393
4290
8825
16475
29498
771
8105
36166
34425
23976
36454
25999
18153
6764
2041
35734
14561
10911
9116
21263
7081
25788
319
28324
10981
35984
25828
37335
15802
6320
29117
15999
32948
10373
659
22110
37625
19081
20785
36631
18983
35149
19034
104
21785
36541
10859
31860
15002
37628
9327
20387
1218
23460
4258
29255
21330
36267
13485
9477
10777
19946
34829
19637
5745
9864
17830
24240
8917
1225
11443
24752
12907
37207
33991
18230
28717
3826
366
1754
8692
6632
10674
6181
36027
35229
29868
17653
5766
23916
31319
29058
931
1063
7890
27692
4321
23258
5915
20085
2897
17173
17075
19423
12899
17645
9682
3101
36399
3137
35144
24934
11222
22017
8155
23356
14953
18535
24797
17760
17408
37618
10996
7582
37603
28121
4706
22426
24376
3619
32295
23604
7137
12131
14378
19138
8698
3887
13239
27987
31326
12955
6957
21265
34112
34755
37133
