19318
42388
45843
37904
20979
29454
27445
35063
9265
5280
9318
10097
32800
27625
3770
34252
50087
36498
44388
13455
38792
3053
33384
14568
42833
4295
1864
37440
11800
27186
42114
51553
6683
38832
51460
34685
14991
20151
26378
44268
40272
10377
47749
19124
47455
8497
29195
20442
45589
3618
47292
8075
8904
11965
30189
21666
35930
20996
3573
5001
46686
33595
26165
15460
25061
46897
26694
47246
6650
10194
701
35731
46050
35059
13664
44640
16899
49324
24567
761
39679
7025
49796
16822
7413
40354
11089
14968
51073
44586
30024
28532
27374
38227
7214
20344
6019
16731
20698
35413
6409
11484
45268
11633
17403
33697
35668
46279
12934
44572
24183
9955
3127
15110
10095
42175
12015
4340
25762
21923
41681
10543
1393
40493
5662
18124
28583
10248
32625
7422
35472
44343
18035
30387
5174
2895
47574
11701
38116
4681
30307
24034
32490
50815
12970
44904
1836
320
41403
10243
35421
33161
45090
43906
16775
36866
23752
745
10327
45555
4829
24381
36270
32062
16856
8515
18935
19370
674
19468
20969
36368
21111
44365
46353
423
11410
32916
10246
2593
22758
46067
41535
45096
46398
27901
3481
42913
51530
51147
17753
39242
13218
1810
19020
31385
28370
5773
24083
29225
14579
19922
26503
16529
20848
41584
7010
25889
32122
34733
27202
40811
46822
44512
49411
4725
9489
27499
24645
7320
2500
23738
36251
42987
27750
33279
5287
17846
43909
25855
50308
32101
1869
12257
19455
41909
30526
18984
42262
36033
49342
49567
45407
41062
49254
27311
9540
45250
24560
30886
50854
42810
21546
23636
33907
22924
36952
2688
38130
4507
28606
2266
25963
4466
13793
38316
10328
25905
49228
39632
13247
27476
1523
15575
16728
15020
36359
28220
6741
6989
13191
51549
14597
18112
28027
532
48143
40816
26760
1082
5950
18504
21958
37492
13652
46446
4186
15644
31249
31021
9589
43163
49401
28555
48415
50437
4032
18949
41473
49130
1345
12246
26706
27712
20567
12098
32250
12656
11358
51182
30115
7017
38183
39428
34016
42138
26252
9040
49457
42577
31187
40070
17872
45509
5002
12517
32034
31383
72
17057
35820
37614
35580
23774
45259
2860
19923
32568
41468
39366
50553
11052
29464
9803
47526
20061
8760
7280
29291
33015
20714
51638
26501
51428
47920
38044
22008
24892
35360
28801
43755
39383
26004
17334
36901
12818
23064
21840
15297
30907
23012
29103
43195
33234
8354
25264
34424
30132
47181
13429
35813
21767
17265
16767
12768
50265
40270
30396
5889
35040
40250
5920
21605
10276
44582
41488
39818
14637
3427
35236
37268
24210
22327
38540
46955
32978
38468
35618
15294
15609
12414
34432
31326
50758
18018
4354
46989
9718
22860
23027
10126
26076
4968
23499
39638
45202
25615
15463
38021
40515
18802
8090
1134
1892
48468
10444
3784
22043
10785
50185
45256
20693
45785
5243
42016
46590
10179
12272
45271
29388
43691
19397
31987
3600
32484
31765
10927
34656
22226
35511
7041
26275
19770
44330
34265
48460
31196
26094
39641
46736
41661
38377
22595
27546
14263
6308
49622
10761
6694
17349
43196
29456
48783
11318
21087
33403
17812
37215
29662
27307
12676
40247
22749
28687
24175
45598
19512
43928
49652
39262
11888
38270
29790
9595
50079
47544
20627
28837
47812
40548
5459
34099
24465
31687
32870
50157
3274
2548
46315
10101
16418
11273
47653
28023
4283
43290
19146
16010
8424
39026
247
30333
5266
20387
12661
5746
5091
16774
50674
36341
8883
44399
51480
2565
1092
25338
34964
41089
18063
27455
6771
35863
16894
35888
2710
48990
11720
7268
18580
28208
32501
38135
43678
50518
14706
16226
17754
23211
50404
31915
44986
37137
8408
41148
12758
21796
30612
18438
25070
26085
9672
504
21396
31394
31506
43869
46896
25095
2421
18032
20071
14415
30434
1925
15757
17700
11872
13452
39823
3110
17140
25821
32528
37303
11779
30718
30129
3337
11967
37067
48161
28923
42647
22604
24536
2468
37427
21307
19427
38412
31255
9283
2449
44409
34948
18368
42274
21147
9343
30005
5806
39189
22721
11328
599
40887
2994
26418
13338
34467
40310
46325
39061
5033
44687
35873
1441
43692
25348
42780
41742
15774
51317
11487
39331
26277
2647
22473
17818
31815
50787
38006
18885
693
49647
45295
47881
6946
15480
9503
26104
33510
42430
27179
8123
40008
16870
3566
25919
20363
20272
50413
44993
44423
11276
34146
37031
29353
50123
50334
29602
42635
24769
21394
24763
18137
20397
11588
17878
31111
27285
2678
49379
6708
14340
421
42059
46600
50292
9610
33424
31281
48938
6266
21118
1387
28951
51251
30973
2416
24808
1888
43770
21652
17916
13183
16306
46401
15328
39976
26052
50981
446
39031
27310
15427
11020
29100
18204
41826
5767
37278
9692
44046
19614
36621
21974
40018
34381
27735
10665
3839
51023
31265
12646
35690
20281
46994
29990
39444
46788
32263
16065
51519
45062
8116
816
19498
7748
24413
25126
47174
36896
6253
38883
33967
37397
20932
36801
7571
46962
10105
35697
23232
37715
8697
30430
13135
40917
7851
25974
8997
22906
47199
9645
15529
37885
51697
41566
7009
5586
6193
43167
10717
22734
27879
42070
4222
11723
42500
9857
3392
30202
11956
28703
4015
45554
31020
40066
17371
2975
46324
49119
15690
35187
11589
6665
5415
27375
19407
39313
984
10374
26196
27213
40660
12666
11136
14938
163
6967
26238
42046
41011
34886
3995
8777
44086
47014
33250
46281
21214
18943
20944
49429
48029
48752
18286
34063
29277
6927
36307
28523
44328
40330
12632
16021
32554
36768
12488
43966
30201
37478
21332
29179
10832
9933
16943
14151
32257
48740
21215
15093
19854
25399
18335
32864
40551
39117
27949
29557
26174
35291
40593
5667
5847
26233
35485
39839
35298
45719
44260
43240
46009
19261
34845
48105
1249
8277
26692
37857
22412
19858
25743
26283
41558
38086
3926
36183
49566
36658
51417
50077
24072
9981
15938
7089
37624
46678
15815
33153
4297
8686
7918
13143
15990
16537
46921
43959
42314
9520
10852
17424
41994
18442
46277
39767
40257
14305
45894
28752
7976
45439
41619
23813
3771
9550
48908
30602
32446
6519
28274
44595
5257
23136
36975
29897
13897
22599
36875
27412
6439
27512
1734
43168
44760
17532
32658
30161
11275
9932
48081
32111
10080
15949
38104
38458
40652
38428
11787
