21485
18480
15901
13769
22239
42772
28942
30403
21190
34318
47816
44672
5684
17196
51591
35144
1618
13864
16818
30147
30809
17879
43465
30251
39103
41520
42809
37448
19902
11317
40432
33268
7518
7235
19448
29973
48176
37446
17660
16967
25085
22178
21725
51383
14640
7207
14746
47381
39338
37933
42770
49305
45060
49653
5922
25494
28239
19839
19297
49700
17515
48466
14987
42076
10211
11543
45117
34092
44952
26883
15978
4878
28295
19250
25073
41170
49393
10920
26406
3230
38012
26491
10683
45348
46096
44630
13676
44005
40787
29616
40900
24589
16643
4156
36604
3755
4146
24479
46038
36939
4316
51605
48147
19139
29226
12969
207
19137
49978
27220
30750
42302
8241
45298
37271
48625
33259
22272
35871
18526
20273
34119
18914
46103
31862
32117
51489
39143
24079
35367
7367
22671
11375
48387
27292
284
14625
49552
40523
44451
22875
51347
24521
16995
43539
41000
6494
3972
9554
46666
28501
19114
3341
13539
46086
4150
9587
3467
46824
18992
25940
2752
9224
37089
12498
26157
14082
3817
5005
48404
45063
1360
39454
41427
29592
18900
8297
35625
43019
17547
38808
45339
656
19863
796
33894
5167
17494
25510
29191
35887
51466
44802
36426
18613
36303
15618
41638
39560
6666
38319
25665
39999
28728
5570
22324
3633
918
24994
35710
33580
23372
29747
27329
22698
38650
7259
35099
21740
5208
34327
15231
39165
16557
30436
19046
37750
46996
11765
1675
25660
34466
2734
22018
40430
31410
14520
47910
47868
14409
430
19022
25847
49001
34679
8028
23324
2025
16238
33077
7278
25530
23429
20898
16534
3398
44028
2477
21450
39791
42685
44997
5320
9688
36799
6524
16847
4068
38820
20288
23969
4300
20043
11590
22089
32379
12136
16721
23939
18435
42002
5738
10655
26612
47825
48844
28479
50068
603
33951
17086
40398
32315
45163
19223
18622
18708
34819
45357
41528
18411
35903
49077
553
6416
5713
24897
16627
14537
31640
43487
791
22799
26707
18136
23236
3510
32693
2316
426
4104
37466
11367
23176
38608
47853
24797
876
15634
40722
51171
7890
17762
48427
40037
17558
33943
6384
16821
34038
49097
32791
40864
38232
36484
6178
26999
15998
25046
20613
32709
17248
13287
40312
34006
27408
32605
33283
8067
40500
35134
38858
12418
44346
9647
6839
17802
48873
44693
30139
1143
46416
13231
49230
8052
2747
33597
20857
1766
40947
39757
44259
30244
31384
24523
10100
45280
28743
44793
39549
33633
23215
10007
40698
23229
21334
26358
11648
25258
15549
22669
24123
19971
38508
13152
15897
21492
47804
41754
21584
43661
22822
10289
10751
47672
25871
31882
34914
37554
19523
26209
51670
34853
21551
11571
24972
38573
16497
31061
26081
22096
518
8125
10909
35300
47693
16285
17981
45742
13842
20090
27290
9612
13682
25875
46710
34201
28386
11963
30006
23533
45574
1416
49958
37923
6194
50368
17568
15213
14872
45047
4969
28223
42160
2627
44537
13877
26560
43455
18367
9356
44077
38143
8499
43516
4470
11599
49468
4073
42657
40280
35166
13363
1732
14699
15077
37876
26872
1148
22620
25718
44575
13564
10457
3214
31031
16006
29543
43719
8705
41098
16685
45880
46352
6451
44215
18206
40985
37573
17627
45406
9103
13241
23674
50923
41454
38590
23967
1505
21040
27424
23160
35155
20500
20284
23171
35370
49271
32192
50322
42133
49739
41771
18705
34305
4160
4486
38625
17376
46354
47753
17388
11898
7087
5181
36561
12361
36907
34905
46531
20735
24857
35617
24705
45637
49057
14378
16139
14166
10079
27627
18103
4623
27397
39305
25132
36827
8787
10471
39779
6630
51478
4566
35020
35476
36648
32168
8743
36951
17702
4072
41626
16466
33997
12325
5620
50837
15768
31065
36627
50513
37236
20359
8563
25323
1024
47334
34742
48601
4851
29519
42544
28500
11628
5822
3823
32457
34744
43220
17231
37985
6715
17988
1407
34086
7451
44475
9295
11078
23336
34093
38805
3982
26767
44506
44937
11059
32954
16274
31194
31735
31213
24259
26761
12487
14102
28858
29513
3676
14444
16077
44525
41925
859
16788
38256
9523
25186
41393
16143
43128
5205
39400
21341
9844
43373
8575
9547
7397
35890
21076
12506
30582
17510
3089
44430
16602
40940
18429
38163
42920
35765
36161
8127
282
39542
40411
16655
31796
47894
33468
42103
25312
50289
1431
39586
26732
2650
6345
46533
35793
11014
34296
6341
27616
40906
38305
46428
41526
44163
4963
33208
2885
21624
31554
27658
24177
15903
38040
16424
47708
32103
33769
38167
5402
40921
34754
8799
10360
32902
7740
5732
11107
29550
5373
2829
46331
17525
31805
32764
12968
29679
2271
41359
22690
45289
14758
16115
25503
48444
18036
3920
15507
35662
42095
27308
14944
35402
5313
22549
7043
43980
49352
21500
13242
9724
22279
27760
6342
38894
4308
44668
30067
4608
38437
45895
30569
14498
6869
4042
13537
48878
424
5035
32116
35374
28109
8230
48788
43519
17673
8068
18746
32306
38566
19127
1414
26654
20
15834
16352
22340
17823
18318
16295
50573
20372
17544
44353
15604
46892
42270
49351
27818
50260
50044
44048
24482
49304
42358
28350
23923
19026
12472
6688
38916
35138
4338
21708
45476
18434
10208
34551
5350
46667
46867
28086
13964
22308
19186
6835
11362
2081
32644
40511
43070
13913
44908
21021
16881
27581
40952
24537
28933
19812
20807
31352
42014
10976
4796
50197
18448
18079
51064
985
23684
10749
26150
19713
49820
36594
5193
21038
50586
19204
44620
31128
18260
369
40489
50848
35435
43274
14068
14447
33638
25568
42501
15162
43593
28978
39971
15592
7793
8475
17831
24907
46652
49496
15023
28552
9674
5603
27937
48306
24229
43742
15190
38089
35596
23885
32266
8035
27805
4527
48119
27736
51431
29789
9480
20821
6153
24006
39956
38115
49627
50665
34523
32335
22168
12318
4651
25453
37701
50710
32385
39820
32127
46017
35974
9836
2450
5475
14093
25321
45119
40339
43842
2055
29795
21561
51380
45155
40400
23175
20818
10607
1502
27361
26513
27315
9446
36749
48225
38011
6333
25060
27640
26627
29220
43045
48725
8989
40157
31086
45651
27151
19212
11572
10316
26036
48522
45433
32210
34899
39578
23581
18034
1138
26526
1564
8900
30048
23479
16316
47177
47485
3077
31498
8413
13192
49102
43085
36063
15137
38907
40013
12086
43863
27031
14435
6668
30096
33949
20548
18639
26939
25080
29586
4422
28119
17819
47824
47698
935
16841
17707
46632
25113
33878
6483
46965
47606
32577
50155
17646
50225
40081
9528
7005
9725
7900
16
3626
3737
34295
45302
5936
19476
47267
4446
16080
8418
17398
5679
2628
34947
33370
41429
32489
2884
24928
31425
12478
33606
17144
46192
42601
16696
24585
9963
22345
46473
34715
31997
24908
19574
10190
14315
12736
7607
17505
30043
11227
30871
26352
6195
17979
18110
19557
35737
35129
16206
48837
40741
47840
17874
48272
18502
13043
43010
33927
36665
18180
43375
5882
27660
1612
48676
22462
41978
11437
2856
12032
41317
45322
23028
33402
28409
5647
21858
40937
35195
44341
29670
22164
46261
26300
49935
44282
2903
43409
37786
4619
14343
4603
2146
20990
38136
47575
30727
24646
36273
6335
26534
7417
21031
26849
9301
4652
34533
7926
48539
38637
33063
44585
30296
30208
47173
18094
27743
26237
29631
51340
1434
5489
30650
26626
47823
4748
14803
25593
25261
50763
16496
1498
9898
47822
16513
19917
19299
9837
25799
1132
51510
18223
15831
25790
22831
41206
41845
11453
27258
32601
16939
40795
15170
50927
50110
22882
27194
37988
10119
8728
24670
3906
34191
14465
10704
4801
19809
1030
33601
27717
13694
41494
2072
47240
39090
382
49368
21205
9609
40128
13051
7883
37866
20482
18245
23920
34974
10756
24004
43246
1719
31435
33319
32796
32635
697
12576
25666
3426
48848
26333
1225
3347
50678
7102
49093
21270
25136
46777
12778
35753
2427
9596
45180
14417
17127
4815
8122
5524
36042
10379
37284
24949
22582
29823
3172
20951
9648
2126
39990
8885
1906
488
22893
27355
48346
31635
28768
7627
26576
1772
28694
15419
42722
9033
18227
44250
27465
49877
23596
39809
44245
9951
36912
3193
21511
108
875
47049
27127
26316
26029
39959
32612
7106
5558
9049
39218
37996
7541
33202
30571
34951
36871
469
48555
35685
26563
41154
49210
15192
13036
30889
41618
36918
42288
16803
10684
20876
6997
33823
8476
45692
4706
8429
41680
12317
21121
37962
27131
9142
12610
29264
28495
38841
19218
10351
4151
37566
26266
40348
10558
13502
10698
29346
27133
7094
25486
42935
45089
24915
37802
37369
30491
41306
22136
15937
29517
48529
6514
11154
27859
10478
176
12008
29398
7728
22800
20411
571
7347
34857
26739
32637
30892
38861
46740
4523
32934
39703
1205
17643
36305
986
6610
4348
20279
12058
799
19732
38371
43489
51399
36702
37653
43134
8326
1079
30289
49974
17418
20006
11088
26189
6735
24921
32401
50470
26362
16252
21372
4069
39148
5238
31030
6376
51655
40071
32600
12869
14383
35742
49998
30288
32045
39214
24036
2447
46059
21245
15251
27889
41413
5424
14680
46268
20948
44238
4927
41059
7714
9337
9073
20404
38639
4941
21290
2053
5044
20364
26484
21821
32448
39144
42347
14833
43544
11951
22014
30190
27964
12829
28389
42865
23542
15167
25482
45448
22637
34073
24483
44618
51326
41862
8274
46132
10939
1343
7945
13382
34634
10386
49265
30449
36900
19225
51378
42556
35976
10061
46344
46655
17090
21350
41450
41157
44942
10358
14691
10027
37929
31370
16895
16345
9842
28913
32020
2714
32936
39236
35183
9783
7452
50770
18804
44479
238
33374
14844
2947
6640
41432
22251
39435
43164
29375
5112
6539
42942
39138
28571
12411
3502
14094
28033
34158
43187
37914
37170
39732
9124
46455
13447
7376
28373
49438
10838
20774
25438
18662
21718
1901
9746
29853
16473
3609
19996
27513
13100
23993
11952
22919
28746
31717
4444
42339
13469
48083
37817
11993
21308
35962
4988
48181
2306
4257
28039
29811
18960
7816
2615
4504
18167
46827
42599
1834
9403
12848
13858
44022
40923
32300
48759
34230
14339
30391
29985
1825
46940
2987
40529
5212
43493
28502
19181
28246
22877
21440
46752
44930
37202
49039
42462
40216
35852
48922
26878
5720
726
13797
41702
46754
9147
4693
48756
46131
2374
48027
11575
37842
16651
21274
6251
35211
32199
43152
7229
42094
50673
18439
19960
27510
16256
34179
43532
23256
32578
12821
7820
27503
8673
12484
40069
28157
38903
39816
34719
48716
17712
20764
29221
9745
27354
34871
20322
25166
32273
43387
25386
31225
25929
39941
51578
23083
22838
6427
4377
48919
48098
41798
10819
23999
32394
37678
40755
32121
30835
18811
19054
10864
562
32313
19568
37722
11103
43880
27873
50663
39780
2106
32574
33381
15559
22675
22752
36608
5537
5550
40286
41666
16701
2354
44352
7157
36661
1122
45197
3512
6552
18104
39518
4125
15979
39250
30935
34342
44567
9907
7366
20509
12788
34175
21317
48488
40524
19145
51309
3954
44183
3526
18456
3586
9463
8958
3312
3017
166
19426
27068
25372
15443
35758
11752
8467
17506
180
40048
1492
47189
32363
19758
1450
32731
28287
45681
15491
41867
19291
48241
20515
48996
3721
25521
34702
28240
5555
22268
12492
3038
14449
5607
49466
13764
3671
34866
37812
42398
18752
12033
44190
42369
16793
21951
9623
8222
12465
51232
49928
742
9957
37419
50504
23082
36888
26735
14604
35461
25808
47719
2109
27130
17046
10610
9646
49710
50171
19412
36508
28586
11719
32374
31258
39712
12594
51123
46589
51708
43815
28322
5914
43367
35866
50112
44833
36012
14666
29754
5324
32891
31541
42976
14330
5019
8670
11448
14192
35660
23185
33355
16187
41477
4578
11373
39539
27201
15289
15418
28904
27305
42589
46456
44686
457
27135
1439
34067
11470
46633
10796
39923
29459
6555
10434
18152
15352
26151
26662
45653
30033
695
42490
26798
43440
43496
8500
26281
33387
15918
981
48323
19085
45605
47432
29742
31782
907
21808
45733
50154
46646
42476
214
3602
31286
40544
19782
37517
20862
12957
38811
41392
32288
27975
19098
19141
38061
35255
10026
21913
16462
32029
5432
19402
3903
29238
36769
41929
16861
25737
35231
24951
26478
42878
45347
3912
41291
18118
47037
38179
15034
31222
12268
33382
45014
15230
4964
21402
29711
610
12114
43522
13400
43186
1777
36908
32812
18659
50569
36200
50480
31699
11687
45929
47408
7176
36108
45409
37484
8504
41084
48208
44770
1753
13053
11745
16907
17655
5739
24162
12877
26722
14855
27095
21318
26448
4588
13443
31666
19205
11916
24635
8360
10324
41778
12013
33211
12410
21313
22816
48421
37332
13960
51196
33262
2177
17164
32889
47634
30967
1557
35132
42459
37674
1566
30597
3701
43340
14420
3365
36494
34180
51116
18086
9011
44013
28977
26178
43702
22639
46469
33486
18366
2913
32136
45281
8834
27468
23447
16298
29150
44982
21698
26976
45473
19087
19180
14131
13320
34256
13298
50701
44461
16458
6879
31770
24044
32205
22899
805
50345
35223
7506
12520
22488
18047
2453
24818
38705
18102
16925
24764
33999
2031
51150
17850
44325
29204
1231
24860
43739
39705
8318
36753
40393
28760
37497
46107
34268
4000
8129
26961
35497
7281
46967
12202
19128
21510
4981
26645
40133
12994
31691
23165
36473
25319
9922
17055
34041
31177
25766
22074
9893
50740
23276
30557
12830
25053
40369
5347
1669
36696
25955
44429
29040
35641
42624
33451
49825
20793
17745
14423
26257
45242
12536
3003
577
37664
45345
30240
21770
39350
47576
19857
22269
24558
3945
31446
19542
6772
1546
38697
18162
44073
44348
13646
7636
28921
12375
15708
20568
43415
15606
28875
42211
18590
39504
48982
43437
31112
29891
10391
21505
30789
19111
25854
12753
49964
20600
45756
26064
7767
49472
26223
41293
12938
13491
19010
46435
48985
40141
14893
17567
19706
33974
18985
37198
48497
7180
5631
18599
24287
42820
25020
8522
45413
20809
9035
36284
32922
50780
2498
36192
31295
3675
4779
22534
37860
6265
19709
2805
37048
4133
39199
8483
37299
11521
37592
8303
21926
49388
51509
5162
17337
10184
47398
14373
520
13529
38250
32747
27853
8228
37433
36682
32466
34840
35345
25101
47269
46358
47750
31893
29839
50681
49831
1270
25994
1182
36619
21055
40173
34168
35959
51021
863
36398
23452
36889
1061
14171
19307
6303
15457
34224
9131
38984
12872
5875
33652
49584
455
30751
18989
37545
35740
47571
13540
10049
14145
1550
33395
49336
32736
46158
8268
32860
26354
51246
7489
44265
23033
44199
24022
20972
41099
26051
30210
35451
28315
15681
8151
42791
44859
18854
36635
19003
32114
29105
44879
14789
26393
30281
6167
24952
13319
34652
22053
21980
6702
8698
15489
21851
45869
9193
43840
7781
27335
14182
47458
44181
25527
41629
43896
50932
39984
51594
39520
2272
528
48034
43412
39320
17656
23658
30705
32883
38189
46196
10892
33777
2532
51129
11672
37998
43101
23081
11909
3269
10041
32339
37525
30425
6297
27709
44184
6572
9781
39121
6083
14612
49409
46523
43674
11743
46155
19312
37631
6043
30550
8843
43313
1752
33502
14089
34354
7858
47788
2981
44726
8304
29803
50125
43215
4124
29329
4055
33065
16014
3310
5008
32868
48643
30373
1413
3438
13608
20405
18495
22974
18490
5427
7358
36400
42863
5545
37334
23346
38510
50622
40919
43679
30944
30908
3439
39209
46629
41385
4955
18917
10228
40702
24405
26152
27113
12313
6699
28327
12214
12281
45482
41687
17749
14708
20734
29015
13422
41547
3156
26866
28465
49327
28296
40097
49761
50733
33338
14183
46187
21632
10768
23519
50199
41745
7954
5338
21353
45883
28651
18823
12913
18399
51673
48287
44251
6754
46444
2074
33648
24139
14188
19899
35658
19881
29658
19712
21691
24904
33123
44718
16779
11705
45660
14629
13086
8409
27099
22897
1972
11547
2095
36355
42699
24643
8775
18174
4374
28797
32806
39359
10111
40412
10949
24583
19804
33787
41308
38656
49682
13948
23854
22566
43138
38144
16099
47926
11504
37576
15623
18051
28754
45165
11167
13313
37682
1394
24446
51592
46307
26821
23959
503
16568
17330
41940
21108
41910
10753
5176
51631
19398
25815
35505
26019
46395
50739
4098
25813
5037
20130
10021
42930
8715
31084
10998
14341
46809
47417
25499
42629
3440
2915
32106
32754
51115
50376
19126
37668
13411
26432
6520
48114
45584
22783
33554
3253
45848
38351
3191
50457
28306
3320
10034
24300
27535
3924
18736
13355
37416
5609
44813
2197
51271
37104
22231
9633
49547
49926
36885
25293
19451
49916
37754
4511
15194
3553
41571
41501
16386
9075
16414
7457
15325
19797
50146
10307
9355
37756
10843
50991
1654
22788
19052
25439
38833
31493
46658
44200
38388
42767
33129
47421
50183
20064
36425
39547
16669
48337
13847
5696
19888
5374
20335
10074
18196
32473
44876
7898
10346
50318
5478
29622
46928
12421
26859
19142
29259
5657
42679
28096
27825
24823
38741
37344
37098
22342
3932
15744
28953
46922
27447
32412
25105
29940
16488
19414
10966
22678
4099
17102
21663
6923
30931
39135
31129
46412
4965
33887
11080
14367
13883
48491
45360
25992
23759
50045
21733
41609
37149
49889
22557
39904
12353
37169
26730
22073
46106
43165
41107
12878
46596
50685
26928
32983
49838
44214
23545
4184
19208
10240
40772
19389
23744
29311
32647
7946
43490
12741
44846
19368
49790
50648
9779
50198
29109
45106
3511
31812
6565
44162
40642
29137
49875
45960
26502
40629
9823
10695
40221
33204
48887
18279
26834
23901
49601
40351
11218
27821
12242
48819
45781
45834
46705
18427
51247
47489
31813
128
24649
19390
30022
30442
18302
27481
44549
17898
41217
9096
30592
19152
30511
38228
6500
41632
14947
50025
22884
12120
14918
48560
49221
17299
36977
13439
2019
38409
3025
18330
2281
24600
26673
3640
1605
147
44564
42376
26875
42450
28041
47741
19099
26555
3571
11344
26369
30214
27526
51387
22715
45816
5520
39988
40800
5269
18905
22215
15346
36180
38728
9581
31586
23761
20553
46044
50103
24173
44592
11126
16772
33017
7735
46143
7965
2061
17720
37087
31757
22400
2746
38936
45043
15127
14218
27137
22259
50522
4569
5155
51531
8982
45334
11272
32871
31574
26691
44153
36735
41397
36849
37090
31536
50176
34761
43416
42042
24211
29305
49745
34612
32485
49473
24152
39568
4826
16201
49138
18676
7983
2936
43529
48967
38375
42134
2229
39137
30689
42928
6692
50395
36883
153
787
12601
20436
44176
7570
38819
11781
48754
37234
13340
45697
41401
42196
42538
27205
50530
14852
39683
2846
18777
26810
24224
39102
8226
7390
16112
30177
21601
41277
51053
44405
38354
6056
47666
35830
8711
34809
15751
28543
11624
23561
17174
13339
565
50766
28474
47811
1017
20016
26809
11460
43865
7184
35989
28045
46821
7029
30113
48755
29574
24017
10396
36505
30042
2875
24997
25160
24055
4453
5962
24208
28622
828
15193
26693
24262
15313
33460
50193
4506
39627
3533
30200
44464
17018
7401
40477
8902
46062
46535
13616
17243
29242
6181
3777
44678
28226
25733
11974
967
9890
22373
42463
23855
45964
1226
2960
484
49967
32482
33695
1243
2698
23532
17605
28473
15429
6705
15898
42216
10899
30692
31677
5109
1958
26651
39485
30972
23559
51299
21519
20240
34777
35230
23523
19630
12042
10338
16129
34785
32575
35398
3114
45523
44185
26164
24733
31718
17839
48666
46348
22652
10955
29989
33843
42996
30155
21886
45865
38285
39051
13719
16837
26538
1456
9448
16146
8826
22694
4837
36987
34829
8486
9074
3722
15253
10424
34946
12150
14025
37255
44911
16960
15239
43971
16816
23954
19228
22904
765
3775
7033
41538
22097
6774
42522
6587
26756
36187
10759
12083
8748
6792
45831
30315
10033
8022
12737
27647
16173
42202
4875
31055
49824
38902
13522
42893
11660
34379
38649
37477
20908
33243
6893
37796
8938
723
8656
20715
42713
28263
30374
50147
17123
10039
18643
24679
26954
19042
2020
18874
8120
300
50924
31319
8857
1325
43910
7467
41868
27578
44779
29506
13146
49544
1140
30872
25404
27857
34017
37649
14786
10813
29589
10910
30832
14105
32450
37475
16783
13691
16746
32640
32858
1588
42439
7056
42233
49692
36378
36389
49375
12639
45557
51137
46782
39234
25230
26041
21424
11669
13742
34638
3290
41394
14251
5890
48980
15951
8808
17335
32364
1764
24748
185
20232
8032
44111
7035
34939
19664
50192
18389
25772
11474
26486
12719
4324
34684
5175
12988
40694
29439
47602
39190
13565
5709
9445
18116
1089
15388
47033
5692
5433
16016
974
12651
35161
9913
13943
8335
44557
2404
19231
15205
4376
988
6011
47599
21249
35071
9417
6631
2726
41207
15118
44752
4013
28567
28177
1765
51215
20937
42794
37763
38571
42902
29267
37907
33496
18164
22297
40891
28600
21764
43229
19198
2334
43694
40108
6353
36754
20112
7750
42638
35501
29902
15637
24046
49961
49416
43523
4625
21003
31739
3743
31856
31840
16858
30003
28310
27233
17019
21084
40140
26350
51599
29608
36913
13634
47739
8548
15079
1213
2551
20907
45078
35206
27934
26078
37853
42552
17328
23078
38985
42458
9034
38875
46932
16026
49769
39951
25229
19741
12912
23548
13965
45540
33678
51621
26677
12249
1329
48377
29854
8011
46649
48097
16394
1774
7022
8551
51630
40172
48518
25460
12711
37118
21065
2254
24869
5807
50420
33013
9117
31849
32202
29164
34578
18923
24941
15684
20083
22515
21598
37256
50746
8347
27013
36552
18
199
51175
27847
45101
37931
15555
36198
11586
11079
9159
6952
47991
46065
39601
12575
25276
4788
26370
14869
39558
22294
1941
9978
28621
17013
31190
24136
9039
14906
48258
15305
45526
40098
7889
40192
8598
39873
15054
18649
19601
20671
5440
5437
10195
5680
12456
13805
36729
19067
29080
8925
33691
687
16349
34498
407
29421
44068
36418
1093
27741
43571
3747
16536
19719
37205
30572
20138
14237
1484
34696
16015
45279
2361
19164
22967
24506
4077
34128
6150
17461
25691
13482
37269
51690
35025
16867
42412
16740
46726
49817
7405
4493
33912
50570
27091
15264
49693
1113
38307
24899
16838
12354
27044
24520
31009
11880
34319
29797
38177
40562
44146
25450
11008
10515
18465
12439
22038
8492
23362
32668
33610
9793
14132
3150
34537
48749
28778
34923
9723
49238
33340
28808
16951
12997
25541
48040
30180
48597
12763
38863
17149
4989
3113
38704
43159
3454
36337
26442
31428
17118
32397
41890
24780
35673
25741
15102
29313
21198
39465
51237
47230
41230
39513
10707
14123
4833
5372
46198
23466
19236
40487
31396
50164
14683
5414
45239
4118
15619
33020
47220
39907
1597
1389
2426
45648
14704
48424
1279
38413
11674
3623
35023
48796
23941
2759
23966
26359
31529
30427
50279
11738
48648
25809
29198
31372
33479
41885
27790
7075
14090
38767
1909
50903
1730
16420
14805
4393
43332
50741
31106
2977
14576
1664
34773
18127
40552
5426
24557
47536
2259
11582
44675
22115
41410
2946
2024
3390
28292
34417
21115
50505
27214
18275
31847
35700
23614
7834
43124
47356
33128
31938
49577
17048
42894
38186
11944
37572
36447
40740
41589
2428
51077
26770
27519
42082
12212
34031
45338
13230
20472
7239
11195
39918
48705
414
19980
14800
44979
32629
42106
23363
43876
44832
14112
38859
23617
39016
14078
32862
42716
4934
10945
4401
32093
40033
31776
51168
47276
40554
30255
17033
21141
49340
32773
13590
21785
26173
21183
3450
50641
30733
40988
3658
40378
47155
9189
43638
15884
41339
40796
51163
48578
18363
25701
18470
37352
41181
43226
14915
19669
18373
38822
13973
11028
49879
48699
6956
17125
20853
33109
28893
10918
15926
36165
21909
45418
38122
3999
40017
12208
47103
49662
5758
40497
27070
6171
21999
42630
32725
554
629
36636
42607
19440
41267
42758
4931
18217
29718
8633
23101
50375
46025
33133
12527
46292
9995
31203
3736
2697
30101
38071
48544
50029
45194
43874
28959
47320
21589
31482
31007
6206
45323
45081
33490
44302
4083
30646
24684
18570
38498
15394
6401
24415
28264
45504
29292
30743
32285
38688
23951
10972
48266
3970
48026
42186
12732
13079
43018
1273
44052
44860
25427
37739
14053
7586
18595
50736
33118
4392
19866
34316
39375
15175
29993
12998
40297
13618
41642
3895
711
15826
51628
10209
41548
45586
35026
32608
47302
2524
8798
468
4119
40275
12262
42224
28734
8634
11895
34864
30696
47209
48726
51038
19201
43228
14843
28374
37903
28029
50161
28491
48334
35375
12955
32552
33745
23830
13441
47912
7512
38976
35204
4726
29399
38495
15188
11914
28005
14751
32674
33713
1928
29699
35261
8562
17070
29402
38722
23512
11815
4454
4512
33960
5781
51686
51488
23662
17674
11187
24354
39902
22885
44446
6475
34065
25662
24430
33928
7659
39944
16543
51405
44924
4412
2371
15105
40118
23444
5967
4366
12040
36379
28028
26922
535
39726
48150
50075
47504
7356
36677
18317
13986
25196
6659
36784
33715
21340
28593
48611
6474
37774
43419
25447
14278
49263
33154
20859
31098
27858
34539
43335
25311
12914
16795
24653
1819
12586
45376
9505
2347
12554
36585
15387
29688
35973
21717
30486
25327
43811
22378
40346
25360
20580
24197
41438
48320
13521
41123
38184
10896
30682
2160
51090
49083
25594
13274
3690
21997
11338
3752
44191
16735
46351
19655
6134
34564
8176
51220
22225
42646
45478
49476
24702
50937
744
37363
3710
44035
5673
24783
39824
45222
51140
31784
15028
22679
47950
27516
28130
22950
18520
8602
23158
10781
11339
47598
11098
48806
28975
10375
18419
36404
4240
17703
40576
40079
49291
15929
45610
6316
47423
50708
40799
11476
19405
19072
31487
43362
22195
35889
12978
17635
35448
17491
15786
9800
13352
215
36669
20128
43587
4305
17965
44962
35911
2110
38389
18431
31964
33134
32734
22547
24450
24363
33995
8738
4606
34701
24113
7375
6146
19833
42448
37987
38494
50370
36083
1943
15381
14004
20895
9826
30836
16239
18181
50596
14510
39049
17899
31809
31645
23077
9163
13903
29955
19993
8512
20658
6960
42152
2722
19776
448
10649
33708
42765
17925
16771
51589
9705
30020
13182
11214
32393
39431
8191
17649
12251
10072
38132
27379
32025
7303
37281
35199
21670
15436
8789
13169
42903
16974
39070
1974
51029
9341
48695
40630
32207
28093
43309
47974
42143
5661
4982
27181
12977
15877
8845
118
26675
16865
43391
44710
17389
27189
30934
1657
43147
20167
7574
32208
21671
25007
33305
12826
45335
33596
2290
42195
7730
1464
39785
34279
22091
18500
36860
37038
47380
46570
46868
34637
49688
14291
27143
30273
32760
24267
40057
22120
21047
12917
32312
28820
37727
9342
37528
5862
17101
21727
14665
51361
661
32331
10997
10084
11763
36772
22217
27139
31122
31901
42792
50692
29986
39213
33719
24655
20089
51132
8667
5419
2827
30970
16227
4657
34525
30570
24809
17340
33915
8637
2623
16047
27771
43607
3031
50194
51656
39333
6799
15556
13517
11331
47383
14005
12910
46582
39657
22408
35615
32697
10967
38724
7843
33635
3832
40854
5024
25890
16756
49003
24241
13159
46654
9969
19578
45962
49248
23664
22029
41310
10309
43193
20010
46721
39174
1740
43717
14615
10218
7345
11188
51393
50332
21630
19955
3287
28241
20421
20455
26315
42617
15805
34196
1702
35836
38359
22609
27381
43580
15640
8477
2629
33896
50800
35528
49970
33594
50643
15759
44996
10638
11415
42161
18185
37676
10314
43601
13879
15928
18680
51134
40418
16560
39222
20334
4811
2926
4023
36894
7077
45645
12659
16465
27196
23705
43231
23062
23138
1581
9303
29360
1197
48259
29633
26656
1252
49260
44704
13688
37136
184
20953
47144
18509
7227
304
21289
6185
14493
41314
43030
38717
40599
24549
31597
10599
42209
7073
29553
42413
28149
17596
1660
10347
39852
40457
7336
6901
35644
17163
29980
8391
16044
1335
39854
4666
34779
2218
20109
2320
47973
14731
4215
14807
8654
44511
12052
11508
14569
22925
24308
7254
51039
17590
39702
30894
30669
1678
4655
6909
22550
5396
27342
15410
31552
35235
14573
41221
8061
15508
6440
18360
36562
20024
39352
13970
39766
15292
39432
25498
14061
38080
40282
5897
26585
12404
44274
28507
50205
9929
22421
22426
41933
36697
24513
16917
34856
23910
41382
47151
3447
9675
21520
2067
2644
21959
35112
45463
32169
12734
10577
7161
7877
6657
29405
39244
29253
471
34888
33505
44291
22524
45746
2844
16339
36062
12724
48364
25354
9187
43453
50824
20007
46813
28180
42081
28290
35394
12634
13348
40345
435
27547
2598
19113
13087
23313
10651
14616
44905
495
41065
15577
20887
16662
23760
37279
27414
1684
50717
23794
8940
37830
31324
12350
31745
12181
50749
34393
13666
14685
50251
25523
34089
6361
26447
42784
16673
38379
40466
28861
1957
39943
24120
15233
2848
4997
47661
14425
9444
49484
11116
32576
29309
45874
6009
45064
27554
1208
13259
45902
47277
24345
3612
16883
29065
36714
15385
11409
17197
43211
41412
22829
33998
21568
47274
37519
45104
33958
21135
43685
38090
41268
45417
45485
10969
36377
48352
47339
20060
22911
13465
17134
38405
30921
1903
33772
26039
26812
6883
7388
12995
44271
37642
51441
1130
15682
11712
25726
15130
32532
18977
38580
43527
27814
12473
48153
12881
42221
27962
8139
25076
10830
18896
23696
44363
25881
34397
9799
18638
32287
43236
51100
15875
48706
11194
22772
18262
46501
20825
41246
10466
14369
21188
21665
46156
45379
17734
3433
34051
35270
27988
3308
49142
12179
37398
11666
583
27132
25914
44741
10645
47729
1524
43328
25054
14632
23415
50036
27775
49705
36364
992
37457
29474
24534
23009
1865
8683
20078
6119
26382
30407
48123
38404
9986
24180
26530
3800
47186
1026
25565
5857
34565
29683
999
39501
12501
19624
46003
21633
33724
29922
14221
50162
6339
40915
51283
33097
38323
1491
50431
2059
8262
33519
19311
48593
3116
4574
47350
39253
25923
6120
39998
37784
8719
44830
40138
3621
914
51548
35386
39634
38125
38541
34284
31759
11750
23565
37844
27450
28929
20002
43994
2702
41563
48739
42268
40151
38942
13199
36788
33663
9208
26017
45039
33360
49322
1867
11228
41353
41447
31242
49207
145
7392
31494
35356
28245
6189
8008
983
9010
116
29403
44988
5333
21046
17132
16390
43314
44478
49094
43515
17448
20444
40701
30216
15096
37260
6229
30667
29091
506
34816
27961
51692
49425
10626
23058
17538
7197
42696
30910
40305
41647
4598
14208
33582
51097
26909
5118
20616
26200
19675
19489
42947
37175
5717
24739
31279
19413
17221
7675
5722
35241
22514
1259
14264
34238
8076
47573
47241
46306
28175
47175
18189
8531
43161
18654
39172
23332
31264
36854
35925
24563
35362
3637
18022
37921
21765
45074
7120
4847
31291
3195
3331
7360
21116
16028
38849
17838
22247
8017
15092
31537
21054
50801
263
6203
15393
51573
19059
23395
37548
9760
44507
35192
28738
31559
6405
36958
905
23350
41580
40794
40789
21392
17546
34218
15856
29905
51055
13786
7670
45878
14742
49111
51688
42301
20704
3163
12608
12089
34113
27232
46420
43036
18581
11868
27303
25437
18202
14485
23657
14473
22489
8764
5090
12690
12345
34538
24052
23987
12348
30458
43954
49727
576
10363
7141
31369
36073
26759
23108
7526
9488
20234
8183
14428
21159
43369
38595
48964
13890
38881
27538
25745
4526
29303
33514
20492
46321
44149
51278
46735
49666
8161
29076
49154
2661
12190
34280
37487
10188
51502
25227
25811
28430
42759
48382
43139
8718
36712
35237
9416
44156
8783
18497
17869
10900
