22137
17370
11450
22971
19659
19441
12235
31798
36757
30131
37413
29586
34575
13255
15489
3002
26642
26475
33368
3680
15017
3093
17604
28480
35700
34802
15818
448
11857
32665
9566
32059
9691
31194
2356
21401
4964
20946
92
32026
7668
36515
21054
5367
7146
4296
24511
26924
5499
23670
13656
25639
25970
26974
19944
7913
30288
26342
21312
29665
13745
4301
25966
10481
6540
4202
9322
22942
30447
24992
28421
36820
22093
1059
4666
14963
390
36244
6908
26654
13124
8858
25627
3752
12048
31910
20125
12761
9891
22225
18291
14678
35286
87
8175
23740
33535
16624
421
1741
27446
20382
30821
22190
30083
14351
20919
31414
13382
11975
23543
32399
462
14847
37416
7229
11224
4139
20889
15605
10519
34563
22748
34103
25103
34985
32274
18966
941
15283
10032
33142
4867
793
27587
14053
13741
1931
17020
2394
22921
18489
22376
9502
3335
11029
6128
4832
37606
33715
12840
18439
18366
9804
30601
30913
10597
9627
24497
290
3064
6732
37112
18074
22678
659
26877
27706
27392
19696
23971
28250
12954
971
16059
15607
29900
28861
10512
29100
26912
31529
26478
23665
3693
15054
9719
20786
15430
10027
16280
13891
28265
31362
1124
6524
9618
22502
25500
14899
29051
28477
36970
5732
23871
35177
12503
33438
21736
30624
1557
17393
29187
31197
5579
1157
24978
7104
22692
31706
24482
32574
9121
11847
33291
4684
18329
6051
27443
35811
7450
29877
17677
31093
37241
22682
20021
22355
16435
1005
27650
11488
28672
24404
26776
8494
8069
5755
23351
26754
14439
11215
25520
4963
18520
34881
34580
34845
31698
16871
15252
5661
32126
19421
2264
32866
5898
23296
25597
16968
33100
29815
5326
14589
5344
5014
16942
33968
31577
2812
16621
28769
23983
33154
19689
9090
34178
1753
9859
22399
28629
14082
6893
19438
24236
13286
14682
103
28465
17499
5923
7731
36176
24348
31532
1805
14331
24810
22039
13733
15635
14357
15596
32161
35695
28985
3448
20019
3089
13178
31142
21451
25786
35597
21763
35464
23145
22183
955
8037
29894
780
21546
29796
34013
18661
20554
30403
14738
10637
4798
17237
24170
5242
13872
18940
1723
6205
13538
29753
10664
31897
29431
24479
11196
12694
2118
1955
26281
31533
28011
6463
2694
26781
30257
8774
32338
4546
19581
34189
20264
34076
22899
27749
11367
34783
26679
28580
27398
3244
18482
8302
7162
27186
5062
23206
24211
7633
13561
22957
27382
34687
7593
954
17675
20304
16758
33503
15098
23513
33840
29979
24069
35050
26314
8622
31503
33614
28734
27440
19895
14651
29209
22995
20806
12186
20897
1098
6343
6335
19175
24444
31583
19536
17147
9545
8882
23885
24814
11585
18546
36084
22737
23390
6466
9276
9213
28052
24307
25236
1439
20215
21211
37512
22436
20392
189
4667
35240
181
24791
28911
6720
2637
12512
27211
28088
22622
1046
10200
26021
17247
21619
13309
29119
3765
34517
29140
28661
13664
31907
22700
24724
9183
15555
17118
20680
11802
29974
4948
36133
21665
2285
7168
26935
23040
7077
37098
6798
33738
21588
3135
21114
21756
17525
15554
20089
940
7901
980
5348
36802
32799
17530
28793
3648
14142
11099
4180
20798
30351
5897
17124
4272
22620
28760
32225
24844
23012
25357
23590
17798
19258
29856
25277
9157
17560
21983
9541
34177
14258
2302
21135
1235
24501
5257
21413
3274
8087
17565
21418
33607
13958
15169
9421
24085
33197
23277
11201
25869
26611
10644
15764
12488
7044
22767
35431
23130
13240
3734
34610
35590
22702
7702
16719
22149
32137
11085
30890
15751
21048
18889
9778
4723
26083
29615
15899
32656
293
1311
9744
37401
23842
7445
9515
34627
3130
11482
20995
20670
7005
12102
36873
17290
35476
19693
23169
32372
8224
25565
1126
11164
17802
30863
35210
25766
36542
16689
35510
18469
19232
16375
27465
34440
3282
35271
19653
20667
31592
13059
36419
36186
24517
34693
28503
24969
4466
18438
27805
24641
7003
24038
18855
24275
24168
15502
2183
32416
27854
30922
31726
16032
32581
32773
23062
1450
13221
10874
25032
1285
15216
36723
26588
31147
33496
25093
21414
15844
33081
4271
26597
155
36469
28273
21200
10698
2528
21267
28774
18153
26948
10893
112
32778
19237
16897
1573
30946
17655
19351
12560
25816
24991
15241
170
2592
36930
13108
36342
2402
34879
13672
20342
12882
16191
19674
21814
17391
36194
27947
17269
11916
29043
12470
14911
32828
29432
778
13089
11624
26522
31612
36809
34861
4636
37106
11452
30828
34046
10382
13882
29365
26362
34195
12224
9958
12639
9779
1259
13120
27490
6304
35316
2764
10208
12357
28468
4881
29371
23465
24897
31279
15080
37651
16071
27702
33233
33128
6345
33207
36505
22477
17684
569
23997
21938
7119
36926
32023
23736
33966
14010
19977
28469
11160
31401
23525
25411
36645
36443
37059
20309
7207
12474
26760
17231
1318
26194
30094
36296
7132
619
25359
28429
18151
22739
29378
23807
3813
34582
13576
29695
29969
33694
36538
36188
22662
27629
29494
18773
32679
24726
9324
36179
35023
33426
28150
19224
36516
24385
8511
32104
34339
31928
5770
8757
14157
24617
34532
7591
7585
37358
18518
2217
27512
18883
20829
27655
14542
4708
26465
13506
13127
34045
9020
14478
1922
5793
29757
28874
34865
6834
20512
11792
31984
6674
2835
3014
12043
19211
36653
33873
3661
14753
34397
727
9760
326
9290
1554
17431
8465
29931
15290
6054
3197
18157
17587
2851
26280
11247
19082
24001
13633
32256
20240
79
28032
20809
10145
4379
19255
14128
36651
32616
7241
10895
11356
28451
29826
23700
25881
23557
33987
4077
1395
26112
21698
16848
34459
7893
18216
792
6537
32078
27608
4889
33857
6099
5016
13768
6296
35415
5187
15319
1227
31163
19937
1364
15031
14836
31382
4048
22645
26658
32181
11094
10678
12476
24072
19970
2602
19935
23172
4759
23124
37084
33319
34666
32162
31859
10557
13260
15582
18228
3122
3161
35735
12397
7855
33878
9721
32587
30556
11755
1139
27411
30144
28708
35483
4686
16325
3332
2692
32290
28316
17843
3870
2290
1169
35320
47
17702
36039
36346
7616
32100
33471
17678
36763
14460
32880
27008
23450
15065
21318
21848
6811
5403
30932
35207
27161
11475
24094
27532
24630
11015
36317
17196
32414
6541
4240
23033
35906
10053
8135
10758
5621
4207
23438
12902
27575
8444
25176
34606
31727
27236
13397
23269
25498
33348
5613
36446
16196
11311
13874
22731
31410
9624
2841
30435
22593
7800
10704
34702
36081
12195
33605
2624
29185
37273
4253
1191
33392
18441
28214
14222
2129
24717
17680
2247
23481
10755
34249
21776
6360
30804
17931
1771
17236
30457
20440
14739
31233
27612
35866
7379
21664
25391
31963
24703
20379
15136
5245
34048
15766
30936
25189
34688
22609
37496
12131
4967
15504
16484
12809
27987
9887
10869
26137
3746
27298
8307
35817
15219
29723
221
35617
14730
23115
36124
25559
24862
36198
23243
36282
14708
5413
31221
15811
31598
17520
15214
27055
16778
14811
26764
24902
22340
22846
6901
4972
6624
10086
20172
25320
7650
7267
37530
14064
6150
29676
4069
20157
31947
10790
31344
9316
12872
33056
26089
25730
26690
24415
3593
36800
18431
22683
34141
10891
29283
1526
8954
18739
36774
36620
144
30485
2838
15377
17033
23962
6502
25539
10429
3810
25553
35670
32693
14692
23776
18342
26534
19467
8632
18748
12966
9179
18299
17131
11145
24421
21662
27367
2503
10673
15058
27396
30244
17259
36242
19459
30119
11207
29929
27526
3269
24674
30481
17831
35938
12567
17817
5545
8918
12878
18165
29019
2211
19085
34605
22830
11269
13574
20120
11578
12515
17652
20669
11401
18959
26190
22087
27212
35718
17547
12163
16021
11229
29202
24293
8257
33957
7700
10206
24998
3569
3150
21581
32366
12797
34552
19485
21989
8707
18550
15420
2117
29639
15837
11569
23955
32240
15097
8836
22663
35972
12181
2187
14235
23540
34622
15021
18347
1545
26204
19367
150
5211
20733
13065
6019
31674
22191
1192
31473
14291
20841
21190
2594
5618
24880
2819
20779
6050
18484
5623
28626
1908
16295
4282
23485
30021
32618
17049
2561
15447
220
12185
20480
13950
2310
4245
7641
24255
18776
4985
4125
10134
9129
6044
26978
9694
15119
27538
11527
29779
1642
23603
18070
19995
4924
21943
29103
12832
12376
1303
35830
12556
25564
10703
15425
18412
8972
26064
5405
12939
3116
35908
11407
25793
35910
31458
22913
20974
3249
7874
11763
3076
31715
22178
19620
27210
6641
25657
16609
10868
13971
9178
11939
28954
18665
19296
33973
211
36099
26162
19138
1982
4955
22347
10762
3371
14045
20615
27604
28992
28932
10329
11135
704
28126
11846
34095
16407
36309
6976
5924
28063
10500
30411
2359
29906
12772
5751
28887
33707
32597
30845
8670
9864
10945
36632
154
23236
19280
20022
28292
3514
18129
17716
14239
6480
16256
8110
9862
1523
16073
7144
8956
24034
29764
22688
2209
36491
33674
28849
14921
17743
10914
24244
23737
33054
15940
8486
8953
30730
25893
24995
5469
12690
35603
24777
22375
27249
32453
17820
12696
3948
7116
28957
31716
34656
33767
15339
9327
9647
11909
30646
2744
16472
31129
33312
32568
26013
16352
16766
7370
5226
27308
8189
4153
32546
34611
31460
9844
30276
34130
15126
34275
9418
33679
27431
8959
23779
29634
3340
13925
15660
24370
27774
22060
26684
13083
18146
36130
15160
9902
31201
13851
11684
30866
17307
35673
11634
31679
33838
7371
11979
30778
25684
23312
16710
14084
14694
2708
32662
5007
8747
29536
17430
13808
19646
2785
2706
12725
8099
841
7720
17445
14901
182
11072
26892
19209
37005
33435
6592
15784
5337
3290
474
13983
25817
13328
8555
5273
716
3075
17841
11411
12678
8078
19493
32489
30343
36121
9723
2907
29625
13326
14559
30255
19159
37391
16804
33454
24505
9282
1297
28637
19853
10533
35159
18601
18905
31411
13188
10537
19934
213
37392
16233
12663
19929
37073
15177
23175
13727
3900
35710
32843
33811
9435
6454
34116
15919
23434
3602
7187
11599
51
16628
26890
25705
9582
4635
17219
11637
2325
1067
13858
3233
36052
27340
33729
30745
10587
25171
34332
7434
23785
26373
32812
21044
16856
20236
9953
13436
27327
11443
12834
21764
3222
30171
10254
1719
37481
19205
15824
32740
5178
26788
21912
26201
32116
15888
28232
18745
33513
16091
5742
15665
1584
13322
30135
15310
24955
3199
13822
4444
31522
36858
36756
13362
14520
20916
21036
31092
4151
17204
28003
20856
81
7768
24458
29143
35798
34351
19767
2834
19640
6219
27316
27442
34157
29910
28169
23988
21343
1989
28641
20140
13967
23320
7058
13096
17027
3678
7125
5024
29183
36993
4328
28237
10801
32641
29529
28349
3937
1561
21692
16806
34425
8698
20760
36196
35522
31048
9893
37328
16336
33947
28615
32694
6924
14821
35468
7013
28553
26961
24828
4394
3686
31379
19057
8731
33888
6338
25771
20295
27198
26750
25389
8678
28218
15316
21555
1605
7367
18006
3256
28866
20849
30968
13365
11386
7525
31540
14161
30937
17810
880
14992
18133
36553
36687
9137
1556
4826
30037
16169
3003
17443
9552
37626
16932
10431
30360
25571
19393
22636
3218
26731
20654
28756
14866
25246
20179
15599
9221
9567
27270
17812
2607
16158
8375
26527
32556
31025
14600
8002
19186
12204
9663
14212
28190
12404
24091
15797
19220
20848
35406
4548
16122
753
21953
21984
26193
32172
18872
16403
18196
26223
21119
34122
29442
353
7730
4456
32964
5394
21512
31642
3707
10647
22690
32741
16634
10035
33021
29117
10449
17451
18365
17794
19487
33477
31894
15647
32462
31171
36459
857
11681
31363
12553
12812
22519
1535
16527
4793
30681
35767
34719
18851
10220
14510
4718
17623
16963
6777
3120
10669
10199
7795
5133
34212
20947
6250
11421
21053
36685
2166
17249
10796
32625
35822
18709
3584
15833
24993
35978
29228
6519
3579
29393
14970
33393
12373
3965
17947
32234
11017
26289
21212
2584
27218
320
22684
4731
9035
30547
8861
8631
12006
37561
13318
8145
17278
7510
3512
14804
4431
6353
32461
29751
13578
2513
30035
27828
37109
17176
24233
18340
37238
6868
25191
1607
2793
1207
24712
11922
25981
35170
22322
35678
26947
11042
3162
30347
24870
16972
37703
6769
36801
31772
12471
19007
3344
13549
10697
35146
15939
18423
21906
22939
27600
18660
34284
2975
30258
2747
9706
18700
10991
29619
22438
30120
21623
26841
2631
5229
3170
24452
23870
3376
2914
25151
28907
10347
26600
21456
30249
8545
10876
10825
23901
21602
12078
6086
19311
27695
30721
12587
8588
2976
10788
23954
13939
19759
28733
2437
33155
1660
20047
23276
12207
30919
11988
25574
4330
863
18099
34587
8279
17220
10057
34615
3331
9560
6599
14158
4103
27278
30963
3254
10690
13835
32278
758
32073
36532
31035
5139
27494
36308
4119
21381
3639
547
15001
509
8318
4522
18323
13311
28974
6355
31212
19614
20168
25363
7833
35487
2795
9908
7021
694
36897
27074
2468
36526
32893
16905
19978
10404
29240
3368
15916
9381
15589
35043
33785
7990
9010
17988
17723
22016
26845
4820
19545
24181
166
16207
7678
13936
17601
4641
30562
16921
15698
14989
34005
28497
1196
26378
11874
18197
6122
21194
33408
34867
28180
32043
11045
12448
27808
8327
4864
13180
15013
1260
2932
16835
20402
23820
17260
5322
18890
20899
26335
11828
9267
11868
14426
30216
15134
5597
36871
22242
32825
14936
35795
33360
11267
24332
36190
7680
13557
15243
1689
7409
2150
34781
37508
31350
31822
8551
33782
24592
34272
7847
13707
18072
9653
13058
23850
32971
677
18826
23589
33176
16619
26496
26757
25166
23321
23455
14138
30118
3763
25600
18654
28096
16008
1507
1813
29336
15438
25027
2813
10427
30091
31334
33241
1001
20296
22772
16060
23532
17991
15379
4341
22937
10947
15942
3827
9769
37163
30935
31463
18722
3872
19401
31942
1506
29760
35546
16451
25022
9312
24561
14433
19512
9079
37029
14375
32515
37471
6277
34526
15823
13330
23928
35167
17860
31084
5031
4512
31356
21810
12572
11283
20023
32913
17549
3434
24648
14907
10849
25967
34964
21829
19264
337
11370
30327
30827
18104
19951
35110
10158
27793
26672
34794
15965
14399
28897
36890
36398
27373
11814
11111
35901
35454
23533
27741
35897
3446
23166
12617
29401
29411
4479
36057
6900
35553
18381
28351
25810
34710
17705
18837
25830
9349
27076
33681
25225
35632
13368
8320
19500
9486
1172
23359
12786
9406
6655
31211
32370
26735
5308
3204
17151
6115
15327
920
5368
8252
37660
25837
37345
14398
15047
34623
18094
21822
16915
28740
9452
21099
630
1916
32947
32316
23685
14058
5551
31858
21001
36778
9052
20675
14873
10478
12842
9151
29991
19875
8705
29973
36848
23403
25241
24119
30034
2098
20728
37439
14079
2250
20218
12030
5862
13806
26244
8823
5440
16986
7085
13941
6225
17818
27644
7749
16479
31619
18010
30354
18541
12159
35186
8516
28185
16647
4380
11033
37075
14221
12446
35422
666
13586
10425
30785
18684
29443
35873
20991
25686
31852
3976
10296
37597
2937
9198
17415
35294
12889
16718
5290
6063
3459
36872
3087
5382
3989
1687
9714
13249
5682
35000
5581
28353
9548
7679
6578
33096
18243
22063
33240
5514
34646
34829
21025
26782
22409
10290
27811
13477
2504
27458
13394
15022
31482
26706
11187
13532
15956
36769
7760
27131
1716
20491
8691
34464
9164
18692
13250
30580
20716
10765
11805
28967
19911
11530
9701
28414
10140
9688
22229
18570
24122
21536
3294
32315
30796
5203
7056
35349
8503
14618
12060
23790
17166
6866
29421
22435
25685
33667
19012
2438
8231
11954
5190
33264
26043
8363
9193
36181
11212
9738
12540
18379
8510
5766
29422
2865
12354
7661
7716
21660
9126
14784
13966
2977
19672
19442
4851
1432
17631
13920
6207
23812
27306
33916
6699
11456
34981
18183
21687
5863
16433
13413
469
20993
3245
7836
34420
27925
29752
4183
15033
37202
34037
26571
10792
22486
29515
18589
20920
1000
7686
29971
16810
9170
33041
33538
1366
33489
12124
15124
35496
29
13030
9088
27953
32210
16387
294
20955
16406
28876
26810
7742
7945
36952
5585
11699
35056
22849
15027
16466
24492
3190
33558
34205
12088
37295
16922
21188
34997
33551
25465
29388
33744
27067
18475
37322
32267
28127
15432
11603
1532
13285
36527
33736
31991
33135
2184
21977
12394
7821
22987
4700
877
11733
13750
5288
33702
9605
21346
27521
1890
1177
7770
5905
2097
4133
30950
15898
28209
4988
19771
6956
21609
7037
16358
9692
13763
21599
28539
27740
23646
23730
12909
33025
36630
29334
35248
34290
21275
34938
14607
33972
21483
24178
1190
127
34140
28709
30198
16926
35533
11230
19323
14575
17227
8168
11773
11880
11744
24245
29392
14637
3986
20191
2572
22819
14922
32170
2587
33404
17606
36920
2807
6024
28914
18199
4808
19187
18507
23429
37396
26536
33051
8485
28079
3537
8582
7141
8229
17658
29769
10745
31329
16063
23669
35737
15935
15515
36700
34922
23572
20323
29316
13374
33355
23935
6133
18931
29444
28822
20596
7993
11520
36755
16283
813
26458
20648
9947
23927
22130
28671
28454
28030
12837
634
9044
24974
2471
6821
19406
24604
5227
9173
2039
6591
12133
31299
34941
388
36075
35606
23705
12250
21768
4649
37287
33083
28836
31493
33631
3399
11057
21976
17078
32875
37387
6290
21071
5515
21893
24571
29302
13789
29733
34008
9542
32749
8793
28620
30732
10369
1567
17059
22759
1413
22268
21118
19876
33805
32636
225
20490
12275
7196
27487
32467
17504
3796
489
24335
2198
32307
17053
21806
19764
5378
17909
10837
28219
32455
32838
20796
16652
8922
21113
7481
8711
19239
18822
33464
37158
34519
7143
28289
25334
29674
34602
8574
5954
28817
2556
3496
26615
18657
24469
16432
35469
33722
24860
2535
1147
36306
27990
26506
10853
33239
3643
27183
25519
17755
21773
25929
23629
23783
15322
4239
9638
20049
23673
13411
3156
29570
36278
25563
21222
6830
4023
19300
32156
21852
11617
20421
27722
37
23921
13206
37405
5292
27048
30269
14016
22933
26275
28608
413
12583
12365
28605
1464
13624
3053
9575
16136
32857
19105
21646
28601
6030
36281
13042
1480
8275
29327
2457
30515
34429
14
13945
21151
23340
8724
2004
13676
12680
32826
1549
6113
28863
7610
15982
124
27668
12429
15383
5769
31729
482
32891
28934
416
5356
11996
10916
12050
3224
19490
36595
35198
5852
11060
31648
35109
15367
9230
10188
19207
16592
25102
8392
33502
35526
36754
27479
32984
18295
10600
26875
25213
35456
20376
30674
16141
8251
7870
18414
23473
18075
32782
34835
23919
25053
6048
26031
3347
29618
911
19270
8423
7121
30231
6497
2051
9884
29684
8217
13356
1069
11606
5091
13944
10451
26821
32938
32440
34990
13699
34170
22587
25388
9832
369
28322
34749
10939
2236
4500
3121
29242
34804
24773
14418
6023
12594
21470
16317
22165
30639
11388
1600
5562
15655
2109
6319
26797
34041
10890
7153
33380
26713
20207
3111
30908
26822
3372
27214
30504
23904
29578
21784
19386
20057
26607
142
25077
28038
27014
33080
10754
33362
14443
33566
12910
23717
3080
8433
1198
21372
12778
3667
11360
10923
6504
1242
28910
16733
21922
17745
20548
35730
25521
29236
9651
18525
9174
24654
19724
9475
27046
24374
14067
35330
19432
19345
20273
20133
30279
17179
14454
27378
35028
35227
24218
19721
27857
12543
15337
32145
35123
23878
11965
35693
32140
18068
37553
22746
28040
6372
34064
8328
9217
643
20395
28611
18762
37705
18536
29854
19422
15658
14882
32701
14049
21034
12938
1769
26160
24689
29747
22588
2070
30005
8464
21688
16468
20968
17238
7345
377
32321
7962
34415
29576
22944
13341
29265
36806
19429
8293
9901
32513
23292
1898
37159
9528
33506
554
3474
4556
34457
33951
17072
11923
19113
11300
5558
13790
3300
1009
15104
29774
1631
21232
2845
23593
99
30409
19663
1705
14277
35750
7025
62
10422
35793
8897
35990
17706
16116
25338
16278
28889
35870
14476
30186
6514
18084
6978
30008
36148
18779
18369
37407
17361
33418
8161
14182
28152
28533
6009
24696
4951
19078
14229
14253
2818
34709
28204
3594
9155
35865
15500
11819
21637
22258
20582
22010
35903
27946
32986
13332
10545
14807
14587
19574
32663
21354
6909
30570
2651
19705
4441
27152
7383
7129
20599
2282
28115
34214
12847
1920
36379
24420
20076
19137
19075
7763
4606
11790
11669
6538
570
16579
20896
13873
25805
21809
24684
34023
25342
21567
31330
35437
35729
3632
10580
3242
19413
4391
23500
37169
18616
31085
24344
15869
4538
6762
14524
1537
12631
8417
3302
23775
29759
5796
14743
35980
22422
28606
34467
2554
13171
37138
17660
9757
590
16615
15395
21094
15014
35306
2363
22313
26566
25770
3261
27528
21255
25205
24771
26863
36340
17803
21582
35872
34803
12835
4511
5492
29484
30038
21205
19337
23656
31764
28718
37504
6401
2949
15865
33072
8276
36751
21268
3067
9247
28391
36397
8599
5174
20570
37689
9417
28749
19482
24569
18547
23859
28913
13229
23808
31618
34304
19909
4994
32227
2344
14384
35884
25016
16803
17972
18173
25583
5094
24539
24910
6377
30133
27509
18432
17815
13844
21388
17738
33922
20150
9431
1352
8476
8209
24620
5121
26839
15879
27234
15463
26197
8903
34824
28634
7898
23471
425
14671
25317
7970
13924
6321
24986
24107
20854
19126
28814
12230
15792
1405
987
6668
8988
11318
7796
25123
18256
3004
2413
33969
27921
22388
1425
27888
3095
9518
9218
13555
9839
9712
26686
17270
31386
11648
33912
12798
19388
19215
21013
5360
20602
20748
3916
1436
14274
31404
24680
27566
15175
5301
31627
17726
34548
31831
8521
22374
19781
25554
762
29768
2422
22985
33047
15038
14850
37486
22138
23813
26407
25942
31902
28239
5358
34138
30434
28091
32955
35165
9434
23911
16079
22185
15078
34667
34456
23419
1887
163
32351
36608
24699
4734
900
18626
31059
24286
29227
143
25570
865
7343
14057
8863
29262
8468
759
6790
20858
13543
17808
23498
37363
23416
7895
25108
6963
11716
17766
5869
20319
34653
35557
28704
20610
4685
18447
37516
35963
3491
17594
25107
16736
3742
13946
20298
295
18274
12279
27533
11153
19987
20129
11400
6286
22013
8885
30069
37135
24854
5416
33123
35663
23831
33150
6397
10700
23746
8580
10693
162
25295
29071
15192
8856
23597
17534
18403
27052
3271
4838
17571
23970
28530
26696
18131
5124
10574
16739
9526
10505
37697
18580
11185
4918
4490
33104
32507
25665
5039
22492
30571
23553
2128
23882
4796
8284
15382
17555
23191
17103
18721
19848
34163
20461
32764
13304
2446
33600
34050
27503
14597
8749
22420
516
2615
25995
21399
36974
4378
17274
21648
30223
20550
17739
23922
21626
24646
7177
25675
32127
27697
3641
14298
33789
30532
21576
3000
37676
27469
18608
5569
32028
4870
15985
24310
36033
27780
16277
16013
1338
17234
17330
33358
9658
31579
30967
11889
21971
32830
11128
30009
21334
5256
492
28584
27029
29666
3919
24342
4171
37635
32607
14950
34585
15153
32424
1599
9066
22487
11190
8489
14571
10143
25679
29993
5928
18303
27671
13386
29053
10919
29271
18141
25630
22126
32862
28681
22556
4000
32593
16934
14782
23867
29777
15042
20971
22915
37178
1546
24659
33089
5291
27388
14440
32841
28869
31449
24320
34034
15601
13141
948
35985
14124
1708
9216
9671
26999
1030
10439
36807
19637
8595
24593
3682
36455
20197
3564
18336
2649
36951
30833
25223
22707
32739
22061
16036
14323
18821
15167
32284
16147
11302
119
27154
21769
10546
18581
14999
23975
2500
14123
33425
24700
14853
27570
16421
32847
33961
27508
13995
5714
24546
31502
21927
24755
16452
14186
24939
9846
1504
19368
14365
5592
2479
30606
28386
37489
28325
30998
28093
2654
19540
15838
13877
31819
24671
34643
32328
5239
36245
18145
17712
913
37620
25237
34418
33920
1765
36564
34680
24556
26052
5990
1384
8142
29186
19045
22542
4509
32612
29485
14595
23268
12963
4075
5799
4613
36541
34068
6189
14162
30
18897
31090
17363
31944
106
24249
11523
14376
24390
36061
32042
20614
22454
25348
17350
30190
2555
29395
23031
33000
32166
15976
33741
25311
31761
15320
17650
2284
19299
22644
15010
29289
12824
13589
23826
549
17321
35074
15845
27232
4288
24971
8604
24563
5472
35879
2945
22481
24876
29044
28228
37493
13848
5835
22330
33585
27675
3550
35238
17884
36324
20903
9932
26192
1798
28194
18605
15371
3782
25717
28343
33342
27879
23851
37099
23492
6264
18606
37100
31889
26311
23179
13165
11186
4703
13761
15807
1727
32146
31722
37485
25269
27941
18069
4761
23803
2015
37063
23083
5083
18508
22468
35731
806
35490
26370
37262
33641
8907
5270
6534
24495
15816
25407
5465
19570
18100
16537
6643
4458
17626
5200
17133
18824
22027
34914
6730
514
27853
22828
8060
24722
20790
26619
10321
11280
26963
4487
17351
25969
36599
32981
8236
19785
6550
37259
26858
795
25230
13746
9833
1136
35021
14380
31895
23633
17512
19573
1764
3776
3192
30884
9062
27639
30980
29828
32345
31562
34446
20436
37474
23341
2307
15503
35481
32781
16657
9097
14363
17973
9171
31621
10406
20291
13258
24878
20617
14556
24640
31392
408
37361
20664
29124
32296
21356
16631
18079
33188
20253
18796
3907
23322
33750
9004
12019
1331
2672
17993
36530
31879
18260
28540
35644
5353
12699
18446
4516
232
30949
28595
12000
12090
25530
14625
36594
21322
6930
22377
32479
4324
9295
6738
8951
9877
27354
19158
29834
27591
37085
13097
506
21050
2731
12693
34326
5634
24087
30312
13149
372
22554
5130
5025
9886
14482
24264
7978
35656
494
34371
37628
26217
2983
31834
12438
14531
12425
8589
19749
5652
26629
35158
6093
27843
19907
26303
15572
24213
28184
8239
7043
29278
28687
14805
21131
24895
26041
25865
6630
1101
28025
19226
20108
4383
15526
7326
13153
26305
16309
524
1420
2328
22309
24859
11205
935
18752
15644
13575
19010
7840
8100
34540
34025
20915
16784
36997
8058
34436
161
1775
7878
10354
5231
1076
2369
4633
28963
1424
11095
21721
3388
16391
35616
32668
31014
27242
17292
29300
23108
31681
30847
24102
2041
36822
1418
16909
10454
3912
33880
12193
1863
31519
13414
13510
9413
25427
37025
30699
31816
12593
862
35896
121
3396
17507
13775
29396
9807
22217
691
10561
14574
27435
28665
34727
20573
13531
2170
29782
4648
10652
1006
25430
18327
6742
32871
12968
36055
9463
6822
6607
15458
29234
9989
18747
5198
15785
36413
31652
1678
25921
23691
13740
714
18612
6606
32620
19914
9512
16564
3330
22323
11718
34030
14785
30694
13040
8500
1560
6681
1551
16917
24376
27787
4839
9127
23799
18707
33246
35276
20898
24598
2112
20387
13131
10793
23505
14994
13162
34754
3025
15048
31918
819
31214
18865
15915
14227
11332
6193
10092
13410
5282
7096
21957
15675
15577
20371
16120
20318
10202
5106
23173
29391
17877
14428
887
8991
36785
25664
19073
19841
7304
8739
22017
9837
23337
30093
12117
7394
25768
1833
34855
27093
35010
31191
29814
20331
33856
29050
34805
32470
25455
25605
21978
35323
6118
25952
12248
15963
3781
18769
17908
3288
19774
8623
9682
12692
37194
29817
17832
33861
13834
10106
5017
11809
6838
11818
35038
6888
31851
29160
1430
31555
37047
14831
20112
3292
10383
5692
13529
16566
34091
25124
28941
12016
7701
29398
7994
6522
29945
1074
28706
14209
2281
35657
7729
37142
33020
6896
29267
16005
22177
20732
20835
30992
20466
7485
17721
32748
36083
24380
24124
4752
25862
2028
14502
10777
10513
11663
35736
2168
18785
15152
75
24656
15491
35166
1431
26942
8700
33481
21011
14856
18838
14822
7366
35937
15686
28339
27642
6847
32091
37573
32790
8650
30724
3881
18848
29926
1562
21326
15826
20281
23483
36749
22364
32076
25958
36837
30436
3673
10111
28157
11827
31054
11321
22866
157
31475
25912
33673
9517
35457
11241
16152
15389
31408
30506
28782
37199
13086
15711
1548
18085
25899
3490
31435
11559
14929
29870
21266
27981
2947
10814
37501
13393
20503
4902
36461
30278
916
26538
1241
22623
18646
18213
36164
2207
27191
30369
6984
27789
25316
13444
2948
16083
15197
16475
35428
30926
6876
12377
627
28341
26254
18174
20257
19838
550
20090
13064
14946
19992
16240
34904
7568
34281
22077
29992
29555
929
25139
11295
9829
7169
13781
11563
9926
18878
1434
25750
24619
6206
3117
37019
24775
36076
17847
8553
13606
10309
2964
4232
36119
17515
14309
1711
12992
6203
8277
13103
34948
2885
5577
35863
36549
36255
6623
11323
29000
25824
14862
5656
7417
28498
23425
6154
6698
26155
11397
30668
15036
36609
20489
7468
17453
12903
7300
31773
14150
908
14771
25615
29562
881
24141
21123
33085
13440
7364
22494
10050
5812
12403
36207
2735
10705
33424
3107
23526
22383
18949
16734
27894
20468
34312
31178
2386
29144
8659
6874
10303
5411
29017
37208
6970
20593
27559
21766
6056
5241
1298
9445
12623
9264
8147
28060
21804
30854
32070
20054
15840
370
27336
23635
3738
25344
7781
13400
14525
37010
24658
9343
25506
18356
26774
27502
26683
9489
34487
29307
4109
27383
10955
2891
30495
20577
11742
32906
4817
22238
9568
29960
23661
20397
22033
14854
10981
2627
16044
11252
25860
13857
21778
33271
16114
7924
33033
17437
2151
34299
12544
10544
10659
18287
15972
32576
22719
10842
30123
2101
16645
17610
18960
24580
17917
4131
25004
25272
14018
9802
21689
22034
16392
27730
23761
27523
16746
12686
5930
19181
36483
16416
27151
26297
19537
1310
32961
25423
16157
7851
32631
8010
36933
2989
34109
12082
22120
10081
1246
16028
31714
24227
2204
3401
36641
2212
4827
2623
10844
32599
12233
13261
11199
1696
25721
30928
26136
12523
12418
37022
1015
13519
33015
30655
4980
25446
25049
12038
8322
24174
22059
5191
23781
19427
24296
7100
8300
14450
23951
21556
25785
14412
35954
12860
7002
5760
33091
6262
33294
29717
28125
1219
1958
10318
25441
35505
12187
33388
17580
26369
20741
13013
32928
19874
35224
10267
8755
6092
6711
36199
21012
8179
33045
30883
2610
6955
8488
23249
25501
35946
13854
12524
29952
19099
13399
36514
13655
10474
16053
13445
6969
13692
17713
2291
879
1111
24919
25290
34181
20224
9590
1505
10033
21486
1066
14632
31157
11054
8043
22035
23245
35189
14403
11466
22818
2829
34516
24166
20042
8567
9619
3655
7590
37254
29848
26393
31484
27786
21070
8212
9305
26009
4230
14254
11842
25121
32770
28736
19683
17833
13005
5417
14776
7504
2582
1672
12113
31149
36304
4227
8297
24392
12205
33886
11918
14845
9914
33844
3395
34891
26466
11644
14143
23353
13747
1473
17250
27806
22671
1881
2721
35588
19958
5345
24397
36100
21969
31968
37475
8928
1141
21603
36045
32930
4244
30399
9439
21479
32188
25534
32978
9367
4020
26340
26307
19139
7725
18281
15190
14187
4058
15296
2633
28921
4860
35583
10520
25673
28319
23952
24797
20208
13002
21102
3735
34716
35058
2496
33990
3505
3886
11851
14800
34089
13028
4892
18118
28499
9997
6168
5615
30439
31111
28528
34931
22055
29057
18919
20855
18632
19513
28824
10062
25146
19256
33539
31203
8986
283
14295
27504
10646
