352755
9146
482210
493065
19781
178843
461524
14204
384706
232665
311370
427292
506639
94193
23100
372258
193660
364446
437229
261921
435461
87492
101521
530669
385406
50637
9715
224913
75490
445447
331760
21122
375387
520815
8755
349715
219828
168437
49571
391361
25007
138589
111390
199809
407958
406733
304853
391576
390345
67031
43656
161194
103224
508984
484814
441887
63661
74662
6908
493966
455120
432382
228290
424445
379030
189687
67676
20401
189956
358856
46532
430217
150656
352836
444484
47744
244177
371532
66257
467589
335588
215312
157103
486013
460314
518921
229056
48608
152299
289417
188751
216067
280928
380362
387118
292445
146185
92340
462474
230487
13492
350407
134722
264027
418598
261493
125723
321431
51821
208477
41064
164320
413778
492502
191335
117856
241160
93696
404834
150514
393032
100562
188749
387868
115911
145998
36053
374963
416027
29679
57514
88757
328969
180662
1860
211581
177553
103598
83731
329612
276180
204001
301286
198451
156364
350023
407517
134037
112634
461022
255232
85560
395569
320967
356695
104217
451394
75034
268938
101182
126818
100050
147079
172390
371585
277348
429843
257977
241910
415183
153607
182827
390763
290165
161163
524018
494895
360852
152101
49820
320082
364915
353613
267041
93438
253141
150226
324492
483768
358612
504484
491486
214388
523019
151963
278514
259128
90542
70240
212497
43007
155138
301534
495102
315813
210478
33760
364964
14662
112457
201029
68276
138060
413480
372588
465659
163329
107163
504678
399487
226348
128853
113128
54861
206359
427080
84277
320626
415944
421165
218642
380900
219442
64083
449637
415021
25453
223863
115958
153335
52311
483864
12313
471272
231092
272974
346795
468405
350
236987
983
37245
127604
236891
26463
265920
289553
480307
421937
114390
149179
460397
20725
312644
490535
387129
530199
270592
63635
438419
111517
344720
267354
175940
446838
502959
294540
163689
248773
480858
110376
94906
413240
170724
414852
269993
87986
144856
37986
316057
309828
329148
27299
324830
444259
431403
32913
148334
221977
504912
421234
494135
194300
106758
204624
50057
230979
163199
34901
167459
526234
23822
317096
470655
379237
80908
111852
121613
462639
249265
234274
264185
526143
202268
526699
83620
40390
352113
62026
124466
210284
346240
278168
285721
323250
428309
4972
420718
140653
232802
451764
147814
236293
50106
171360
1706
118886
381748
61943
246525
9535
128892
164264
165149
387860
290222
459020
238266
303007
95564
288663
201685
459911
327807
186967
110544
502249
242522
258641
179153
206803
341235
29583
47141
132356
39146
227401
22789
213592
117942
429209
430489
262901
54290
191142
206066
174367
274138
180602
212199
52905
498621
278033
365336
173785
453038
236772
331595
438331
364654
333889
148124
288694
239285
396931
297376
350118
252284
262711
259231
246195
462839
171027
268019
179001
513730
165427
137321
89416
178234
304524
149324
443406
193490
259734
315132
110727
183371
216810
442909
30103
347919
147506
7213
511257
52485
94152
454416
250996
7277
5924
204514
172454
293331
512848
388430
513500
379403
420696
147416
484823
205889
8406
522941
338920
168441
22588
77009
56483
13487
49965
201549
168578
335261
157174
423869
107982
450460
500048
329140
207432
77327
102200
173585
425178
103898
303601
505507
19642
114538
280757
311408
221443
148237
282423
345819
251973
415522
359637
219216
124581
63815
47379
40111
38399
246540
106789
461513
25424
459398
212004
82709
368811
43450
436446
11903
389316
286521
403334
410947
136977
101889
146107
47029
325764
228695
403565
329704
293801
187980
529733
468348
312386
192715
95065
29558
55488
198934
505578
133678
179518
245956
384586
108256
408890
286611
66373
337490
370852
106815
507205
187177
13861
157652
93073
470364
216675
184729
177557
465155
102660
267019
154470
40499
512405
483254
35628
85794
413216
140685
26430
357533
84109
508070
60171
332113
355175
108345
29581
407164
522988
85743
471311
221364
189024
291333
365655
74434
275527
458773
373411
275668
78689
428065
187628
415836
25598
503585
373298
257160
518605
287008
211180
177124
54634
350004
312481
140883
145929
144573
267808
383852
384486
67089
62911
337327
173778
275926
80584
141181
81695
318448
2469
207293
246961
327827
191977
524998
157388
285650
283092
422876
449211
432837
342658
179396
372682
299110
321221
461966
410156
61252
136992
440123
518974
404491
147517
328473
388075
237858
510803
349595
203426
418390
117815
505991
88201
185567
243431
250687
436823
121905
327050
129089
203204
420001
525082
27018
453793
390448
361775
421884
169044
65411
204519
8898
333128
477827
132507
349966
260416
364507
364357
173810
47661
247400
74853
342080
156755
8612
229496
298020
467662
291107
201323
80445
305164
86841
23247
187223
351831
434543
252028
350549
331002
201034
418308
93959
52226
138496
279388
90523
279651
58870
521671
481190
198137
88350
9953
134997
272568
55730
477098
450888
25308
66442
489381
349933
235338
476424
392457
266099
317106
522855
281739
178980
428977
180948
5546
290508
474259
317311
415482
308406
282854
141551
188187
411037
275576
489841
529909
119357
489430
451951
340600
91397
510822
524707
379529
459342
46054
405197
187205
78938
295313
438891
184132
339626
518076
232460
322486
231540
89808
253045
32960
16987
93443
305403
112768
40128
462968
276240
220704
472174
78129
159571
279719
130729
92645
381723
4973
492981
201548
217453
496845
63511
84245
123833
182199
326397
418475
398267
58443
196587
357185
106602
347835
74572
295841
2859
311955
168262
451674
84034
132645
23142
288129
389799
73809
43779
133962
293209
17700
195805
337268
233626
444607
381328
98458
489312
175585
480520
503905
529927
115130
513196
266671
305228
50296
193111
524275
519472
136950
483316
159984
46703
160507
520019
363856
255443
118685
350689
435046
295973
333521
328590
182330
476863
483725
535631
79889
175920
507911
201736
395624
31035
367535
496002
457669
98156
101969
530505
393830
274537
140671
480869
37605
358298
417534
145439
99963
507428
528025
107288
108514
499219
130556
143399
75395
140929
228729
510523
372643
281625
356436
437807
400958
163101
153369
58903
421260
109632
81006
239704
374862
478825
292266
219518
6022
193451
54641
153013
241580
354130
509151
171942
335719
395634
70548
465348
137379
421295
270442
535053
265595
380135
38262
256996
118367
519625
237296
479731
492598
348081
361965
80745
7305
294163
466192
44254
42338
461212
268502
496301
393180
34315
397602
301024
367126
285479
434077
485699
206764
59438
304775
94841
97401
285663
372381
50330
236038
453242
6294
524122
378385
474255
62646
39181
45684
533416
93090
312634
256269
162009
190079
218333
2096
67847
212946
423582
416163
265479
24569
135419
11607
228670
309206
409289
325567
424098
46606
39978
431422
433971
152641
2315
80993
349503
419655
421895
475990
392266
215226
305642
515574
232509
448861
115730
496473
59656
34665
248131
290295
345706
495167
257065
402487
199756
269313
198198
345435
285863
277007
408155
315980
7330
240013
498791
361825
11507
375377
200493
180340
195145
448666
446014
411524
419938
279412
534032
237676
86866
70276
282185
327949
347264
103904
381962
480895
346729
207014
493609
357343
259226
313916
79072
295863
376427
347599
13295
313245
171259
205918
409932
345223
94785
395914
290618
507440
149993
219324
329544
46489
484263
5389
511159
89431
325616
48827
107514
335335
408441
481316
41891
416987
479572
89302
422245
425971
437155
457272
416394
257006
71669
496834
533961
355598
241668
420635
477452
68483
351920
282089
286010
11831
459256
282058
488881
197326
489257
158031
187306
349006
359198
313729
490185
6847
451124
519885
525595
377418
13126
439261
469521
62554
334027
76945
519919
253794
92106
65785
185201
488468
160692
416827
492632
529476
16116
312571
87381
102508
366621
469606
172771
121896
465829
40667
529158
501979
392947
50067
237903
192128
451547
186986
463685
357823
64770
112841
236376
39341
291840
506715
201148
523168
83440
169208
30591
436119
106210
426976
203907
209620
323312
83299
301143
382736
302288
514137
16389
445140
409042
381495
235947
522900
362002
287124
264989
50997
122057
302056
502840
420328
425960
341287
226767
366847
322416
289489
252335
8233
46550
133831
412030
183959
264209
275256
345003
83655
68485
80535
136760
453493
417671
462036
380144
330314
244308
202380
5347
255957
261215
225909
402885
121798
49175
6636
7519
4511
274342
49129
424147
373201
93796
141311
17869
65910
90331
301125
287257
28660
439420
158498
41684
98315
150050
328149
71708
482270
466091
462862
258054
380074
250810
58475
514983
151349
483619
161128
294752
129404
305394
403301
61900
127956
486326
341536
491215
240497
270020
434789
518777
397343
282102
244432
52930
328202
352010
351798
432527
394233
432816
12867
225064
285626
115101
430620
82464
528492
491070
51896
151029
212908
283052
88193
271581
31394
85888
219097
261026
490063
369551
163012
106027
228975
451449
209090
217934
230273
47304
178024
12242
385360
514304
184410
61263
487531
205202
460193
137908
50477
498416
470932
417625
139699
110980
329670
514569
106658
227872
66785
258628
429516
492789
268411
101601
168445
304984
172521
527162
383315
405659
79909
463398
4908
29574
226679
328549
210744
407125
297841
374995
476412
106382
145708
328984
520035
507636
74113
347640
517837
93189
41557
300388
97096
354453
1745
149870
11920
206290
408122
102389
92445
508393
86293
85020
216451
149611
324387
192631
20191
102774
35857
186783
215448
463208
340047
465828
117071
154861
507235
328903
446523
477775
280412
63875
386169
117863
241494
459237
378330
214176
161834
232117
170899
76958
448278
112264
145221
380537
367875
11084
201415
255035
324782
252644
331957
42694
268880
390274
309399
426061
506274
231859
505187
237203
462136
501723
340924
339494
158255
39037
163544
328683
110905
14402
32802
29540
267723
47598
344152
451140
336318
358043
296658
347530
493039
27197
488681
170519
179727
26699
535716
419202
77883
128652
523686
157358
454196
416216
174984
483247
263483
322010
394572
227993
44917
418502
457
93788
429759
181986
24137
257466
201104
136498
263129
425759
4915
321293
420634
208924
422514
56983
512791
501000
490007
126006
196023
171305
4349
20676
185980
519912
451707
138425
445645
223446
16054
535367
151331
290615
144255
56922
510194
266992
334091
511890
485937
92441
248939
62033
176548
285600
343875
504379
323092
438012
86946
40685
294567
348467
254350
59183
44552
390486
360129
480772
243054
253016
147966
65113
268914
379369
274659
31173
252607
300947
399359
71031
262665
232703
87990
300720
528717
356879
50109
529202
206244
34480
45227
478638
316614
375696
264055
123874
22606
496314
111799
361885
83252
45022
193024
362500
287962
299435
202712
262344
75691
84434
376822
98800
220707
233713
173843
178469
258231
320592
65807
463859
39737
293900
221583
169034
528036
353374
451310
527558
415409
162068
130891
113506
14395
337300
150100
241133
272142
476051
313688
60631
462796
318818
132150
67108
241154
230492
437938
385960
238725
156086
45036
451159
387444
63332
297698
497953
459770
273301
482506
186375
387451
457273
428338
291990
466235
184019
87394
152784
245179
331512
184562
328229
438401
305474
326351
379977
30640
490495
5699
165469
255936
58343
291642
69044
204560
366963
415281
394337
96550
302909
421836
15299
487567
138822
189369
413848
371007
180792
114983
126515
77984
492148
340730
391178
505323
97554
492331
13094
164040
443000
251210
25388
529078
168412
446243
1695
372160
493526
154053
67759
411807
258847
515146
42640
34025
452814
361689
302215
383914
251690
435103
128150
531994
527641
26391
492256
291375
156495
420846
126081
39819
462138
434194
516625
82321
386737
346199
218370
273593
409722
201124
114122
259919
390692
523987
111341
76840
495811
283815
73875
453834
189870
26493
361592
15873
528263
308413
287904
224745
535013
38394
286861
434555
227063
117050
204445
291393
426491
456188
200136
210520
108572
432876
383951
343159
225316
333806
211824
71434
485249
317570
417995
162762
274977
448664
252105
226441
224723
529001
413003
164673
208514
150243
233689
404896
82613
134227
497675
417099
396520
119324
128039
257586
365005
476501
86543
50285
54774
147042
237971
118471
65797
517893
114150
117939
443291
313540
321833
356449
338909
510487
228369
294726
238535
245562
90303
145386
477770
356679
454542
490392
234319
149886
366588
56969
260147
414324
121618
129593
169532
454105
286760
488773
208556
381589
522689
533285
191415
429430
260103
267639
346270
274371
309077
36890
514138
224287
529629
296800
151616
186220
110226
24519
422861
212233
172892
478599
490713
114287
486051
44766
205433
64278
103800
62287
82853
209532
120505
66426
52896
511491
41720
39202
398845
174865
211520
332670
291681
73507
230182
280791
283356
426971
406453
164977
187190
261796
307767
363675
519166
105201
402825
223388
432885
439587
383434
472662
143589
376019
21830
220586
305025
328616
227927
249985
267854
290814
219246
168629
275274
111904
521740
306397
23907
208790
438648
98111
454942
378845
105349
290611
400726
177742
230179
481443
298348
427521
284755
135986
88030
203322
372122
21490
305267
418419
92704
264517
172842
439569
349550
211387
521552
511056
151936
466075
382264
188361
304085
416670
461240
397991
51917
386296
424900
324854
491804
484341
211732
504529
43585
228972
59321
317476
382163
420170
252738
271493
128285
76680
173145
496913
384348
101346
144497
96188
354474
64038
31044
187810
24831
474474
187292
243907
381703
151795
184760
128004
307313
66809
409919
311234
369981
376496
232578
5232
156096
148637
201648
150033
49613
142289
89165
152086
48027
310780
534145
510475
512231
221761
286966
422806
390918
143890
94723
12210
306156
261396
66506
436150
64779
378554
407640
68012
399653
237031
482869
489120
434759
139298
519379
180093
70647
116868
151645
18665
380305
16965
110469
121511
516454
38230
480427
44663
518539
168775
383752
460446
239865
190625
376653
89011
355040
24500
124926
99275
435151
5833
156406
91927
417315
476613
230100
116976
486515
376078
423983
196606
109110
386075
138828
260096
234362
238729
507281
35289
272413
468931
377056
329691
484016
392038
123626
51195
431795
131666
471558
103192
335950
208865
74306
238434
266091
208313
338969
6308
227011
343048
134559
226680
252076
11354
361494
288898
246111
190131
437585
393937
406270
485625
28535
10298
372496
382562
14469
195957
494287
342538
455054
278803
393267
494369
348370
240296
437477
362001
356094
427272
357382
86329
421057
226516
240630
308871
336987
414513
232214
74495
297812
208032
472522
256924
456274
327644
94692
257808
487926
53649
321720
37110
50060
405670
82157
300102
15606
519588
215161
116280
448868
325666
316382
507674
273600
121604
451889
477982
457370
204485
7574
171229
158832
247767
411476
462847
432415
481309
91554
438503
373617
383675
511113
89024
76318
155136
364433
407963
133927
149646
426046
9626
52719
5571
534932
428636
376059
333596
157972
283447
340663
508039
286289
459924
298154
397362
55121
334789
1867
268791
152608
273478
244126
480801
365284
242399
117502
203108
84053
533975
321366
73391
377398
279696
58170
145034
6226
453382
321176
489162
443498
458413
402377
33806
429729
434170
65359
309545
467865
232206
335589
32827
213674
316729
40593
20403
134401
229559
535616
184638
501848
71709
352634
355784
184203
228027
100100
318722
31493
239133
250755
92688
305223
99912
526179
250374
515082
85498
165824
379361
465843
537
229561
72181
343322
318077
291674
429366
197162
404892
318079
491612
60958
199952
50244
111947
336649
100182
20821
501181
326761
189212
112901
269688
330221
340956
497922
58137
44748
486819
349030
125935
212140
193216
354604
354310
518695
195023
420832
156252
131375
219190
510197
374217
161460
92485
424123
74657
165174
519229
441706
32246
55152
487880
198570
232191
54795
339311
261072
283169
39475
251114
518427
456617
159735
484010
259565
261999
290484
344766
251268
216658
180934
77065
216800
418253
219115
503154
529681
219724
321666
38405
408506
313203
238856
314575
280196
81445
391389
277979
494786
524346
173706
385634
530285
202177
324575
225169
50224
101321
74015
36967
505923
23280
174958
219039
51278
241512
61812
29094
312914
397481
270540
250595
433888
138253
432653
235799
394784
57462
75633
193069
328611
190144
172325
345257
31105
349410
484213
388849
155008
411202
34286
210619
49726
449833
458278
145464
294510
370620
117980
373660
318716
50198
347472
466637
89559
468023
96294
143063
174006
335320
485920
45399
186998
400432
308223
469229
414239
258752
381351
239066
453059
46538
255662
276255
107961
212077
391267
448948
153656
464125
146747
103835
126784
120334
185316
525011
45016
218797
352458
76316
391278
209175
436812
498517
278826
41735
337637
74152
23240
288009
126951
419240
469432
328187
343237
324748
62539
16919
279978
208783
130302
271303
226363
200867
61822
426005
258019
280551
105745
318113
244958
138980
249329
529347
435928
30502
172611
193894
160134
433193
102349
389525
311580
9815
296824
492694
55023
523572
117268
161181
389098
22756
77170
117858
146355
7737
284909
140599
21623
183380
284883
391456
84327
246746
50880
311764
28188
355617
306634
213607
98129
451206
292942
411899
265416
443093
162226
341000
408102
146161
362586
399668
60077
313833
211143
527332
466206
167481
296852
251843
62916
223861
137381
321376
404642
251722
495007
186815
248378
513155
51755
466571
358264
158297
131609
187120
192759
419307
314993
190627
203214
15646
162951
425740
209410
424226
192218
28717
374416
528541
8378
69767
293421
127477
232365
390002
153880
360410
18839
382687
148746
204113
224010
528549
111042
80970
40793
242162
351452
279143
435293
285930
519510
147344
132347
24919
239331
349970
1693
466790
186961
72998
102569
99538
53063
380466
189184
306954
164812
368169
115300
245719
291235
295327
153627
519907
253038
106850
187612
329438
168610
221122
102310
512407
262425
78735
485927
177112
499847
156589
535102
371491
67468
227828
189204
514422
288553
321765
384655
189438
313617
243029
146198
83200
293855
407638
499652
35949
219941
146334
464140
258047
478233
317839
321993
327337
141123
459728
212265
96536
159851
53577
170154
458506
304888
432820
44160
76868
90828
55560
377199
107995
146910
49737
419334
386174
35170
134927
444437
71151
448696
365775
201346
233924
480161
356960
254441
326309
100617
315337
261769
6341
397993
210427
10375
174503
359512
362229
161936
21363
340541
77495
401548
104729
186417
297504
284319
489139
19569
391219
117021
298321
320449
216370
148045
44057
29625
175948
450069
155814
437665
217270
372529
30068
319534
341981
297908
90265
174541
431424
97459
468012
376688
273194
229834
498310
51830
247683
518965
271636
513198
221989
236335
522817
7430
282676
176755
488499
359266
304652
492536
529752
189231
185361
49934
485735
141882
481419
452905
96984
82164
412137
132604
518490
531708
32763
377503
298206
20924
305930
209885
85130
453848
228588
46884
414813
261155
373830
407844
180247
16604
353766
389066
15448
27891
46552
153717
429038
509465
449831
142068
472956
120223
447955
315816
334063
242438
448918
419715
334327
261840
342837
150125
267614
35240
340807
200942
150482
106045
458054
400151
515655
297729
60484
57260
116948
63544
158686
265762
519417
190942
122962
470992
522684
517686
463712
89587
229529
298279
16856
38037
524936
32970
427785
344344
322079
148355
458333
188557
378167
269627
482873
376811
298285
371814
142635
72664
508223
104179
330718
22334
22724
155015
225886
305731
284774
357933
204906
214405
290542
216296
276309
35800
399140
415479
224291
335641
86557
181999
394695
253230
65321
5827
448112
202951
106740
90750
418218
297944
456276
213955
446641
446026
344621
181126
8666
141950
532183
246994
85970
192447
44857
490758
343404
187180
296588
493033
153244
322383
29204
385480
408259
463362
398293
121578
60134
221533
11868
122955
180498
21504
12702
120193
245924
28504
517726
116339
459160
173605
231297
493784
435743
241704
504620
76185
405963
456922
446952
435769
14059
264640
86534
232345
53884
75686
113517
222304
349257
278382
24067
480977
161853
316838
397424
372896
444222
84614
181598
437582
14302
122551
460818
214554
375048
8937
269347
257518
213310
447843
27775
53227
125072
492069
410322
362724
172114
440329
349107
195938
386641
94000
314178
483176
424994
320066
65649
461570
336413
301195
455934
327801
68107
129244
157337
202925
438449
438627
337263
221177
247163
419392
20470
289409
269821
389986
145844
516408
68186
464451
239979
421485
125351
351935
273032
179438
4994
110507
473039
13168
156798
266241
369507
280197
185424
331840
211920
468926
450160
269763
466993
426939
285345
223897
220218
1532
199079
455262
270893
42893
485289
132433
10001
179556
255458
336517
62623
3396
375580
99946
180823
254502
175855
329646
299376
178272
356938
27399
509997
270397
124073
88306
471646
293516
151271
45468
436712
15494
155679
227366
464426
246597
143250
305699
315043
323624
478969
89853
470709
210149
103513
246711
19567
133283
380175
466026
11642
279366
51839
303252
443349
210338
438057
28091
413286
152005
375015
261089
509148
458648
484991
223617
410569
485518
132738
382896
425184
163847
321724
274255
199055
134739
468774
436406
220869
389053
513946
477743
20222
134931
13331
416529
70738
263358
422988
182727
386003
354464
168103
58144
389029
456063
59285
230479
345952
42300
486146
52292
25242
281348
207693
510209
466098
341351
433138
47868
356047
82112
211915
194942
105933
179926
240636
195735
9178
395034
317646
479867
320225
284417
64569
486874
10485
510286
326070
4761
389321
283136
531332
276270
19589
116882
5962
126665
14591
208951
378250
509911
429345
418459
488647
484122
91205
469002
461561
273535
59335
126078
530574
214114
453296
445911
253927
18468
242106
311544
48558
398331
300276
88092
225054
411477
151804
294869
249737
181740
361270
20681
467234
56928
48428
448814
138177
66146
141902
229642
233703
38152
89094
173057
269700
202246
50930
229620
446806
87091
95013
433022
399455
172473
454999
472236
45401
183847
24398
232218
501820
84675
406171
503335
70205
4236
464186
65582
173907
286393
337331
473035
353906
212581
83298
472229
262573
364799
278652
347156
102290
195634
361568
252070
86315
292862
261420
447600
428858
17939
525939
230736
11660
491507
342892
299832
248733
72734
526320
43479
113394
384046
20157
438832
503665
318856
424320
13683
58939
535775
394843
271543
22213
450350
117312
497817
79313
201258
204168
223900
331810
106631
98830
49559
378262
289848
34475
443679
323563
40211
271156
509128
307035
475357
114432
251885
183647
184667
436874
289203
29182
261362
392327
532780
201785
114022
198251
465253
1678
172939
369093
24079
412324
283260
477097
485931
522796
399977
389552
108765
197438
223738
526605
228209
481966
154486
409110
389915
300555
20733
438973
313042
214597
21890
251178
37994
514113
197123
341853
180789
57979
211179
187390
503884
528760
469959
391126
48928
347244
270583
101898
350461
152139
50675
161354
266313
153953
365278
351937
5313
29860
183314
305354
446054
514674
340821
151380
189814
18604
349227
410909
479853
9776
251180
121516
47700
378166
82659
504741
213945
491684
53873
120756
186408
25830
26002
282987
443422
257503
137872
338695
365386
128103
164067
308092
471051
204620
124186
263201
132051
378611
178393
448417
224874
318481
105125
15728
125173
215452
150619
497459
503500
158925
302850
395953
95914
439210
396986
466971
281488
296649
308870
520904
159119
182799
493863
269926
136415
295749
340593
442173
429069
309538
390667
421520
299902
385812
307985
448480
226157
400147
474298
279045
427243
502366
172008
342389
218113
127405
263514
326508
219776
488567
305102
466981
199616
149874
238931
348718
460174
162479
325401
217940
248700
401058
295499
530191
232199
60746
353991
449247
289013
127834
448150
57877
268543
367123
392645
241042
183855
101951
311109
167261
144469
41122
226342
470086
489675
384440
490118
371329
215258
173491
92014
200208
163604
351624
438912
478634
73712
76993
86038
40936
25342
353842
474795
200463
530322
9340
293505
157911
334681
478691
306602
263890
449328
52402
88066
410764
232322
73082
87820
180570
33802
138195
64924
140049
219822
276699
214292
116562
317520
367006
445324
287588
22360
58531
341022
63055
306059
176296
54832
297545
24005
404859
254034
326097
119969
198081
125329
392873
477610
363586
462825
20399
406402
257050
380402
202555
7455
286559
77270
262699
173306
363637
137514
420445
386051
42940
173204
4502
497499
253690
461866
371496
378929
418596
433733
219499
136527
49933
234226
429266
532749
178578
139807
129796
57976
455189
494842
152704
46745
513806
340050
399778
388172
152399
80022
406250
170635
251946
435348
426323
48602
162890
22979
278163
152975
48372
415314
520582
198294
155137
423486
248709
66901
387932
264300
4419
484830
144995
246016
124292
208433
525517
470321
5031
89147
109287
527407
154066
358960
368585
234673
272604
40003
423010
55012
89959
75567
50882
516193
16664
157089
127985
78492
84039
5185
496022
513429
401217
353821
72309
182518
322591
475303
113044
477907
57626
195655
429262
86083
491133
8095
74155
474360
316355
27095
377168
60678
529561
519518
514217
139480
412405
336855
125981
271673
243290
492416
275843
279321
94168
384423
36452
234496
423217
271714
464353
300449
197170
11184
500653
281453
144330
306180
29658
245388
432366
148526
359793
486630
520179
191956
344551
203056
429115
6260
276734
43935
22804
245862
522662
433613
409822
21751
262176
474172
415851
268124
299579
108077
208678
76542
91257
261703
168122
221603
12370
130662
4809
279718
366641
78415
261845
97438
34778
529765
199757
249918
510828
414054
198498
76755
106348
178134
56213
441571
454949
104520
420974
25690
421695
108235
328927
364189
78270
184000
459201
90131
360067
486362
6426
129485
13139
347729
426004
49598
404831
172137
139168
246134
515404
393902
411163
357301
162848
95015
333931
412031
474898
89379
121070
149977
193550
438408
461864
258121
534047
419011
532899
2073
42577
365054
63794
397293
474166
488782
502434
480442
252907
114907
146621
336476
523455
94184
368311
218301
110450
275631
354599
237641
354733
360273
168251
25300
159394
245826
264273
86567
412181
199628
116077
108666
367702
525554
398153
318467
14681
265182
321588
257933
170317
456213
125028
282775
404828
491097
24510
64697
431750
217932
427469
254189
403815
302221
421393
388728
532948
347761
517229
74615
308369
129412
316693
313352
521978
488254
480036
349853
457679
335667
139328
173654
197475
323930
206561
276787
106110
19597
182099
516459
49916
536032
215790
515801
294995
322106
438816
498890
305227
241190
349599
240206
493792
12435
140772
36374
521249
500112
26796
58382
504830
309323
240097
172580
250286
31829
41338
97111
378092
326627
263329
163573
15090
24966
295941
258300
416474
427739
133814
2928
472938
293350
288193
423074
407815
503195
399777
263077
130748
436259
324990
408475
210883
333430
209965
125949
424985
80686
386574
421891
71452
256358
118262
27336
405852
165151
160937
8061
339674
406926
162721
396086
32056
152467
36169
40155
223221
291367
302993
332785
156840
381876
426422
220670
500809
11858
270096
414169
190052
488323
360591
7021
279129
496601
438461
35894
491504
299663
200964
291370
83507
331434
206877
437373
46567
69493
98983
301801
479385
148254
27327
369449
312198
30408
127990
64126
318986
108013
525372
243095
388136
385389
71913
198094
243768
352158
535617
336590
264286
327672
316226
109527
140432
291500
343373
202222
147202
61180
152281
23492
130003
171071
348094
516087
382715
164385
375034
143657
138065
414141
432493
483113
237667
300163
101529
113294
518962
415727
94919
362794
123340
422707
204695
277050
329728
274632
355332
418190
517823
360390
508592
364268
191080
176237
244063
90941
431189
407559
237276
8381
403802
118198
211042
233638
444326
181801
114125
271835
235910
12451
386530
295123
245818
470788
225708
323569
28126
238649
311907
90001
159495
423758
533104
320560
512758
34189
103205
521346
432123
117908
301784
311117
209808
277132
529422
241513
101835
157947
399209
506472
234231
268960
495262
292852
23403
359970
536031
321664
205881
533823
190516
331363
424800
234407
135954
360952
380884
463414
92366
528369
296082
271736
483778
160929
9076
121872
10335
42315
6063
7616
237625
121208
519573
241627
453941
275209
187984
189515
244786
193425
491941
240904
203073
91893
502422
177126
505208
206322
303225
90583
302956
342767
65997
529447
497826
467004
454046
43911
113144
295400
425930
320397
41288
437007
68096
60270
463145
210243
226077
129020
114361
110493
385247
240739
440885
38935
307432
65820
496612
124542
79467
184938
294244
507030
293347
519025
493590
235449
30539
259040
172923
357509
354007
428084
474725
246539
113914
283205
249371
445998
233974
501199
183532
323943
237836
513288
336577
529564
100168
180422
475671
438998
464732
153859
521984
424104
14984
110705
241537
66771
354511
453907
230594
67116
413433
264177
133867
38163
447351
351835
388888
191714
281426
150564
97146
417390
179580
402409
480410
313753
315285
470110
475528
188876
82836
295126
503280
14705
14074
80459
108332
84167
490192
245035
442322
412726
333208
463953
147286
368030
240815
248898
305594
262859
121850
343084
251793
419575
426678
498583
293755
442650
408244
481089
2416
413207
287714
339014
529603
462153
420385
254111
382488
79413
126412
240251
461768
196733
214371
70447
246226
502273
319441
417544
327681
129847
355704
139531
477778
377387
144262
480185
459409
408171
47223
510390
159430
176516
13767
104794
328982
365579
492518
113551
72912
151504
415929
505103
513215
458108
75272
510553
19917
75602
186462
11586
267610
515631
268872
443317
78040
526650
45921
464830
228220
98319
103110
298599
360323
69053
135669
27520
362138
10921
299029
73834
280948
377925
503085
493437
333219
230895
469392
17623
358921
364106
483736
434605
512161
495534
382487
303721
333640
29962
173356
347871
390617
65012
447523
249199
105655
255780
339541
463176
196804
340898
515331
255281
222550
279196
248895
146418
468136
481256
463079
197436
277359
8240
171689
368931
294644
250139
49531
503307
70321
5436
149729
31024
55523
505073
479649
122163
388072
462791
380112
380384
133971
354242
482358
168645
53258
319998
125576
164692
434720
335841
370580
276271
491888
139673
242178
345595
120254
144156
499325
359273
447526
90093
332912
265084
302788
260113
334287
218198
341065
332777
180969
279398
212791
68540
216446
315492
373059
52695
265939
235011
167762
519171
24351
260906
279087
77740
11041
13789
416542
65060
205753
395828
6872
10428
281322
469076
2692
173808
33939
63169
484434
472014
207903
444999
468078
215983
346161
78935
180369
207243
182553
429010
138251
340273
415139
326128
332012
414011
178228
466186
261800
508354
455579
478106
315661
424026
146425
146933
219597
345618
133203
324652
38689
190902
419847
324649
21819
359906
189933
408934
366900
227087
202731
83596
356835
272002
164177
276053
391005
341097
221910
163776
513211
254175
469585
432408
447643
431934
313496
450131
334288
206169
82827
148755
184035
255849
449873
370042
311440
504114
63061
365058
193056
284221
173000
213489
459387
496278
525369
80288
194925
142797
108161
224531
363156
240686
465313
237709
58932
412920
351514
109540
450755
117874
149105
366151
425509
7607
89811
75309
44710
527174
343437
492729
316060
306020
495850
245780
448665
37219
367884
520626
512557
101816
116057
440784
389412
267938
167741
470036
323251
417639
410145
60469
464506
191723
261712
450591
520392
19911
72651
197245
143387
230519
497472
315496
456507
282761
499562
431616
286368
531820
325017
217830
45601
85624
2881
81877
340990
359076
508163
22778
167702
398910
109424
68736
366562
81442
166501
282963
523877
468081
125632
67261
412118
261775
488235
240935
282275
167675
501457
21306
272796
486530
366067
502144
453871
487992
407321
116487
522476
248352
139925
141773
308492
4704
47966
120434
443921
342428
403590
509552
306725
515191
36161
478357
491471
292786
161212
164799
363986
525120
245131
366511
353709
294470
438671
183729
5400
510886
353956
78302
294890
58176
352395
54999
136286
7346
419985
414859
349425
23223
30588
510603
366779
532924
101681
338130
108704
87989
3422
455150
458564
19595
216835
26151
281804
439391
12534
499107
453307
229786
34358
27374
328451
372808
144914
470194
230891
176039
356314
231294
138694
202563
160566
248981
352856
426682
371723
206996
356155
151116
427726
307799
459918
378863
108591
378190
463322
261304
141219
164434
334919
244138
418213
410486
524027
130243
190057
353213
449887
494501
164260
449321
340166
177261
86518
499117
267795
94228
516154
171699
243072
413904
446605
213339
484372
480409
254307
172381
252702
434368
17894
329962
76550
470125
149943
182036
395602
75061
433647
225012
311520
292808
389848
174810
320561
105144
70664
201819
483779
206038
510107
341724
33024
207316
647
255684
500889
38348
220300
213931
96874
280635
495000
404421
461987
394288
472936
88744
378044
267825
32662
167696
301283
338795
144770
478687
376830
208528
71619
534114
43879
34528
184036
493451
440082
23849
518882
488114
104286
527717
479634
383410
460729
181271
517819
177413
31007
172942
83806
437995
305898
325097
144305
325271
141701
341876
152130
270187
340220
306837
39355
44162
470799
458716
458240
116243
282230
150511
45405
147238
450457
349920
73123
59597
164941
327474
23349
520218
301753
243397
190086
258013
460125
221379
123170
32605
447669
35860
512593
73999
144543
201520
118344
243489
176210
275114
418326
14581
23169
349821
393212
294896
22026
368150
290751
453031
291910
132536
476647
429280
9896
276263
19366
289548
178417
141621
487572
486259
232638
20952
467569
264176
124196
262661
452462
126633
213486
281300
10883
409612
217699
71552
58538
236417
285121
381970
453335
2429
117449
243316
341015
442768
376106
305417
103405
500470
54253
222817
345750
281336
236625
410661
307102
454894
32968
58335
370056
465515
378037
305912
5420
114942
11031
205253
264972
240853
54585
436903
30618
103075
63620
466698
365468
330915
100921
254460
350076
306410
370535
365384
63622
137441
357923
263361
343941
109512
40805
19008
374418
165734
515204
45948
533025
495801
251910
209071
368250
3475
96711
481740
409388
406942
423779
31460
465352
239272
306814
502195
64608
243990
363676
359550
529043
246127
122179
251077
82520
347163
99276
54082
114259
31018
69302
310144
257319
202968
236321
211778
444603
439753
399949
240442
58237
452836
378584
78951
109616
514884
60967
262308
455279
89280
460249
120986
414226
272293
95326
497118
513041
409146
176194
460514
442724
469136
319715
156057
487534
263471
475297
336608
37223
212052
346366
209247
305356
190588
395637
319501
137440
476535
25701
61641
365791
37311
336836
175418
68761
2290
508129
328178
40239
424881
195686
420056
346142
518979
347901
65312
203604
290391
119372
422885
350002
434272
56480
178767
377656
381264
228766
146865
299444
21034
155638
413183
358608
432601
449509
388380
405671
177284
297421
177113
164409
392810
198710
397866
477618
96057
426820
424479
19146
153311
498951
277138
410338
2182
385081
432664
252645
468862
328737
150370
496510
529767
154103
436120
32894
482520
124943
500406
272036
304943
63010
457374
31170
493485
243495
111730
35256
20841
516274
88197
201528
227947
171197
58835
37211
334256
12659
330012
116174
300534
318862
13165
63212
261320
333737
534192
20370
449527
461233
179468
407079
509396
467003
175184
43840
146210
16467
108295
4577
190828
277591
138697
338008
74112
368002
204153
51623
68426
30722
481359
17456
217579
344013
402195
130564
476347
122121
74781
470838
454088
210420
48590
95031
508945
346328
156956
160620
325579
452282
66570
475697
347555
348662
327381
534440
291916
419892
16478
4700
97829
465208
274666
363949
532405
176608
474484
250662
296484
375131
524120
36407
482931
432602
344606
447157
420221
310324
267476
299591
68624
352804
89836
398653
464358
506453
104854
83353
412419
97338
425708
159698
230351
290364
215274
464427
124964
379215
519870
94562
299276
476313
411750
254432
273878
287983
139760
74733
25661
17224
59847
104733
25044
497425
237055
168923
341400
456167
354228
105303
492564
415273
176852
336232
440612
488809
374740
172202
83637
34309
110350
68203
185362
248158
468182
519827
475269
338869
476500
267911
301974
131505
259241
311818
254650
10820
385166
238528
407252
153574
448045
160394
92225
355912
495626
467447
14904
252099
37055
328515
37917
135205
133873
351031
507171
67774
505797
221400
279527
495708
142306
381757
100390
450240
141669
97509
78740
463531
315406
322386
114434
249177
282016
406216
388623
299067
197353
311322
115610
443637
63048
44987
49257
27719
286601
377231
143339
100339
418004
196918
44428
249305
531735
134223
160098
433873
340182
90159
513487
320226
227481
477419
210814
413918
17228
29861
261911
300037
460758
78367
184399
516811
385171
270167
291894
313021
405536
302131
503231
131460
149248
396459
358920
223451
393594
71424
333865
356860
123987
367642
495728
342199
257662
370354
449939
136878
9303
206631
138433
510532
85268
89605
56598
248691
481523
127778
25163
462605
422794
485329
366317
420932
416444
40054
112192
22195
198840
512402
426523
349758
205045
301012
522609
271459
462019
195903
60460
382489
144420
195956
355241
421518
68026
205445
271225
29594
243207
403534
472031
267157
8286
146539
50343
168726
283843
416279
458509
93106
88112
212003
25435
453850
14303
356580
485414
235459
432949
151350
480888
36513
372200
207588
108270
7337
193012
2977
15450
138718
136000
267228
111757
492804
385752
244390
381453
265792
60895
267954
440104
319541
176408
442860
484846
22664
503890
500427
515459
100281
212153
3237
171603
385284
129140
491101
23930
148905
462879
444424
131082
76998
113542
413078
182924
249113
175227
101839
168458
509913
232330
517766
396928
369099
164902
305251
351710
446421
157731
229364
124841
1780
468255
335316
455565
329508
423979
482200
4600
517786
264480
290190
388514
456244
316739
352154
190156
252014
454605
213151
173532
216240
198282
363097
348020
501416
181916
163852
115010
391150
108728
361645
24649
405303
417022
2391
30011
220634
486707
232033
136459
220297
253208
503960
214751
451803
303142
481454
520463
333517
120722
532527
103134
352075
271309
166518
1674
289488
41231
297049
156211
210548
377568
38563
465852
200791
529665
410122
408720
497769
25918
319827
146679
35891
286813
487203
299166
69357
369462
166399
163853
24495
299438
323987
287537
470561
319574
336662
110549
490708
205693
219330
285932
523637
301967
534286
330567
119962
318640
276475
258638
200139
26980
515860
401127
38596
463484
139092
463404
266563
99719
265331
198778
71314
76640
156926
124747
407798
8566
89851
432130
321245
219560
409024
424283
304204
319190
428819
148316
331717
82968
338027
334966
502274
326843
1936
271414
527201
235209
53742
120120
390806
384882
128225
14766
224334
13856
305285
303358
427933
300348
472062
69385
47149
67821
518604
479420
192391
28788
128279
88404
319605
425645
175160
267853
270781
507330
222283
333988
80380
61816
85690
90816
355723
55737
371454
119793
102839
364781
324036
449859
488924
88660
339972
70119
226795
155850
381786
515005
319299
461129
292070
379745
248369
9549
192507
290083
82055
468339
444171
66321
65895
373502
145794
231274
373276
43964
31649
249107
305489
29959
246387
513584
506643
113353
173699
220352
320355
40570
211032
156386
168709
113514
40819
445977
151737
272614
150399
387504
259210
329839
36994
484558
471892
513950
426054
257440
527752
76427
282362
276428
77504
435919
350738
524352
498646
43512
105360
409286
220566
297636
392312
224779
351342
526058
150455
55150
279580
229919
77573
80484
366752
489856
48769
19110
524347
237917
472483
367337
76865
437130
62658
80223
320069
331109
41111
258179
321087
255101
307955
68345
264801
391842
113524
180520
216532
254744
15217
45618
384006
479881
266128
3266
147335
5767
262574
491109
440816
10401
117501
445893
443306
113009
48329
97299
117781
523633
445156
516895
73213
420803
212039
245848
176721
278680
195105
82240
229844
125206
269063
456208
358582
411755
503990
119481
379443
481109
408563
46065
228076
96777
376210
417819
6165
155637
416259
154718
108915
357728
78511
350300
84807
131967
62273
24025
288265
50652
221923
478995
263399
473561
198765
358082
105489
535351
441539
170134
350167
209821
7165
164333
240280
511841
400935
262264
267518
11761
425343
52779
505675
138325
61984
254670
465561
72169
275248
136531
401404
64530
313571
81369
338095
500781
384304
378544
61052
60110
525056
311277
365210
229535
117986
380070
3381
423019
325291
274747
441895
428749
90102
429139
176106
494046
208725
409912
183172
110361
483890
204180
317379
241803
92780
235395
106779
116685
135284
492823
256055
248552
254337
80491
511234
363907
448015
335536
426902
89386
128904
469848
383874
34345
270303
198955
230319
328541
311011
327066
24530
33660
339715
525248
349706
139719
262701
470584
173482
448356
273267
194045
362984
87421
121123
49192
123258
315868
32353
95984
504239
381533
42875
493282
352480
158522
419287
9714
162158
48141
48097
239189
369909
445132
191492
518416
110368
309884
298003
395064
221959
210780
218244
367740
23249
399353
284069
152405
512338
471298
367540
422437
5622
289049
389657
14563
234660
320107
132136
451245
17912
124246
517009
265272
490256
63665
243428
360758
213100
211677
357018
247859
369302
297041
103732
46913
190879
447829
28365
256969
