489097
280147
194168
179308
60776
440162
3303
286722
19526
453036
443429
28476
489845
124679
296066
320023
192134
290834
406613
389987
8929
400768
392124
247904
435518
246375
393766
419689
274989
509387
428138
93977
370513
265637
518080
26295
158279
416681
469016
492372
94749
234558
471931
77043
461745
193364
376207
17157
287693
93079
472598
285251
358448
330806
299534
342133
256368
250818
200639
28814
153720
327840
190030
467303
232991
1953
339520
529514
429631
441458
17996
530996
83464
105648
374809
474138
125831
456039
159957
63108
75712
181505
352198
317806
182419
79611
165283
209854
103830
186813
459692
519449
314320
327719
367790
408979
398450
151581
408348
495898
509858
185562
78819
63119
500879
389796
31449
202210
98518
167732
103371
79481
249801
276070
338687
191597
119331
311246
107171
26935
101773
375073
340684
468374
527824
249002
436846
155130
274113
371759
136747
161170
193766
263332
480717
12044
463089
480317
74825
493923
260037
52515
215151
244701
156298
281276
40935
275115
87973
303727
242247
29014
506868
50494
164705
434022
430260
241159
305158
23586
383187
253826
93688
393976
58434
56679
6021
63534
432929
391224
50383
160669
180105
300235
69676
72870
223598
444242
168620
191954
462758
33678
182953
236675
480282
20514
234014
5678
320423
294328
120593
252175
291732
164594
151237
291863
159352
320829
37069
57538
215451
198249
531894
4729
137020
254849
494379
337578
416456
228538
166621
365806
443116
525112
51696
174962
36115
368900
511322
357598
338958
505327
220953
51632
94623
273491
295722
256499
156029
474879
512281
233016
142786
63613
458460
473264
128531
16625
2130
230604
74647
163228
529842
492767
370597
190263
234249
259259
216950
358387
460160
522473
104537
84741
403341
512048
51864
171412
499645
230536
274942
319105
477694
51963
140314
38337
124881
2115
417445
18483
468879
83286
471863
482492
447949
245724
493339
111492
93731
218786
304952
382405
265615
134561
233441
173790
60831
284734
503659
20021
437075
471423
47857
460266
141899
534148
466081
530435
309138
26947
476275
100971
221847
315859
311482
35338
153982
219849
135309
164660
76828
361581
524093
102526
406008
45132
98921
379634
64466
148987
195011
498859
295950
246950
8822
94439
472273
237477
300847
103723
446069
15296
79789
444738
122762
144985
11083
151450
359424
117895
126525
121211
352230
349742
496525
441233
329263
42118
177558
108331
366829
159889
130623
61249
493629
459136
373836
229914
172040
286463
483634
340808
340371
148159
408069
147917
275085
524562
356859
250795
459577
197064
169918
218962
417191
450632
154307
314639
158860
9026
203989
525524
334983
488548
298582
116321
193806
296582
63075
436360
230963
322235
224070
360202
355681
143027
102791
21251
521329
100025
113704
348079
186741
37789
415886
258939
113164
414451
432
30140
281708
321602
102042
181
365637
166819
244951
84982
95522
483376
17850
385463
316985
324382
161694
14191
289958
199233
494580
528196
347747
109147
322029
301749
177852
148199
234483
60773
298076
58424
198786
153429
109433
95020
253062
418930
43310
285412
521649
143428
73429
380087
336726
422184
105904
342966
342639
70199
225645
254254
445040
260120
198684
169197
309290
395889
304980
292906
251684
391883
516648
363841
195388
430629
89678
251586
442698
293537
1176
528921
407384
453790
377542
322556
172661
192140
15137
277065
176883
308096
410030
44665
254479
102829
328839
287409
144807
342580
274641
72671
191997
391051
294542
382700
389440
495689
284929
535452
273308
400816
506431
216313
350341
346560
529169
501087
312118
164520
516967
419447
198776
124554
423546
291726
218215
446797
13216
169469
363315
101555
71456
86723
202688
91517
510057
217965
243166
118078
219209
388111
385206
142302
268482
117479
485615
54016
134518
373924
184652
232445
427209
87944
43620
158350
333763
67764
376267
110618
418729
112578
332523
32265
377805
479089
49717
222340
283793
397408
257021
284717
201181
54527
192847
27386
485163
345946
228352
232677
71256
22281
17405
64670
209786
533600
65483
498383
163795
491619
104177
208863
129001
28302
55814
159109
155298
345201
384785
351451
18917
138192
82030
156082
78656
395161
230778
326687
189772
121615
81583
29754
407307
296662
175073
401637
112310
110061
220098
347213
423091
487137
36297
429905
405455
347498
272225
17087
2873
131573
283913
123558
117414
502805
473456
393609
216902
121785
191232
57751
369895
495783
2302
211255
500813
247019
387995
523066
514765
151991
532603
243980
370141
456873
345317
30278
412914
6247
318039
74103
159031
46501
239046
362637
396348
22461
530653
85729
78358
79197
522982
59674
319049
352182
380585
219217
535176
120880
6957
344138
64794
178197
399248
528481
507862
251365
144374
219592
190416
341421
229295
185950
229959
428439
135506
85776
276205
138098
252754
255235
189371
512578
324428
294634
87619
74882
335934
281351
288388
535752
399242
160561
117751
102403
118999
512801
271373
331313
258197
281569
115515
460858
285499
416101
492226
214429
438272
418223
483992
298013
316288
405751
342481
41441
47754
491424
21936
449032
280870
371385
495228
442263
45254
207580
147808
48341
415466
75001
418417
402601
486841
82676
177982
385034
370443
417896
292110
120817
501653
5994
362128
156750
285593
17389
336080
68314
447406
298976
329462
336079
529381
274199
320191
47396
460335
517579
391037
149272
55807
209765
326407
5970
337511
438960
514465
234359
222825
15729
132360
309285
73091
135178
170840
62498
153006
473440
249080
174691
65945
308815
227671
128338
301740
380252
374231
278521
214393
535101
161622
359086
418846
384957
352159
273897
175678
140392
122819
382275
247999
462348
215150
196885
336673
226181
456805
42470
437980
289754
437809
465247
509015
146008
356724
173971
26213
302929
500199
90146
502884
170860
520718
123460
83009
108080
136462
483625
346151
117623
156508
46940
395103
224480
355109
328739
315805
148456
471251
272239
408640
276789
50711
70890
90158
68850
215712
496297
517235
392371
46484
19561
335711
432561
278862
148490
335804
157346
381403
317857
177030
383081
51313
190606
285725
269198
498815
7033
356128
69447
303822
127918
95969
407853
315715
445119
193489
465248
378378
28562
464835
7119
370297
379755
184397
357762
118408
218111
183772
183606
461331
48888
152342
401668
301203
341695
275954
496850
77756
505180
483839
5076
102673
432269
365707
253660
487372
4232
42137
278049
407804
523798
246809
321335
289791
109409
97051
427734
466324
87954
307817
314431
304895
15252
359171
89394
76567
119002
409325
461311
207643
185299
291204
370750
523766
41638
497982
490874
60763
320828
372693
197361
41131
482285
447073
273379
73196
296621
332148
28465
403793
119701
377259
30883
78097
388051
269647
351818
850
286602
223254
413692
519501
521268
526096
253304
314558
485415
418084
88934
71485
193366
527440
216107
347741
523781
324994
429828
14761
475988
297004
128280
489794
100398
321768
305380
229855
437586
11073
27216
171241
230504
129934
361652
177201
102342
380589
524175
206091
177324
401759
106159
237315
434821
383910
152145
319144
454352
232606
231581
436745
312336
172633
501718
53246
529409
285409
36368
124215
392117
518425
53601
504030
9710
92864
1977
525928
506619
379025
311190
289334
325005
493133
20917
201032
170409
55233
401496
77316
377786
88820
266900
459299
53831
148052
159642
416320
522374
255823
492479
491411
307648
417688
239860
450590
243510
267869
474824
410425
308683
365736
285017
236640
185476
405291
282435
356743
518839
223492
129505
228419
20907
171712
415726
241073
31053
26491
27268
132494
456363
193763
511258
304714
78412
213985
296470
518594
119347
413162
149481
314521
272466
265241
56811
131349
241156
345459
483643
232361
514947
33705
158456
455957
458541
308555
370759
48429
341905
283139
457209
301424
460059
400014
410638
205380
238875
503023
421391
69648
264445
165782
104941
125683
190180
9485
275577
37288
349635
487356
219588
112150
340300
440069
1525
509708
283892
7333
98271
451268
475498
147293
16998
48211
300009
417777
389764
257884
73683
362190
169492
133635
304177
437928
352977
159930
485093
366766
505561
26733
113546
275560
47755
266430
486492
112149
516320
302900
525516
329034
476481
302629
152528
90465
239029
7863
407829
367473
78245
11444
130882
405379
118072
237778
154141
508370
444221
262312
115498
249592
105401
308313
146018
21357
454884
534645
496751
485844
15195
432691
1956
170507
515625
80010
520174
276906
193186
485122
90997
497570
307001
42828
291048
444482
207766
417158
296447
326723
500569
292340
267231
7673
273559
483401
97186
447708
158780
182098
411177
182295
29260
531156
303620
367969
67488
148617
101514
41057
114788
423592
418624
323307
44359
267466
384079
44197
420742
359471
329745
125761
174042
261592
54829
40753
14417
139039
187396
492414
166935
371607
461126
487439
126208
519856
519563
474830
196940
435062
390761
351344
236337
487718
140652
101029
382379
54511
457101
167037
152394
475077
172610
206345
463597
420126
140096
503032
344208
186142
294152
518109
428408
267252
363480
469683
329409
468746
251851
65823
331640
120878
363804
457356
196429
85691
74330
452006
293513
51859
398828
415210
359218
242750
202530
369713
209317
87355
515821
49959
248006
390828
452423
100906
329765
219236
316819
342646
517410
124786
197986
419947
145321
399405
333703
307744
500120
129151
257178
419830
176499
13187
122195
335613
368994
79612
3772
531363
412896
514342
53447
272196
382919
392246
121751
387958
451420
476971
215325
165038
211888
39272
112971
495774
275642
311946
188815
421063
279534
163700
20152
196761
264799
472917
358686
497230
497209
332636
195354
141853
295486
178891
271706
258014
520736
230451
415814
10629
454939
347953
341425
393309
337954
264634
453115
51290
331799
321083
445824
393763
184591
366100
282937
45354
313882
413474
357889
160930
463430
406528
432913
409826
239716
113124
251134
131895
309485
58375
167426
401653
79119
417107
124724
383802
234130
310064
28539
273286
176183
30266
405989
441790
434404
364050
244558
502925
198722
128899
65576
441550
346037
25659
309716
524072
208688
388862
403248
144972
417171
476750
232043
476284
16483
124987
138432
320094
391442
166283
79567
535664
491219
355802
70901
185213
407302
425831
65869
73474
180642
387174
505491
289402
526566
215276
8148
16465
509781
353778
431195
272555
206419
473266
65058
34462
123533
243855
68795
526577
385974
51027
236521
74587
75050
402572
245942
388384
94203
69540
169727
50783
463552
102355
420963
115368
254144
13742
267275
222702
95742
92185
359334
27884
73144
16147
48227
374656
274525
65932
395052
387863
143065
55988
362290
59812
355798
8141
103874
180068
393814
218143
138647
13197
97032
414223
424546
524992
482504
435764
99415
480306
117976
4667
490849
452310
237541
434455
14451
61930
3430
356959
524060
56299
306846
421223
462076
27522
242978
145433
3948
476421
289474
418582
439333
523662
436180
366836
23345
477369
87903
295360
326246
144099
87979
373674
512108
49867
340858
224326
350360
350600
528652
433448
319994
512484
3384
460112
217746
255133
7166
25787
129948
461990
376717
32346
234011
427420
38898
515748
16067
429225
306350
295962
2743
109642
493180
429814
41249
126648
512622
76425
109420
436831
23385
393702
197687
318550
83746
219539
214705
305292
263548
440057
438029
260790
11622
468588
159795
522850
308344
128671
277425
30181
506942
170903
13938
522014
244231
225885
491045
54113
484316
132343
208160
66831
225518
199971
133894
302044
16458
71857
164518
386568
300912
65438
452418
260483
253957
247535
217054
248275
121740
257265
253649
185418
56698
288020
304340
126014
56511
6805
241342
214960
124459
321994
374488
28636
276630
260401
423808
316501
146095
89764
139514
230103
513044
300490
189710
8154
223735
220583
391094
481193
63727
163056
494131
515537
332536
336021
78851
187908
434583
173777
441548
26975
172376
194259
239367
273287
319381
59859
490450
43133
467899
467462
271400
55300
534727
530162
51239
247458
351402
109823
416349
407628
362679
246639
468906
457708
475678
383023
317226
35147
293308
42111
534470
255859
180331
527376
493627
360189
179525
172988
259550
112233
46794
433946
325594
180062
390847
179993
74924
255207
121981
291266
19417
513010
194707
342450
259382
498772
348909
251631
457095
367208
319917
474519
299947
60922
31041
470993
53567
472964
400930
299932
359165
408605
491268
88088
345792
22643
343303
420790
251574
241899
491986
46275
108174
95543
331928
55589
433303
382057
382183
225235
11608
188678
428566
350713
72141
338712
244596
26914
184213
358961
373789
95974
189060
297763
116766
171925
201881
148930
81851
150589
266152
510931
214884
267668
371544
217455
174744
235534
141753
284450
375358
163055
373910
168316
173872
449733
41459
271053
222741
422603
272357
41192
226376
371641
124486
309484
421634
381719
401657
39435
68711
167041
297712
101831
532153
503986
519700
92556
79714
491377
335829
413098
143170
227746
295835
465439
374458
316556
513461
213000
209724
439259
410195
182889
479049
432991
72209
303576
380066
242295
459285
480111
166936
3519
116105
499795
292914
146793
36810
489466
223685
58261
532270
314745
281337
17983
314479
101266
108526
485893
478260
273220
415588
322651
461890
433338
215205
53011
85858
327320
331950
374622
303501
60413
18869
113105
420332
172253
379470
353727
245636
327029
96372
171529
348573
411817
142643
74009
393895
205627
225369
96963
150805
256118
492411
447722
449532
266342
161446
36943
351856
4989
355114
457183
216604
4781
64893
315506
511699
210389
199948
502401
512082
454749
391497
466327
203636
492041
477785
427061
507647
149343
84670
325127
534853
63541
152198
519256
24790
332887
392208
178148
283626
17191
314535
13240
165293
152581
274343
373900
118834
201005
53499
325508
301550
369756
197070
483165
399064
462434
359620
342564
477571
406636
283551
232108
406136
104245
152780
533812
364228
477901
352876
532622
197960
34803
147170
168089
426604
173887
333294
314225
70742
223092
387317
455427
533703
487836
106583
188157
509713
95049
241655
23180
403814
151071
456550
324231
147960
121873
306668
417374
309736
58104
110297
512462
28911
286986
242727
222964
534728
312212
380204
385876
444315
207604
472707
403591
512106
270039
501732
66637
309854
420081
403746
164203
168201
101415
320978
45711
326959
188695
408863
330035
472716
473893
202739
90961
382612
531652
404094
507468
483810
495759
475016
445808
244382
15914
414064
59075
409003
518530
54309
185773
446555
454359
288508
60575
487283
58662
22696
63822
99612
353803
466718
477081
1125
301334
21607
87334
276915
313821
163017
151488
242853
131916
446575
200703
23018
94422
532091
205291
209606
104187
201137
503842
448442
424411
150859
265370
436918
244410
356952
441514
203009
161527
245166
307055
291690
160277
160361
272123
125086
425189
86469
110357
21278
356550
437527
449006
60538
276147
177728
260516
401488
518548
50844
257344
5665
335341
78766
465641
51024
524893
311307
522077
407246
96787
398726
455736
100348
13827
448353
421283
49785
349215
135070
255500
183249
251336
385029
398124
482633
373345
244984
381859
293747
491309
170979
249876
506216
349972
41390
360579
8172
324774
56384
321476
79970
7312
251723
127439
442665
358658
468801
368288
165784
429824
40099
426465
458823
486647
211571
124650
28850
237284
504811
123216
13702
343680
101370
268902
405394
311809
112681
364370
37113
266373
77057
215380
51259
145609
211667
387766
36710
137135
207807
244301
163126
495208
152016
410594
251363
238832
168763
508922
455163
60539
125568
508068
278543
453430
352120
105853
483688
182009
439515
424169
59916
196670
447605
16816
150414
117374
309348
18307
483716
411237
190382
65912
523763
302651
114051
453251
242091
471608
507546
184313
269221
281528
476178
214709
4284
284325
372378
120493
484472
6092
295550
283590
44400
117663
257626
40665
41385
307725
58757
498444
210511
257231
97839
307547
172726
453838
113289
420265
536016
198738
364483
505592
314231
254032
8284
155810
226408
445505
469962
160944
395701
390720
508280
532495
365611
25401
165785
263625
156306
139583
330355
350923
450842
75265
153330
88356
163829
524143
435723
741
354278
137108
530152
283326
401834
100502
101563
264699
425557
177546
364847
529920
205839
195082
411998
202307
90768
266438
321621
521272
9418
518482
302470
323599
227738
69581
428389
416513
423730
319749
197279
176732
226581
115710
435396
16512
512456
330069
486280
288538
485072
362733
113893
27665
213613
3163
354397
377800
290891
211956
180747
418520
491972
472892
176509
109608
87375
197990
122083
462387
454945
78783
471150
333211
363505
85102
434192
178171
499125
26730
419621
330825
393530
278615
430560
89418
520852
274017
315765
341076
140604
390457
262576
197543
412790
338205
152340
282637
119585
250542
488102
415305
171808
48052
226209
526492
413436
389658
272784
68953
337003
130311
446537
245606
295780
32069
446546
316096
498857
464485
333045
211432
40392
21271
445501
296023
206031
366305
202267
160515
260688
64876
288051
135811
44053
45937
267690
103027
179662
429938
300884
341552
67739
532126
232015
526476
369744
532317
487802
392474
77535
509784
145069
409183
180566
227391
432766
213826
13954
313294
481772
146671
203817
365020
398197
206603
262110
327558
192143
105177
520412
197918
449593
112875
335876
288767
174724
9783
427777
385230
243588
375037
283890
486239
382705
305635
442963
136657
491509
143436
140352
193090
360445
137028
295983
81872
186573
108737
64265
93926
102865
151979
244324
11519
442610
423845
255798
250844
207572
224733
319003
294935
128027
25417
198691
141019
15591
316205
33248
104952
321814
5145
56075
452884
531500
201386
262149
358053
269801
180414
117161
175198
322243
234254
515428
442558
434351
238442
16582
526790
20732
144001
448549
71756
504404
376227
167758
108592
72393
275141
45504
293047
270907
361957
392049
516471
91256
286227
416835
219328
515473
125117
531988
523133
420339
383703
71841
269641
119862
528863
331480
198221
251737
75214
515233
499808
246584
365887
382584
325658
475639
150517
505930
424548
401867
393449
368979
330142
91855
390320
474925
369530
370954
487647
101679
73318
357148
524360
217100
231013
208149
39549
454827
109784
114705
462942
137654
390762
110786
60759
420467
68159
225877
274507
210035
374878
234614
209266
303331
113001
425974
441922
268812
59039
297392
305648
180355
445486
530305
269710
198879
279118
123173
279364
439592
254160
179944
33216
257290
301427
151845
494958
506583
398540
385526
10176
521580
51305
482750
8459
199039
453811
206624
525301
454625
98962
67172
169877
121281
201081
430059
317317
124520
66292
127110
132109
183715
433635
204964
424624
272704
244158
497790
268157
171722
464865
477495
77219
85747
470262
413997
201584
42658
14935
9301
279049
39339
38602
434289
471133
393285
4747
397367
322312
305041
257898
2647
480672
163381
356453
496182
281661
203265
51783
94949
124002
389048
299771
472876
255319
422843
240816
253178
345133
152000
534573
463443
160187
165318
325587
41840
293785
385148
189099
25530
461534
202893
123451
164984
321409
440890
355536
274195
117087
63623
466467
160188
432649
180997
439855
332990
341697
277369
276221
482309
230603
111782
355522
293232
261436
305691
36164
60864
377603
120612
60092
127884
380313
19237
473407
285685
32937
37800
283530
140861
416573
81656
268318
296826
265249
256448
187219
347828
29298
404762
402465
228644
6429
3302
400074
316197
455476
31367
313884
263987
3885
254688
473307
280957
484971
244000
68686
273210
4943
133316
187203
19273
454279
204675
298700
378169
116625
38622
500989
130037
53380
446230
392722
389524
173891
404764
421567
116958
447999
168831
77032
403803
433725
323464
448024
266283
173578
15644
525312
326768
288113
438330
46245
13462
26012
24800
83407
432878
195245
117221
489331
63713
42804
308950
118213
524743
80670
416972
480346
37678
179466
151464
445622
43042
435390
288168
485272
492801
239138
371658
339837
254953
469018
125369
107641
132800
294167
532222
508371
515393
295679
156202
318817
216417
2142
84041
290773
521924
113065
418654
20837
293795
407465
490386
60428
81098
493219
476962
442877
535871
264500
284360
216013
407876
104068
377860
265543
53704
204779
137103
383101
254132
171358
324083
439554
81719
101464
513917
149110
185728
513248
479445
470983
251302
454932
281062
3247
224231
93387
402794
236358
96605
199686
311820
410713
22406
40696
20180
163571
439895
198336
250143
485798
533211
397057
383489
95747
409928
44398
409355
77482
339661
426126
468857
260304
71329
253454
224127
363184
128028
386633
62697
169189
360571
413091
144625
89153
370312
22114
527848
301759
293997
373277
284639
184428
345046
105049
316583
310841
105184
202880
264089
407423
501966
267990
490036
75911
417164
89548
440644
406089
496587
416636
444912
505191
70966
97349
298999
26846
493491
191062
211442
297868
383564
108691
108762
90674
468700
454446
110624
454407
284164
110922
221158
347689
524151
189518
360174
226114
428888
478165
83442
526976
183049
272106
421185
151229
146433
68817
435819
164098
426999
507544
250237
360771
422246
485781
425922
505831
35961
121941
44608
179184
248557
110288
160224
26885
224618
23193
375393
40161
315474
381393
240493
95267
533193
374587
15598
418023
422467
378606
323309
423608
227879
477731
355714
329178
191129
465063
73583
221432
92039
273868
471013
103175
355832
158614
174505
264315
168289
207998
426478
205600
212354
54743
311182
455286
243379
209685
269456
516632
60249
299631
12694
322578
391861
329882
476208
346218
373683
19033
414499
62924
125839
98737
432412
298638
356582
464316
524361
411727
250617
226274
413919
263264
127104
86977
492079
415963
163839
161551
172104
306936
128195
383627
261730
162605
164143
286446
175173
208736
304552
471723
215970
317833
206767
99051
465913
207263
466544
499492
132569
420953
142669
458401
459339
504489
336917
15715
222742
335668
160715
346873
433359
221625
370060
253510
116556
433241
471182
349708
66335
248376
108049
125113
389816
22202
136263
246276
398089
449628
285284
379178
37350
480417
159261
124127
290000
99885
445498
510405
194471
373038
86677
128210
263636
7342
478725
471944
530135
127246
747
367250
329969
331145
458172
384106
418642
29664
419300
310180
12386
466712
469872
236144
117184
104355
495061
104823
312171
253031
449450
373743
434540
145412
515891
437274
480549
496541
405979
89759
184975
292316
385916
127605
283143
164699
387370
7721
83386
487180
266004
111367
396219
4692
229166
273579
327857
217797
141618
239609
462188
445199
213549
506522
453927
100891
83642
88430
2177
120317
522844
83955
62480
80018
473814
99781
468868
497491
516760
68721
380267
437288
532257
112314
311566
501840
226123
273100
520249
353903
506129
22005
94118
164278
3156
396452
286940
16401
124144
401385
345507
527181
520189
280133
507253
474333
458087
287597
308312
421407
309041
71203
272463
148677
373960
410035
300422
288458
298565
360114
336627
257191
442496
360790
302989
449800
351195
109063
68224
352865
319220
360698
306052
164729
93340
246331
260909
348963
316421
487467
129136
319052
191228
451257
316224
32390
137740
369306
443298
94076
321439
417423
204026
235981
52078
114906
214586
328978
193330
286090
465880
303132
91798
305247
183391
454455
248054
412719
331059
229940
241153
490699
187931
198418
401808
52944
140070
352676
268370
357333
150303
327114
441561
333844
331486
7225
481
408473
435412
248922
229515
196960
443680
315678
20346
247933
113272
83465
193939
228907
299002
120744
126206
171171
65370
355656
230608
225658
59298
26739
118534
381535
422991
178239
377611
301908
84869
460246
355560
185750
141102
151142
322458
383883
432906
434716
453043
461855
503058
485617
53205
281593
923
74446
206220
336183
195406
199559
421805
505800
59110
365839
478313
369436
530045
131281
434805
281369
23971
69321
160283
74417
159559
3753
364884
61886
96203
257600
379453
475355
282057
129187
315770
420748
381957
499553
234528
501858
360371
342835
321658
499855
489117
324114
531027
316716
531921
387103
396828
460550
284361
44513
96658
90038
494537
533256
2981
339620
388488
45885
228340
305320
74466
269044
110053
98062
132449
452699
521146
317516
276121
35723
60082
308422
240007
370539
310164
15902
211248
168832
6503
171407
43188
373681
159766
273206
517149
233492
412759
404486
43466
277592
448184
330273
381919
385998
482052
339068
162708
267823
189854
201406
18438
325403
18600
502907
432058
169534
66452
360501
89158
392661
431259
343539
236202
85783
33101
23881
342420
244193
340817
281627
361991
369752
92768
266045
131778
522810
164207
76340
446787
431352
407300
494765
221345
276997
492268
415558
381025
491156
469714
499087
252664
529541
34504
25258
270062
291526
243312
127629
238719
275502
104814
91605
35206
237240
152561
180438
253375
409191
37687
51534
78177
515572
208302
293268
150522
146044
377464
146644
219664
30170
389348
237023
153748
57207
234094
390418
506408
119659
328295
124524
13648
26307
249937
422140
452236
132272
300311
287922
403183
210292
58836
475399
18078
170500
280767
62494
501013
292744
137913
401428
198011
300111
19375
362224
435059
67275
304169
284933
255129
380555
69842
293325
178866
472568
73573
270325
228273
6253
406006
337843
333850
364967
507066
362264
423278
334685
418644
448299
115686
444813
462824
434777
496815
312791
251785
478579
519054
437649
243654
473105
395899
215135
74929
44659
39678
340739
343351
174998
451830
506778
350781
15101
380803
426042
81899
417859
310749
289846
294153
63711
125961
330860
121261
526259
510011
469411
295289
280681
276200
270939
355743
180076
392765
275959
139605
298220
22906
73874
111255
44676
325034
38277
58239
490862
22882
92711
489235
534911
501541
194923
521374
505829
13169
22186
525135
344149
30343
65829
279156
116025
353598
330125
470432
349171
290507
358953
139361
108139
411748
81110
355822
505549
139980
349629
87111
11241
203900
225632
386438
248150
521694
55330
66648
334145
77704
175699
196080
15538
126918
337447
461044
468621
459393
37301
323221
64901
34892
412138
134433
83039
58812
162167
84186
349432
99569
39107
420192
223258
168981
105955
441096
311291
361773
234939
235757
78763
4697
246470
396346
146321
471540
276073
100592
110877
55007
133145
530221
420976
256695
89884
19747
84023
473645
109109
347002
196838
8803
446390
431156
411731
7882
29627
66599
132599
338240
286016
517810
414850
42457
60810
39387
525373
363965
24741
456250
310929
235750
228276
193666
529342
202195
74790
134961
308841
380727
485854
486386
401753
252382
439973
344975
337957
84059
453768
526406
416632
322918
51612
322448
9848
216131
346796
263654
154746
44620
338141
106363
467647
206974
339028
4189
399660
340578
308632
413316
105378
66041
251719
38620
517196
21763
44679
487029
424017
386085
90787
534106
161592
461942
272219
329515
152052
419888
187272
168427
527972
521402
455492
383791
506190
16466
205121
465416
207543
391678
53388
311899
285966
459903
479237
363919
413813
103007
470497
342151
167238
212374
508770
119000
43435
501427
422202
317068
194825
257190
242175
365715
274554
490020
333790
445073
133955
71009
469175
253796
138975
363711
457963
436306
468511
523326
502059
496361
310889
251821
291068
435592
2338
86912
216188
463852
38787
71385
186520
102422
234813
163803
183663
257446
350476
327193
161172
246135
196872
222966
127456
245451
50303
248861
476277
145098
524185
252553
144120
450086
149864
364397
494066
248543
467537
164201
459975
207888
316585
375036
87557
271157
404493
379194
360604
487973
335917
216118
426733
507400
306582
181055
151006
279466
269713
158947
187539
122153
64201
185560
442987
47552
172084
389667
275856
66253
396266
157895
294805
512307
168075
357592
174334
232125
368116
60903
159443
418044
288091
441757
107246
213051
437780
169872
244447
218316
95223
505121
510424
140419
127452
425698
100680
197428
121518
328281
872
266769
481878
66113
467202
248750
492142
215389
1589
54450
289854
469130
10893
486095
43303
223718
403296
61439
429674
121924
452667
89986
199471
45149
421629
529443
365562
174177
313796
421910
389248
30130
144389
327836
179764
459596
32299
526424
432805
177267
396173
433502
508830
241786
365249
520343
387056
172332
32819
212256
520147
441655
271558
236980
162580
168369
457087
149820
213353
145132
450914
414485
213092
510428
441263
503554
98655
312194
100736
152424
496201
222118
446912
27451
284905
367686
115731
441977
281052
179418
233007
477428
234642
237669
366319
447576
17721
4595
168197
475471
298613
205025
246035
478296
80224
293039
384893
340953
238205
9373
386733
143210
316722
197228
495041
58207
132325
25152
378336
57089
106439
15637
180140
66413
425259
427271
249203
298140
746
277054
44447
432940
355513
480908
368252
374684
7813
410437
296328
213740
347055
143635
333437
448464
216202
201823
414258
238752
276289
372570
525860
482946
84903
299566
238378
348004
226174
20114
457509
401729
113871
245791
388281
216703
180372
433277
463932
355054
123436
480436
162879
347292
519817
174843
311313
205027
127326
415115
362635
187700
522097
522019
34513
322362
271724
270753
480080
86835
113680
286896
221553
416063
58494
241465
53640
216540
10170
323379
349626
328360
223820
99914
412816
339579
347972
119250
424036
22587
531311
482960
235884
146248
210227
501480
142597
73458
379116
134828
37153
247511
310055
391353
33768
301670
340436
123671
42659
504070
212044
345733
67024
249108
7193
79901
471524
483031
15556
340765
108326
284509
532584
100770
345993
369853
390881
365499
343773
173189
346378
359237
288920
397380
369655
61914
494769
211880
343127
5053
360150
148414
165773
493284
504416
120792
54653
518510
131467
196539
481177
198220
418051
62534
179906
52174
213696
257159
194403
366239
53545
320516
105966
190018
335572
3754
381669
321992
347372
395454
54611
359031
461388
367119
180589
160007
506635
416843
379709
13345
284837
438958
169403
75506
31151
52756
197607
230855
414700
257721
25017
413184
113559
256154
449178
105727
424349
450123
499866
510200
207155
159050
269339
359399
479531
477881
426895
352707
293915
79318
144073
398016
447752
92479
288068
512329
43707
256788
329682
122674
200670
852
207047
270748
216951
487163
14033
114240
339556
277213
288757
84886
52310
435606
423426
330340
122046
99545
398911
102405
44385
458904
468361
532158
361028
92006
212236
116604
185115
365459
334612
516974
494395
69578
282654
405127
155683
112013
279642
207702
266011
496735
25911
454016
209428
331095
91029
392036
444766
128815
525726
292846
377940
323034
454882
54045
330472
196955
534477
455649
208467
371867
445675
429903
263567
207133
464680
249760
468893
202295
517722
130601
534149
207858
380134
419247
441732
241561
609
312981
94918
254764
16680
147525
283249
1601
233978
170460
110623
226893
180324
368723
300154
32659
274238
293636
462459
52164
39226
412416
318062
455900
261994
52938
217002
125679
28687
110657
145653
94857
493545
166855
495741
253563
132820
190965
429589
449196
232805
530220
283811
473861
280789
224023
493821
460213
19791
285996
347762
375818
145023
46174
235774
327660
475321
462587
69996
352829
181512
233306
141317
94846
230901
238783
294292
153739
534893
274625
428855
191743
87720
245727
416431
531566
304910
210976
156941
491701
67597
49701
51762
138598
465703
230588
248256
125287
438649
532125
366581
49348
227056
10419
26134
475978
27305
316282
177973
272500
73499
526438
34913
261990
452304
516890
210768
4599
447331
244627
283201
198369
370865
297601
203235
415303
493084
159321
488047
50565
417737
185131
288365
222904
430002
247728
361255
98924
335873
386125
138306
495688
432536
433642
342562
17096
22094
94132
511333
236491
144604
526338
128979
325922
360625
441055
48609
519828
32248
28191
238909
318375
110784
216567
271088
174777
102224
413931
390811
114657
278318
147139
21965
324989
316754
219977
225133
70032
473153
471893
183445
314897
242394
534093
341978
331696
271147
226892
193459
219781
478876
264232
170548
371150
25445
533350
144495
524314
157005
18130
210500
417166
193248
320704
305127
237340
286496
431677
475271
532818
32797
452167
267748
120234
433667
277966
526597
186893
418557
370237
530550
419746
42981
442297
458632
204539
205396
359246
476529
314031
368840
494707
235218
96010
35080
262771
108470
73385
32026
137679
512499
336400
346392
14642
365481
72253
227466
358300
111924
321024
22397
448338
154001
176050
535161
112584
334603
172002
527507
483361
104688
98302
14081
136391
329680
449209
220488
161847
297264
99083
37929
484439
168910
207410
459660
348232
83843
498202
46004
239556
208588
269897
275010
96676
168246
297815
160027
264260
265025
392328
420157
30392
423669
530420
475975
415560
26621
497916
83308
164497
113384
323826
85348
62552
243804
223504
392945
158567
422371
523411
471396
231498
476770
209443
51479
331003
475650
187241
53671
509369
44331
60440
395422
125461
313906
386292
354617
527210
159043
328000
238757
291100
502083
396273
514671
168199
426634
55267
523783
56320
39566
327302
291374
527635
342633
13871
372508
255581
331906
50714
41029
42942
431882
535867
221992
243798
309201
108596
219747
257243
383196
314528
156883
167629
468371
207571
507190
334232
484721
74903
39195
19573
460159
491844
262776
179625
87881
504964
236160
524408
473558
468583
42295
313784
19633
242968
302672
259964
514497
33382
421493
102750
254995
6041
150612
5551
162573
124560
406156
186834
74301
421731
160139
492698
432500
467289
88439
18181
302770
244326
224192
507076
187442
183268
456026
30880
276203
336159
394721
393491
366072
523069
292346
401714
235433
183115
122658
395966
217387
509124
19716
37660
183000
496684
107013
371053
203888
474489
156518
8644
168611
57726
425160
195700
109757
126423
336074
107675
307852
175716
48893
455097
402938
238270
248496
469000
76022
34243
234539
87791
214906
76988
98152
471096
529581
193534
428294
323733
300451
312157
144272
83904
239145
265729
203929
163424
313787
430905
243347
322585
12333
114482
14559
240834
25630
318989
61136
321289
303371
31004
499464
117407
274755
356291
459428
203352
321732
452665
403518
466619
480471
77074
446576
65196
408584
91593
292779
337828
465473
518422
175397
291493
342618
333062
335953
119868
332579
308881
202329
445839
450528
350038
158575
419372
276290
146522
205256
349225
106617
118607
357688
354
443249
456375
454077
247002
233408
330621
375777
409782
358607
502098
25583
309220
508438
161850
341527
502238
377174
109444
93702
203210
46988
444191
466483
275994
206053
535273
369033
372769
500551
210038
487894
360928
527457
530573
151663
113527
445688
432421
410135
359530
535776
8298
53113
270127
71458
274909
213827
352031
