191705
491448
39589
26893
378236
200706
226966
480826
332401
111288
103217
464787
212732
33145
473140
364791
464804
284674
249492
517659
300429
396807
516039
497688
313128
23653
232846
223874
150087
426900
236165
338045
451075
491692
140776
501591
181135
195833
353849
18346
523926
34250
46985
399031
117560
92756
250842
461589
330394
445456
75261
149428
81275
201679
447345
523678
485785
34233
485224
67512
106234
473080
312024
412227
366948
525073
440188
495394
279296
521612
39599
1354
134228
118595
217972
517813
193168
74083
349482
326787
400421
152329
511081
337015
139837
457649
202735
177514
316775
211705
11716
518147
414725
399134
340805
202099
504221
355127
357000
449060
203610
51755
316090
485162
135815
473740
427094
256349
300934
440562
328801
229366
96988
380719
393069
402956
312057
271998
13932
432466
505099
132739
47362
87464
262455
310857
85955
101374
239503
158240
196703
23850
483153
292600
3935
168271
196989
229327
453008
113846
510019
29141
469233
305993
283298
182062
457325
6054
364652
394545
335335
440660
38447
210421
41710
238284
249969
178413
466605
257830
262126
486813
524926
249360
461989
132197
245331
356419
303473
129488
85529
256249
449796
357308
102399
381581
105341
456805
400199
478613
521847
238682
10090
397490
52203
123613
165646
60051
253740
357534
233007
175125
449685
48941
85369
329900
134988
453079
119498
428106
122287
282792
281402
228014
272898
57493
464939
442796
314559
21760
47234
321535
99135
322387
371927
125147
152022
418444
169957
101620
220250
479965
383522
449937
184878
185478
353073
87549
278651
483283
339711
95449
523363
398400
116651
163865
414167
533217
183086
334965
277140
465038
143049
188024
299922
155251
227962
470627
449123
188734
83225
287982
11636
267336
115978
516222
452980
314310
104626
95858
486251
143238
76464
233550
295253
333920
476435
166016
502709
365986
22795
168353
380656
219770
115229
156062
520094
261716
534988
235781
474493
530262
142605
190307
183309
448169
77818
272680
22781
386389
280374
287582
525059
531136
513518
367948
515026
192321
444794
157456
533573
496299
398810
22727
22943
489256
228829
255642
361629
324238
382070
527650
317904
482042
197432
115775
330268
79912
332147
47403
485631
237363
341327
206157
142104
369152
312972
68438
17971
502636
166354
272123
451963
174407
151349
352116
435067
378273
227633
159534
222093
476964
308995
53251
369926
357450
470035
272748
28121
341090
113078
91134
198726
350096
27875
51204
52441
209927
387568
382835
59600
335140
105081
115072
493480
525611
51063
17478
505063
491407
96264
17528
400352
272605
377079
255167
379241
45399
302005
451739
365673
412650
312430
20802
371804
402704
411492
207678
310495
82810
244765
426753
403205
434271
125452
397017
471835
320734
196593
156500
174580
119146
22454
1334
111885
34405
171845
463666
73013
286501
107683
195241
231054
351098
363739
449457
238151
354086
534885
325218
242362
34570
183956
456735
214599
2363
159150
135270
415166
82304
169897
436125
483117
11049
368129
265761
464953
61281
452003
490763
16724
183779
103835
82992
292991
532204
280074
306827
111432
105854
150196
218320
147299
440515
273340
178657
373284
177063
91706
526151
454912
459616
157079
237862
142173
144660
101542
266819
385057
183677
213447
109233
425420
178030
67657
187147
152167
124034
71159
164163
484393
172535
260012
430138
456370
389112
176834
25372
193701
67753
472509
446819
46720
366110
401000
333147
321326
45666
366294
258228
148652
395130
271277
458210
193311
170203
157120
182017
337415
509355
228380
223860
68172
255784
250636
183954
462632
3630
130097
213550
63761
56788
392121
103577
143781
482918
453461
360975
481870
503122
74946
157323
298679
109206
17565
249786
158544
31465
380292
197358
217334
86391
58020
194245
314027
139005
157000
174442
137843
187187
288393
500756
71242
118451
72256
521326
155835
397362
256623
416434
511064
143385
527291
42649
414322
308578
452241
281162
97675
344696
401281
124452
534294
471623
277243
179608
57210
193104
131530
335184
391751
137850
318023
259781
519495
280281
444884
495796
360627
189157
497328
334133
350902
284753
12267
252701
224659
53932
520702
322531
379481
88871
67250
235800
5776
314995
459739
387810
273314
232001
122048
168324
509516
41662
343562
349745
255194
258364
335571
369191
41312
422804
398734
31681
140259
44911
99599
305159
217794
148547
481003
218649
38354
299640
105198
261585
19111
440128
504074
439675
361915
354094
434837
263878
10997
183064
436489
130167
378334
522244
235031
203749
353924
535231
475131
463846
315416
527979
34082
228316
138357
61188
109717
29593
7458
248664
161278
280675
338724
142110
524889
169962
325460
372841
136323
320099
149092
86442
340628
150658
173897
360795
217475
14042
204503
212078
464220
119519
225440
235711
393143
476362
430835
85118
235374
159546
126324
251030
509373
352041
376401
217551
109476
349674
118808
320840
67633
196766
333359
500384
243675
60463
136383
483715
247288
130779
483919
450460
404727
32739
492243
412192
197792
318210
204087
196094
255905
83398
422599
199820
20790
323102
374919
386772
252738
230801
204621
79395
389553
194972
529398
205020
421697
208645
500389
211526
135865
287700
210941
303871
292360
479371
341342
264633
520274
61847
395381
502556
51445
128264
65712
461104
81030
2499
43334
79794
357637
370357
159156
314938
496937
27364
141585
49087
411009
298991
302597
412400
87447
260651
212637
507876
92052
75571
427656
10032
836
441767
13209
76619
251776
322332
529034
219259
161586
200959
72179
332374
239871
106038
411123
35126
421447
440796
249395
25257
106526
312937
199009
262441
179469
102816
508341
502
150348
206479
452473
250554
6417
312439
225852
191298
14195
375583
21919
246989
155701
16472
59832
9149
23389
454384
484212
252033
249213
316060
510047
415680
186044
463190
41247
332295
248532
26792
462424
162393
211222
106870
267878
243054
42824
110267
42264
79937
123391
160343
471882
229758
115589
273404
338280
43545
351286
298121
509016
489714
139420
322990
215245
449624
400674
519231
205755
472117
156588
291471
148494
309852
123998
473696
291935
519958
44697
66786
11433
532644
369975
437295
306650
345157
372331
181690
306192
4934
346482
364124
18041
207356
514756
372080
84263
78265
393565
188196
279897
287011
343838
298449
505509
394875
229384
73222
247569
217171
139680
336420
31111
480878
201825
297900
359279
267293
174585
52245
251143
272079
115697
271989
413173
489610
467518
314662
424872
214446
446124
53587
160088
8737
41163
149502
138953
491989
64184
518657
201239
343401
25009
182252
150557
505555
429998
519425
349841
33558
13695
67916
63147
358924
48880
273837
334539
282810
344035
271872
10641
299015
149100
185408
24881
343316
252855
386175
275298
194001
23821
379919
349516
151090
483075
67656
307172
44347
42874
423965
272367
470490
71065
356804
520440
339567
175347
151469
61329
25252
212223
194687
40284
128919
321447
498300
79977
18179
228339
208439
294684
428410
192364
518286
316915
437691
223215
123751
22379
267882
305844
504704
376726
454382
401260
38888
108258
396626
129617
296660
287351
180621
243014
240340
261524
210898
449362
238239
463218
536047
475033
290015
452717
457077
91994
306188
310769
318520
27841
111989
140194
125456
421003
439999
92867
401074
50498
325602
358185
106980
349692
306437
41404
137933
250696
317579
448614
530769
96976
409399
443228
314145
477509
95203
108287
351876
186968
38510
130670
103951
306789
8741
291169
339939
463868
467860
64514
368059
171846
362530
488602
407424
295028
522165
326513
301469
25809
509610
114176
288561
80821
253344
54718
420523
325240
384267
340632
454726
437169
127654
359079
128651
519731
114606
508333
459757
296196
243732
272318
397717
409152
113498
98694
312516
361184
31695
168080
220826
308308
77944
139703
507013
359208
370776
164505
418390
351003
18268
310253
442506
372849
146442
105644
175078
519090
246741
18281
124839
356779
427621
430580
377629
402014
352581
456398
303898
98266
268419
257558
111725
328954
373249
377127
250278
361675
498586
326833
313473
332257
145625
375920
505021
331901
195836
332128
387816
261339
518166
266805
535477
265259
262339
479587
524527
411324
220766
399437
514290
260138
16273
340382
420781
306508
37361
444518
405898
131328
280425
292971
191527
389873
27243
365310
369052
77472
381135
44977
32473
256018
194167
171022
65050
428571
382185
6038
185331
474142
93525
44565
296221
24706
521330
154744
176932
476582
49269
53003
274961
100166
381976
286738
171715
70616
285804
520226
102837
84664
441367
500874
127540
408017
447334
366528
138295
518699
12909
462559
80227
170876
70440
440834
303926
516218
454921
81184
296149
249321
180474
236029
10508
234758
398596
26326
56697
5802
116572
313047
17274
256386
481185
363447
419614
199095
134020
434327
517823
163955
64919
165876
501057
418749
194683
430187
62655
13515
185607
417204
52173
467810
438334
122385
14383
436029
377470
414556
112891
469504
73357
207092
86078
492741
45104
242496
260755
213854
69572
409555
360826
494444
492936
223278
236129
308591
42378
161754
531445
82336
11257
55244
511833
154807
431761
171106
179738
385454
176337
39306
217032
97023
134211
406925
360626
281429
33821
32445
412479
174836
95347
219810
61485
322673
228052
507561
528603
83752
342335
291331
276685
257035
431518
44604
425163
38952
299797
201253
135521
119639
469645
485438
465939
276173
350316
500768
327311
111366
62307
20588
301477
246551
132274
46980
360285
298027
404319
522530
51957
91235
198681
449078
163465
488266
365360
407776
432503
153979
441127
10446
213530
194191
300517
256179
66212
388225
455599
66364
208058
141705
437687
508319
181693
292930
317872
459490
121051
253841
117902
103551
84325
40233
387167
252790
225848
108095
494762
103131
170785
402192
315150
91201
3561
217612
363377
441653
395723
392878
39584
534536
133361
416406
74722
190772
251428
424354
443776
470904
49190
389833
230759
364941
266463
236586
67156
289828
326719
333231
115238
512333
177454
240279
373846
56126
424591
241823
127585
420769
402557
463987
31161
477309
12112
120412
35544
346335
48536
177303
128654
116086
236405
110423
336004
130058
126446
461146
53553
434851
498448
31225
144896
345513
456575
492131
499783
302808
504312
125686
75787
10753
503870
350651
455254
373744
336040
361315
415711
12243
406050
152474
273275
423560
277444
28116
462241
350663
410035
259990
18832
223983
405328
451351
189085
135763
502914
144842
29501
401960
511163
333605
269824
364846
277620
467414
491474
287854
8138
83439
339780
311082
395492
122686
321601
137413
509116
506217
295548
335699
358454
510580
63698
305598
42687
35821
401215
18749
36709
456233
165718
18723
239401
90262
29970
56755
89702
352461
70179
414369
387059
141631
419601
426706
476174
167183
282686
456266
411687
437432
278873
385232
427225
9520
180781
246919
426371
342670
462131
135678
42518
252708
74497
284827
203985
31184
436897
158607
286032
184440
76359
168892
479722
257763
91114
356627
151242
164977
415004
353219
188146
336790
199452
80326
97312
447794
33192
365526
424841
434643
322205
422636
19228
37142
160912
297091
207490
66783
141804
491031
340527
303880
463021
304881
432488
383512
432616
115975
288362
21054
51724
7655
84580
25850
267864
70922
36
474653
185984
159544
130444
340737
229255
8393
497069
188644
255382
406547
91795
342438
477982
178107
239373
225473
159406
452870
430846
244573
375191
446218
68381
261080
356300
140562
176146
535457
6407
83128
317265
73235
398687
503385
159702
361522
178783
38226
427809
199909
376913
504663
111244
418819
100012
497104
325531
80120
229872
163138
345006
45206
416090
57451
163175
529355
496719
71442
48973
147023
325287
521876
506870
290530
328685
504837
93692
528801
94939
253633
468745
341813
473815
116490
379257
88057
178721
107661
363615
345355
50887
385721
459723
136681
184033
244486
119659
432634
315881
92527
96594
223683
522318
214534
131923
470857
159401
140484
457658
368957
10469
142767
23471
482051
418093
516022
131163
144024
503502
286942
56780
334848
527004
382995
268280
423073
407004
236627
144759
336631
333996
108210
98620
312303
22429
246054
75537
348237
261268
37931
401644
1101
260934
284553
66199
440260
243501
499055
111426
402370
517434
7185
433034
217251
196067
101628
244863
296599
130683
297140
82021
535108
364862
385168
163714
92699
299706
505797
189239
2070
419151
134785
345079
381266
44081
116960
81700
374574
435283
415436
327235
195040
98975
420857
342450
68641
431176
37712
356947
530715
347432
377352
275883
363396
487223
167792
370914
293753
71353
107836
487523
272723
286610
365566
361175
312769
337071
125912
189324
107758
86023
156096
367221
2767
59003
21046
357641
291095
510170
479374
478433
24604
450218
209162
434118
101397
528417
385870
85673
149657
234864
404360
420048
450288
191179
130870
446028
366458
136167
513041
140634
499868
88185
376882
293579
171100
513963
196041
421321
405928
373983
490462
220768
485000
13603
228160
144920
470817
494987
126643
515338
77473
530648
243252
266148
8626
310850
19894
194449
177484
209100
214738
338329
19469
72721
511946
101071
267874
456469
355812
534616
316071
57482
524196
51631
26535
48684
91257
186676
184954
284384
30822
258838
535571
325088
183584
123257
149285
371737
294979
129560
521495
445341
104764
245122
178137
260103
238175
102287
61389
292075
487010
291431
227519
40058
214582
106058
259186
499127
101230
447119
356817
191671
145805
409524
533967
59616
476464
232029
117303
225784
399441
296964
72644
63267
265529
211163
12955
362366
426762
246969
296891
165421
530423
319349
491919
129206
497174
149112
261388
516291
352562
202560
385270
155769
516510
533628
420381
397006
215438
417928
44111
84437
24521
280823
173382
251752
466424
84678
309437
171195
174759
192508
37561
444465
369054
367713
169337
194995
455067
317141
370762
392477
