104233
236971
71803
317674
215663
323494
380439
195847
506650
493983
284824
98717
361707
123794
262059
329661
471935
523664
187430
53506
368351
155020
365299
142538
383220
346477
344635
12842
34005
403288
486328
376889
403968
80850
36936
76181
359559
9873
528124
213397
120747
412530
256007
287076
145920
371725
279165
527087
16946
495175
104737
328843
501794
104145
237344
334096
164156
233280
282012
349800
265944
155684
488895
499968
379028
317932
460986
200977
197149
19818
11946
378461
55037
53260
119710
404893
433163
141147
176922
238951
367400
79692
227498
52681
522205
382779
5410
490670
339517
518061
462800
57331
346380
171311
178871
88662
322333
267645
179898
360430
240480
67448
239807
507642
257030
301840
260120
45054
484571
176295
126636
516365
196345
440962
364509
298476
487302
403137
520775
292083
170772
463541
491761
347484
403067
42668
268097
327045
179091
334512
450958
5376
524146
57649
203564
171630
168177
231839
353061
129875
254893
357448
74060
176786
357203
349148
280975
323323
282127
10103
255308
286543
398828
234792
460105
476429
474451
428675
462985
364325
448725
128073
154820
175625
269317
123025
351061
355859
175279
435424
273432
412364
69205
174369
508887
278586
403156
143023
414403
337432
408732
297080
164273
406557
379039
471109
492706
307598
24209
301398
242777
224433
455499
70000
156744
506203
514796
78991
313885
91358
81040
387882
380538
528716
361292
320514
450802
17722
459865
354392
414519
240944
79621
129599
68295
246539
357359
515407
345698
207844
380492
392546
216154
529656
411966
67867
285748
513297
16238
498754
351673
436968
361607
274428
356076
502379
23385
82608
309867
274733
271752
448275
203569
336244
271770
162005
476418
46274
215328
393450
158086
304802
241285
260780
65324
185190
163049
468467
303702
121606
83862
276053
74130
475893
139309
359872
57354
272591
59094
431474
325467
320897
471932
451590
339916
160977
211423
434491
532451
196166
105276
175005
122955
151561
469414
473033
318618
355602
340434
197838
522895
83097
436712
73283
346282
499399
289574
452679
72752
163260
209431
141711
324029
442449
499929
67481
138990
105930
361991
258841
72562
408344
180123
468586
121254
204146
37900
218448
48669
191608
348396
248901
401877
224510
91924
95728
473256
471249
120611
439626
466219
221920
212108
487606
31878
97575
53929
189620
268872
146148
446420
132509
310720
52233
1760
125018
137418
109178
176483
221325
62909
298669
436245
221931
358451
137078
298314
87633
54692
306003
470392
363550
246655
496381
451469
317714
207741
506509
522360
532893
514084
138924
256618
222966
146916
279192
268919
227925
467752
447095
530506
279277
316819
316785
469259
360380
84283
48945
88301
129266
256138
486054
47343
209982
437872
329251
226591
402892
306961
49802
346117
296478
224708
378509
234313
288138
153975
147795
354192
34137
313474
178869
114427
461286
357798
187406
348317
18617
508940
376901
16206
237952
130882
420476
344375
65913
23585
523073
13901
87790
221444
398291
425892
497814
534869
30795
61491
200620
250648
97346
517126
162129
278084
232537
17577
470497
505432
456405
532915
309069
523186
316096
104793
439953
219449
501898
437981
210485
300596
528222
127387
483425
290334
336465
100252
37532
387122
330020
463045
485743
404645
102208
409114
132777
86430
289076
395141
497331
492982
466155
277104
512698
97203
10121
35968
99460
524068
336278
22672
201871
14023
448352
534470
49515
374499
277368
21690
374353
135198
142026
424620
8211
50320
277708
385791
97946
238602
11776
455169
291527
357677
127022
195963
398384
139441
151389
256997
364052
242068
260838
318075
251368
78821
310875
332888
277541
19325
53314
245706
115783
519122
466166
114177
132024
417214
356922
226351
352459
194857
173114
116668
515710
63435
181764
16473
216947
482801
91045
13374
171497
220215
501265
197909
363448
284588
275100
397897
91425
27490
403022
308224
165829
70285
116019
69022
404567
273681
103034
417663
42784
182344
12804
11144
452351
258690
512748
192128
270801
424109
258004
232299
485142
521571
132960
938
507790
7951
7466
221105
452260
508842
75658
315661
357110
114842
195559
214354
443414
372508
34670
453895
149020
10228
395654
487363
45956
422600
398341
344248
116574
272540
438343
422801
150769
379906
418059
274916
358042
359117
398983
180964
345651
425516
273166
5345
441754
431726
468390
39395
174001
118745
147718
528585
26484
216734
259763
419488
313770
393013
168572
125577
526416
23470
100802
342819
398354
365414
124678
495460
196392
271286
413617
502999
456106
427870
182005
137939
175521
434061
410619
523586
48950
457440
7624
89404
242107
268186
155958
84735
454801
2778
264196
338728
65567
110314
50885
535970
240685
388090
305789
105299
474828
323296
498184
399282
477951
37808
132596
223739
262173
470499
315808
220569
379315
307212
398737
245887
255894
37250
221367
236217
315870
447030
358198
283074
40756
431058
96864
232435
155792
278156
455603
259756
423597
113725
169636
315152
84876
201821
350324
460978
61155
186582
260089
113976
226343
94660
311828
426006
227681
459730
280908
478007
354541
108963
469979
305277
102305
436047
487618
111002
492437
168069
293571
419350
16084
438384
340902
514193
186917
290576
162802
308632
3789
336264
3313
135894
336627
313756
85516
132619
149639
219554
53713
40526
480390
2382
245517
394373
419907
507970
492826
151092
13334
20817
117445
429857
80461
226673
389243
335765
82442
477820
216545
507786
31898
110292
89857
59760
294969
5257
392345
461997
117475
268629
470618
487851
379954
167556
417125
509649
254812
464359
305366
481141
129247
6968
91113
421439
18833
184155
380809
274761
385340
161774
177708
240461
418437
323926
7759
250723
346818
113062
289026
132781
77219
250557
282251
365974
148775
306022
149107
430133
303713
504757
59353
104795
182918
130456
244660
189352
449053
189151
389840
67391
241041
263269
510954
273087
281772
331444
296667
142443
180024
410323
26063
483610
135456
93141
44006
212665
408384
412423
193359
81631
519509
326404
242542
507924
153104
64839
479542
325884
339185
206110
429807
80119
22877
360989
296202
293969
498947
284157
163029
386969
181508
250467
267484
453543
462846
61379
78595
482597
383656
439092
476872
426889
489717
479611
162348
120073
13725
231134
230281
325873
169659
340229
526407
175700
477325
235286
67200
239869
1855
214342
513082
306942
325121
278845
465099
526544
21413
170044
273257
305584
390889
82626
194661
520496
352878
15114
435068
166122
196457
234491
239477
506929
523977
293321
284054
56598
198197
164023
518632
404063
111687
8787
16897
248903
221099
293536
343090
291930
154354
307888
452970
218954
327328
192832
46314
439147
295717
465193
448488
294145
280435
436046
32355
255876
400157
243543
91756
286346
517601
375461
523557
264816
437515
297902
395029
391023
521621
91044
170885
411885
218480
440143
71612
126299
121017
367936
494446
404312
280608
403626
318946
203815
132695
458062
482931
471429
167831
93296
42349
482413
376737
357584
247413
215244
318851
338347
215044
176002
7385
295466
351471
520805
230784
303963
452443
490851
438027
203249
347205
491326
516896
102143
185010
398619
490528
145695
296959
175496
502105
524149
305747
476610
135077
67886
413040
13572
220639
350690
74733
323028
341797
415216
469940
295974
19461
332069
12747
429643
481773
61221
143008
14961
428360
308560
328156
467662
17330
208897
497383
321250
241345
84060
303447
127940
289455
18557
177467
144308
88948
281528
461338
311056
321514
421107
23395
80851
112502
486404
519801
245608
28623
137586
14246
168247
43507
375012
418526
236601
439348
482261
252654
159342
447123
225422
283708
433286
377007
82834
519064
27317
295996
961
183550
94171
351198
39778
423166
179068
106266
290700
33326
372726
224997
349218
312483
212240
403172
277068
522236
462011
202333
273744
309224
99638
98601
117751
351326
252934
181628
475084
465537
474746
226065
437671
275527
259440
144049
264152
179789
115857
5818
384884
205807
14411
189452
93285
153601
448774
317182
119040
164518
313757
439103
85143
291258
209696
243282
199694
130142
496122
187475
39269
66481
158903
337184
501010
309249
78940
5991
136168
417998
218435
262460
236363
148303
21206
79570
379472
387954
464788
30574
518470
395856
231558
231157
239032
483517
130384
513953
257916
383420
347021
58674
353537
74882
94837
501570
329753
242231
534977
315188
193421
396893
485178
183907
497250
535189
472186
525325
42348
153566
257409
505745
501459
46871
180412
303586
56931
331830
164077
270631
307717
516805
354512
520229
361876
317247
533506
481615
448493
344506
459668
92658
499461
195511
162434
304983
135847
230816
84928
445719
183001
229495
294275
256602
495114
394103
458696
439464
339380
358690
477578
485796
268958
444225
41232
48317
402657
103091
66658
282791
280871
399198
484314
377937
455639
362024
159207
66716
137766
64635
133726
412667
284466
318282
122090
290598
197359
183936
408545
85189
55033
523623
271492
426119
181636
362621
485234
304952
42203
189250
367455
477547
232927
313411
436119
343942
421676
214391
199090
302061
79055
16458
177663
423543
221421
401765
375638
496897
289848
59132
143125
135644
503291
175208
183301
63757
185101
215200
212244
220612
480857
183543
127697
396738
415138
47596
490811
497241
283551
65469
418078
206214
209435
490291
437698
178195
459918
20857
23166
371386
227649
50543
10565
530486
315647
362235
207892
346185
254912
85250
263192
15751
344153
311833
411016
364121
190841
180207
461372
35743
397039
9794
392697
480800
65834
58716
219836
123509
366883
390626
344758
520855
265533
337142
344757
172564
59722
341408
166950
203412
514064
101519
244429
372341
235797
433944
399996
500709
8629
164526
407756
25868
400778
38103
144406
37588
361022
117082
137229
266373
195642
360698
56183
127002
270274
156906
216230
460657
358473
252815
278684
510815
390911
106604
371321
532932
7342
338868
79683
302217
155801
173787
460167
116973
465218
318044
41566
153774
284467
175677
222249
256321
550
92630
332231
415789
100262
40005
234582
110316
442583
290433
187273
152328
323141
30702
376257
85759
469572
225418
457775
430096
197685
531274
393799
444076
275338
325205
372540
512338
292780
45596
163517
154291
79427
23881
91578
478469
232633
6233
86630
103823
224135
248534
346414
361611
34156
465560
346793
408920
309899
317123
423290
382204
85565
270935
465507
209618
384548
505460
207563
246098
78599
188744
64570
95827
44563
489185
216337
12793
298934
53614
216363
404071
516016
277336
38067
410298
75854
317116
525617
503302
84406
98622
375391
479488
401563
176838
9090
87006
28424
477724
440921
465965
525814
18336
185347
280088
36022
176842
167296
388284
148036
175470
427900
507216
276958
236439
504144
383526
130017
169256
530597
346237
331401
170014
44574
407666
283376
51269
464299
341071
255461
26378
175608
20622
365269
16840
208415
233220
454800
333559
24075
161334
347347
520578
442251
447726
212030
519666
105296
37720
182335
528570
428093
136
273280
284070
72798
59771
486285
379695
114996
426933
84899
477437
97263
84277
111154
493315
73494
4656
401298
347716
278888
142336
300650
28819
212233
361051
346452
69680
159909
388215
204250
383439
345397
383655
390629
371159
46542
392899
48873
6772
173014
421498
195407
226905
477624
315832
261777
443678
44182
375727
398382
241288
444824
35114
258955
446578
54338
9125
243923
288908
206108
445460
1705
371390
205382
226002
361705
281271
24404
122415
495000
119832
503750
140509
272093
133642
382249
449743
245637
260890
163561
381437
158390
361010
504767
327901
152165
504587
314129
467176
429777
447773
166467
371169
100793
491887
284976
275807
2211
10910
206687
440838
119614
213007
77942
41407
297141
391100
450595
502685
475099
38464
251340
154494
165372
404598
321811
383909
421372
510891
222681
491688
22159
162994
321430
300108
240812
332420
208520
67035
497431
414737
47359
416037
360988
529705
48972
455765
7499
379233
419628
4322
274669
355359
165360
281486
65628
93122
445451
284895
35975
517281
389583
252381
96206
348670
168351
212224
437391
84107
474067
278857
353260
519001
321813
184996
84674
477135
143021
118789
29214
374596
504118
332294
342530
187186
66841
200370
273634
294524
253147
374029
87511
134053
23598
280634
119452
515483
215468
495637
405071
100610
25730
219888
196812
533230
82510
364544
97681
102574
26050
464745
195699
949
98867
43171
327461
185997
56457
63063
169433
498367
41842
483874
101836
211280
10897
472570
115803
45024
88935
310803
206527
7631
459555
7753
252298
446576
535212
519998
217159
485205
81381
490061
452008
261097
84160
375495
47550
292144
297076
329798
443491
520797
462189
494586
315319
234133
239964
43891
277827
337567
140199
472644
496340
146304
387546
357682
128663
279185
23745
530582
491388
302092
221170
92528
184255
88177
536009
359851
379448
355844
533757
194050
409113
470549
414854
238488
114314
200843
191498
202599
379172
467495
433910
142850
364744
337759
254571
184712
91144
123150
379810
508469
385175
460558
435129
272493
1790
262523
146620
123553
82248
59519
392520
381796
470744
70660
217265
21558
460667
85212
66620
137864
506142
434501
89311
31422
13837
410755
47176
394724
44741
456383
294953
490095
156006
407807
423211
29365
62262
275303
516106
125294
264584
249605
158167
211505
165209
1560
135568
73756
374582
104723
355278
437824
528840
81579
140072
434842
454037
324706
401469
265518
414359
489392
515363
36002
461501
443637
114104
160305
440842
31761
513909
174700
204881
24575
528559
127598
82139
435350
229437
129183
177965
335831
128280
88024
208142
94378
154814
34166
326676
153432
229730
272571
64750
27316
410236
234710
90124
294121
28515
113643
448183
354006
306240
414437
69156
334224
528267
111792
405536
143369
313232
65603
276763
510672
54042
364728
40148
181066
221081
92931
131920
169826
88852
166312
50581
213584
52637
493860
509702
280311
16218
28650
199727
482979
218596
430323
509924
384567
98824
394539
432314
194885
461536
5154
530829
44705
92986
70592
236698
512828
137958
156508
315732
471944
251288
139830
375259
421641
164453
203094
107008
502117
204730
101540
489097
315678
468482
380673
449776
274812
68810
531473
301678
309266
33657
192814
452818
500042
213227
160808
352586
122985
96470
466738
420257
219005
98772
140831
515878
514460
154314
507007
280349
121391
397958
179727
161820
126594
84216
495544
292502
303668
279072
383386
108165
413600
289340
303020
46327
351238
277600
488967
122784
398831
505640
132593
379888
445264
106485
506727
375782
54702
533676
322111
305772
282060
4178
467760
531479
245267
500333
129834
181368
357176
305548
430740
453630
212412
163562
437839
280246
421662
277537
302873
198759
360338
482640
417523
284411
93757
398456
510429
12506
282569
459230
85910
404099
109016
122679
522478
422742
20979
335297
196981
436851
447677
379677
4417
373716
66331
121045
142637
347101
104316
255166
202169
340671
340453
293765
277512
409713
442038
80553
393280
408284
422643
429714
91736
1911
257728
439837
243642
23189
161788
413124
246734
429908
492163
8385
303398
461384
384057
207089
502771
393443
496864
397786
286466
378367
271870
412894
318561
414659
254352
505137
97424
163076
301326
49426
354641
291514
444584
286875
297908
33654
374402
415818
82368
14073
106217
64084
205751
466552
72241
67135
138255
293311
25186
77594
431415
65957
89342
237434
12308
488333
180733
490536
16450
274137
327491
443929
37536
329166
506524
306266
139372
125110
15333
389296
29669
208682
397422
258560
151267
449859
395237
339631
518661
236581
366942
144603
279238
150392
266366
49362
283247
314505
188290
465649
169329
236324
252279
380410
442915
519342
431080
489111
164348
499928
15003
41592
71814
273762
283564
513376
68996
173266
69992
439637
462291
193775
255530
443345
257032
371145
492501
321779
35876
180948
434552
445986
331319
17254
482004
382407
439783
364282
85979
426238
514413
149986
256573
50458
342747
458873
285670
140730
30778
58242
260742
334562
211281
187851
3326
311357
355449
201293
232828
487691
330553
492580
349155
55055
434351
164376
350048
89501
476321
13736
524800
402781
264080
427873
522283
272287
73866
534577
50613
128699
198732
68179
238994
10521
194427
323332
123610
261105
23542
84629
42778
347665
528317
486242
73044
207994
376046
112758
30422
400419
213186
377422
71285
248871
111667
79294
79729
74111
54205
172414
461990
36672
387231
511128
117753
45126
31155
158468
394816
133043
63073
118771
315535
533171
218265
96205
535525
504380
153895
35872
121996
167300
480729
428253
304750
441930
91936
11077
169967
91278
287600
28647
297018
86005
245922
224572
141701
157686
175564
147521
516554
444102
16562
134738
39629
102438
433879
456023
128574
388288
154020
183399
266021
422571
393384
289378
355016
459711
289916
308143
364441
124702
437234
492416
505209
551
181149
468154
366996
21620
191799
320299
2965
10529
204550
310351
404058
326029
471893
149528
159233
203387
455399
308305
16134
196495
325140
217476
397614
373637
137596
520950
325946
107970
181354
177993
393298
388546
297885
186693
67435
444464
5091
94467
362916
72535
332152
387644
368953
397760
367547
524792
123707
524307
379440
430886
407750
403056
84401
441640
172851
117575
74146
362817
244115
517067
60633
252387
318146
460318
251389
193290
57144
243085
271858
59323
370133
524574
228349
327253
298529
189523
407928
112111
117674
93281
52124
288118
444661
356941
449287
4088
425899
398236
459233
353122
380508
349571
447207
259431
63109
173932
154184
6899
164136
43828
515809
64303
263319
399927
185724
251761
423620
345888
402170
3436
298684
511528
531176
97523
266717
215838
408481
420276
352393
73657
201768
505974
111224
95927
366062
520249
245047
522231
297699
441217
308186
34366
310843
250565
277286
222059
330753
59487
118937
25183
127658
211622
289959
144109
81178
258396
339888
425607
263727
535694
233113
339314
34829
231459
192317
517892
459439
146460
442759
145919
423287
405384
16801
278608
133754
31232
470711
227190
296544
106298
300468
483542
186152
519616
191591
9066
485776
136710
124399
407714
238047
381666
110421
182434
399463
111729
384900
458901
79674
461682
505476
473206
41966
354372
533627
95510
519211
310092
68924
515707
394259
392024
257526
426211
213422
391748
240208
130262
526581
258193
143022
247121
196737
488719
445840
530422
385845
517772
161121
416216
163438
46729
456551
461955
252821
99184
40470
241593
134407
71043
6690
333607
184098
394255
297679
311797
529458
322262
7705
192996
239585
70198
488039
255654
275614
295313
368758
151168
59883
79242
393738
253608
432499
345398
68425
98631
223055
535722
119233
349254
534791
456313
145823
515753
219555
305070
207192
399409
348463
334808
389035
248455
194060
4384
206828
450527
457837
495385
241786
197671
254203
113
13350
307779
56699
409827
371681
81841
535952
432697
392708
262509
277985
395859
27454
491504
509430
412652
217922
103676
529442
224615
259023
200070
461264
394102
272481
281565
274400
503470
199993
506873
151086
484765
493990
154151
256347
442515
36516
344261
499628
298790
251416
204092
114329
514356
261156
279089
178119
316530
295519
362503
379617
528911
412913
77298
13543
24138
500786
55531
291288
288697
457329
75950
17521
240617
31116
98169
104818
121276
254712
32864
190303
365811
346704
246720
514221
144021
72335
111869
439540
279898
306962
130724
205628
68891
371417
159217
193233
444946
387619
350217
420435
421076
353400
79200
134788
188023
285392
318166
441341
33628
342703
165791
60865
201234
99658
153682
412778
234574
94914
277973
504359
433929
30264
484881
331328
350008
327215
335383
41116
146546
137577
419791
442424
310950
499291
263753
316118
197202
382319
269047
194267
73500
247511
371613
68994
10680
136016
43667
357519
372957
329226
523367
401393
400258
219846
444116
40484
426355
449339
363257
215113
84143
297537
504350
355906
258557
496431
358258
43631
245263
428200
161066
86402
414457
221939
391883
490872
503138
155998
521336
128386
200069
180985
33415
522101
260708
71147
336488
85146
242152
467491
317245
129924
315411
386283
216365
355456
166557
72321
83095
244330
508866
146966
498373
294801
143403
170066
367576
264221
481273
495426
435871
68255
258414
284997
452004
149297
430231
116852
269565
70019
434384
289684
270442
356430
44342
285099
179216
229012
506440
464476
41619
358816
470774
286796
494041
229698
281591
209928
472870
276711
444956
426076
479775
503377
510010
289080
344446
363707
41258
151143
91547
199973
15584
489300
507408
402731
165575
218134
442881
492592
120568
332641
166760
290755
234970
428517
273908
382239
136780
97502
222445
43301
455696
445900
78212
155321
15007
443248
385881
384226
333552
354600
170551
345422
306024
154970
399762
24853
257568
450773
41736
11954
107251
269698
130343
156895
439210
451699
188338
16471
488285
19785
499558
415475
210817
292875
3763
235513
317339
121886
209252
136499
108655
309602
77702
496104
64909
158376
105054
415523
527589
378532
472266
116788
155776
438825
300726
427727
109617
106347
246616
427581
126353
256942
241244
469314
371542
436454
86817
55789
526825
532482
420943
340325
50696
490771
358058
489505
57390
37049
531600
443168
97237
195425
473552
387602
507499
189027
323947
310065
72474
188404
528211
98289
138787
412268
76419
516075
418174
324690
418400
471620
167582
171618
402700
301999
147801
333833
99701
157515
264781
441750
491467
181713
135380
317114
184869
58129
175762
237637
42506
210240
325790
508476
474397
142899
139103
78106
339240
273179
450467
181835
21355
442167
103775
513051
182625
78295
216427
150242
292917
75933
402112
349167
151506
1177
88413
480150
275991
27842
144831
198505
14789
476926
201721
2078
204401
331515
392958
132732
405549
134558
311387
11492
404285
475144
130996
311270
151890
59470
430791
98061
41408
409692
316663
146363
271285
41266
438696
152522
247741
288359
533436
255571
512659
189872
17010
302552
469059
129920
396632
511650
49770
202018
321812
439217
484112
509741
255559
228594
244987
81147
223883
270116
237539
391347
451380
6031
12542
292332
72648
445977
433646
78155
318108
322041
76251
443321
398710
510308
301877
159971
398708
73629
88054
346288
327564
354535
295920
142092
104712
40204
212939
262114
188892
357159
486776
100063
256191
295260
57110
114965
242371
409067
289909
203164
510310
55710
107347
499020
136506
289284
527798
420286
320510
307481
339035
149955
115782
346230
287354
88212
435689
230925
464060
517532
190029
326910
101195
237070
385737
485414
68694
395729
206306
254837
196276
115436
161285
135092
485446
481801
247449
401049
129302
28435
355156
481346
405192
360275
452703
269340
246765
230872
147495
46915
86376
343557
253236
43645
64179
489588
319001
260942
33138
330141
182642
213226
151003
265672
335070
291766
261829
298320
299729
332492
478850
122097
256865
65310
205525
192457
266627
313392
504186
91000
63338
118204
183528
138236
316316
247815
503627
251806
209651
292142
307378
451322
117239
521321
164424
93711
201243
212739
235252
126578
126679
322661
264953
311822
314117
523368
3873
105476
430597
207412
16249
371031
126677
229499
93937
490744
526060
424040
524032
254424
411791
280190
159796
463866
528485
197633
269
465566
182316
281196
5716
411302
332749
319942
522668
376602
377863
140047
13650
46583
482078
418560
316399
462205
25580
430252
474919
303930
521513
26268
135147
321634
46467
283107
464594
387427
162229
160644
125058
229704
456268
108713
300939
248182
428169
190592
528672
198616
529151
24285
523567
78422
480005
459841
266149
337443
230791
179790
11200
113162
250523
118507
60993
235007
273853
332089
468248
250511
451893
94715
211105
330193
329509
386630
426386
64440
314554
348406
47052
308366
407246
524734
195740
228832
58351
524979
531604
426335
295147
207579
98537
204380
491826
430453
230802
535659
363493
47857
93947
167107
197993
414075
24903
512096
168152
230758
399099
57556
306464
302780
146182
465456
222428
514160
218673
21401
76030
498826
260057
24394
310434
173340
90125
404867
519127
84197
400895
107741
465752
36569
481649
14225
507663
352300
252420
530840
17080
529021
419371
479261
250614
161134
419629
280290
271662
344236
294741
179679
499899
197728
130194
80570
77847
53359
309554
104516
156325
60599
300864
151926
145326
218537
508687
14910
298399
76914
477204
401826
231774
58289
252659
440508
340421
417292
398704
10082
39035
139873
190628
534883
50524
408526
483164
34956
251869
33816
489660
204859
172071
274791
439907
434136
196455
185159
221528
252399
104994
424326
348641
478566
295208
434867
344833
237616
375911
478606
525796
325945
44064
167940
533954
106156
508918
52207
520873
477886
523993
394526
63065
258331
209892
382013
273170
296649
167223
183601
347295
399241
456599
280233
497864
464820
3857
156844
432018
341243
328094
199798
310081
10367
528730
362148
267831
138133
75203
187373
175192
180442
21443
150624
143506
277586
225921
246641
300749
99448
120772
361120
350282
506989
124358
346448
100744
127616
118247
227554
402273
357472
85890
411329
194679
87962
40787
177989
57680
289087
187
762
302398
139639
305209
72614
387555
378951
376368
427651
381763
10402
501290
155707
229071
146194
437490
72448
54880
15726
344628
64900
413177
194081
533550
192667
532718
274240
412926
448575
23496
394900
57570
222626
206677
399102
225697
244344
64599
182970
453188
338054
214859
198023
111373
503733
322484
177934
435244
69449
514565
432524
197348
128260
451789
102274
216781
190446
278942
328817
436656
387185
3726
239011
179477
340977
507070
155023
497632
189190
130848
186404
121828
385053
21709
227769
19261
184076
521440
128106
483905
323660
90859
111983
448478
281513
263950
202421
113381
344039
339504
291804
319789
493537
128401
180551
488581
446729
325888
327216
443357
135468
275191
161302
245878
237784
367314
97363
300341
176405
239881
87735
437795
499860
277589
410886
244838
291924
163581
449902
510747
241216
245508
431826
225369
277824
184566
420437
77058
172337
152476
49786
405430
367573
496227
320233
449970
380036
515191
380740
231217
333102
239821
400253
512922
531075
357579
511245
246413
478451
96834
199680
360402
63411
130151
79481
239240
191260
106763
252782
371173
253182
372518
209726
387786
430803
76352
401083
380869
404933
512024
470795
234979
77153
423823
334788
183669
5623
45677
144027
458642
374764
479373
408655
212245
43623
345951
217341
33383
534102
295822
472435
98284
214600
279159
99137
341345
492915
511370
122710
440125
445261
511070
209866
385131
64702
44863
197090
521885
390518
226702
1428
180779
415207
110353
72451
247479
5607
12083
402675
132429
82254
219944
282024
122100
529184
328956
353034
226546
119338
535076
243052
62096
371096
120703
206013
373643
130593
319898
218232
351926
452303
324210
106318
503110
342152
146110
309725
129636
462897
338126
472998
381354
56403
374457
26028
324204
215500
235698
103255
169297
464971
466343
68413
205920
243912
170779
534488
45072
413284
188613
508989
427899
102721
318407
300950
64331
5854
436371
499889
244576
490407
457859
129086
16253
251896
132446
154610
453770
348888
392451
469535
346037
213462
17828
389321
322437
296504
266927
181487
214288
41701
370461
41041
153965
471225
116513
526195
55932
486970
414994
519964
403565
167272
215667
67252
2188
390987
24814
533161
255900
152194
180760
517692
358620
401210
431493
506597
200039
282252
54757
79439
512003
378439
28692
230764
379623
177652
351267
52584
64698
429581
102007
146434
364625
290087
11493
372342
258686
116227
385597
222982
340544
299490
384673
323127
102543
84790
169301
174853
270331
16128
309658
467819
243994
384000
63692
386677
198072
495831
115601
80312
528853
21832
106455
241608
404363
526083
338497
313503
59628
58979
298108
222327
69670
313749
83201
349809
96505
272412
58431
485439
379557
401166
364023
66076
22495
233484
367295
315665
449347
169600
207692
467241
392270
397294
523808
427018
383113
434356
34716
181442
49008
330929
4552
123763
113472
81229
335743
376144
19729
470116
380460
507160
70350
479283
391530
21582
309590
153977
468148
519033
267511
138221
49774
134696
195556
505023
30185
399641
416942
156129
485416
496554
205187
94556
514697
124292
529644
281714
509767
445327
464475
532178
501641
235008
331533
309882
355151
293351
402941
406917
61057
342108
316998
441338
455189
273937
3653
311416
230377
43686
330880
366050
38765
484923
61473
422709
515974
379831
234606
87747
491460
201587
136185
375798
96835
450811
83489
474231
57839
171406
42262
510340
246243
383274
177352
475100
205877
345163
315966
411126
358083
463028
32019
314070
100688
308963
396768
502097
169746
488136
65950
505060
56
56760
490100
167639
297986
200004
240938
96243
148618
379949
261843
41274
43559
14715
4582
497535
185320
493058
211686
187868
224443
86475
260752
506854
290739
419879
69877
314844
30088
168296
178544
424103
489270
248658
516501
369153
237061
414622
29840
439436
365656
186106
396653
406981
449938
479101
108291
121660
138770
405653
472745
81718
495693
616
347871
326429
237699
353132
80192
310207
200939
341619
352147
218654
528754
527535
493744
26264
49524
462227
229677
48707
406502
68733
518388
358184
210821
73968
120552
280557
535901
267804
196174
503780
452011
425136
83870
14478
191005
344737
120895
485851
14956
206914
221936
40521
266040
342773
395505
114707
294660
381164
140286
288534
262911
72707
380499
356634
476247
105044
489501
221452
529563
416693
270376
30827
286884
334034
220472
16785
374880
172531
527644
355201
482460
462190
57652
218985
177769
100133
10258
390065
430982
189613
38508
249083
217851
482549
30687
459161
370984
351251
323906
478587
287617
294894
118427
252501
530656
394113
284239
68639
471073
296775
14196
108227
212446
148914
243681
6340
441320
502658
114559
127904
277252
39867
293329
184254
128660
406327
274819
249029
23511
346669
509776
220017
218018
332578
76507
124682
395069
447343
221503
137884
501343
476109
409417
461244
17985
412065
149746
31373
419857
168839
205354
266519
132285
436235
87316
299265
89116
375870
56649
317548
321178
354316
236122
483748
145803
306216
528861
122404
177201
218292
315068
222750
22862
211214
218807
363999
451960
136838
376654
275878
513667
316763
190928
457953
311469
121799
516703
312513
419558
298339
58680
94000
340364
390087
288688
212864
249869
149557
364655
84829
177771
305944
512327
447026
250000
417954
498843
516027
500550
287262
195421
203293
370089
143027
395863
25981
74188
499443
73051
498500
289834
139125
506955
239311
35348
240108
460252
308830
163053
306953
516632
322173
446421
12904
334598
41693
367639
85648
249733
440647
52299
519417
138847
320693
198797
52781
173717
11706
525591
230763
96420
356397
76566
232200
81258
508474
351458
446067
270993
171703
55051
445102
483718
325786
267951
12475
4267
333474
388355
454511
210841
8531
434588
381258
315473
379531
196913
86691
311539
267677
534214
447818
323705
533257
343089
242803
313486
299180
448671
201520
340509
174724
245930
298466
331977
424058
50128
350010
194158
386432
519262
135534
312266
499890
39118
69038
174863
266722
424239
1353
271688
367724
182804
13364
172708
161825
336182
276745
363954
192332
469858
454369
11598
170243
437708
147687
57727
134264
85782
111003
453974
393454
508205
335698
377571
160590
177334
373706
485003
117777
257940
208504
197841
266622
409937
436228
97961
349952
251181
210450
217781
461170
441680
227503
394553
486515
53201
99099
518576
331139
228559
481942
300701
208901
409385
290690
239172
197755
518206
508560
152269
2434
139421
34202
528102
301655
258512
531193
488006
398472
521537
176286
506809
299963
400183
523492
275380
498476
316172
137088
241799
67076
43073
51097
306535
443940
507312
215336
117643
91997
247841
404028
15068
343810
130598
233120
529375
337832
167060
109252
80734
65698
341617
101128
154615
149719
286344
409929
474660
344257
61871
427374
213066
445020
325730
285928
162424
29652
341201
310662
202478
484928
20012
533167
213105
282676
8160
297083
216948
288446
189810
247717
427895
449169
337048
533988
500141
396457
41739
96572
211260
261970
416723
169302
392731
225617
444489
290063
317654
26025
385913
412869
154523
296542
9973
241944
534197
34442
408327
246499
24448
103969
445176
319067
327160
72508
36993
231924
210056
463293
75691
197032
160369
351029
521706
220679
358343
107137
291797
337660
177986
159241
266963
125582
460470
241928
314241
63841
196461
262908
324285
328335
452340
450358
153001
248918
474316
482884
349409
284175
2907
419107
492080
237808
345612
15442
438165
258970
437406
254124
449623
531695
462746
296621
285148
196223
509582
304193
503199
320797
230861
487756
493204
480258
318423
177343
291643
191864
356612
529806
390812
402806
158970
40605
107301
502347
100061
4641
390066
80423
103176
13291
145161
299794
319277
465110
247282
5465
366486
6491
226827
63089
73172
209774
290094
227307
40892
158266
418685
307326
377815
40353
242346
431980
266929
468899
378856
406175
354714
411394
301916
323523
360439
95658
379209
348270
239830
229947
385812
307833
335825
225870
126719
83728
335474
18661
458727
469978
445655
285948
118382
284814
419158
391729
338767
148677
322047
353540
72678
535637
148910
315782
61465
145116
516185
428142
148663
13043
21694
67502
346694
381978
419098
312890
231161
245669
529049
397365
6560
36052
366909
491892
119696
460901
129972
259610
438323
378916
383477
63229
246647
17051
284178
263623
196404
68169
43726
370910
387258
370341
431925
37210
515904
175863
401296
68482
457138
109815
244977
357132
133809
340257
29891
55028
284873
129995
7211
76936
369505
198297
420654
167199
291179
361733
267914
155214
81821
121128
150329
434426
234122
517827
358836
472689
165812
278463
35377
141856
53416
405072
366131
535742
57052
337097
8953
399578
262894
263170
6840
213720
89686
290764
64772
518899
208866
479894
51349
285629
380742
39164
93067
117596
291429
181299
518598
174984
308174
31263
427188
172408
55586
486693
191031
297546
219977
109820
219314
495178
534099
48490
237445
358213
97301
371388
492378
364799
520309
199044
246201
275813
240468
224792
153834
118369
190666
286879
226478
101490
359344
513649
370783
169107
344284
511047
306645
386023
471566
451125
483238
393079
121446
94160
517090
96052
274281
472343
38871
357772
182546
521259
384502
46267
327539
500296
280654
145395
124330
326274
463558
436573
163214
104078
111448
17133
150862
385140
409875
129572
269119
40420
486749
73362
120293
201105
307993
336106
349708
407535
390905
491657
399474
466473
191781
474402
514302
388822
397994
331331
111133
400100
276084
165194
301073
402663
216031
347809
315546
179783
222432
484579
272090
255540
487702
120830
128372
99060
181533
99858
