109033
179763
176124
19512
253512
40271
314377
99127
227379
114550
336153
387310
310864
106169
308880
48783
109358
333712
183281
476356
88269
463204
524778
448382
497442
454154
439531
467689
34669
168474
375054
510139
500917
534481
115807
472078
220203
49318
233984
170119
123996
346024
424112
180780
226680
177222
451068
68773
332435
159287
158491
350584
375081
280411
296306
122507
391942
31337
286483
244076
161588
39944
91224
379206
156343
314348
270582
429759
55747
315478
468637
491587
287497
400131
78154
89905
476161
20545
78285
166286
72978
46739
57757
507098
264513
157050
23329
496529
190422
447501
277973
310044
246283
307075
47133
321267
473302
309473
22269
177818
