188145
49715
206072
11247
195993
136365
101566
397018
361354
81515
243376
528837
110552
239916
165612
320981
225747
307051
362975
417064
110373
13131
400126
170017
459209
177254
175359
303987
249160
100680
341351
440228
3119
32181
386493
345532
276088
12442
340290
485584
471593
364953
355515
165575
493563
474309
423965
4441
494634
1249
198562
234866
368071
463760
310554
189918
29055
467032
457183
336743
82923
282073
71500
380291
381672
359830
48477
343964
379337
523513
175394
93863
230373
396478
325530
154205
52450
330029
52983
247687
317536
419088
384285
385981
184261
408049
11780
160999
4819
75984
141171
472081
388605
472828
418879
96317
431959
439638
69867
451746
283092
231250
213354
535750
36703
162609
514605
11673
509404
137819
408241
265314
300587
443779
501722
474192
320021
86658
20111
340803
199464
413146
47449
98999
426378
403377
272840
375581
218787
351053
411533
530706
321095
79809
248393
37928
44156
502637
129277
305275
455682
30474
29813
112624
249403
168876
278795
115061
117596
498816
276449
236140
88673
426342
493023
163667
281575
20558
324183
22330
49718
193821
45795
334640
378563
405114
344995
153397
18047
276703
87129
464776
435544
323311
125354
286406
59559
58150
527678
500626
517761
168819
193052
244448
417848
406189
42819
279721
60359
492143
308967
55147
115109
157824
367623
207287
211400
205804
233489
463340
133812
316167
346842
447360
169507
498089
303772
115399
205683
71094
389971
222472
239581
415221
350792
370305
207537
273446
422237
40476
294804
4594
248704
490900
446865
68929
343505
52331
529021
498737
257651
44284
254567
404421
442746
314484
186422
488289
517314
276579
190033
440102
272991
41559
487964
271243
260756
272890
75960
501283
330845
210529
197008
260335
465801
526038
102772
390843
520322
251791
155862
361103
458903
375111
369728
192895
289131
280430
149360
94754
88213
474256
432878
3356
523965
312629
277971
441450
128668
457618
504353
170827
133599
116264
352311
43386
36214
94298
20957
270568
502446
306588
161577
216170
300367
114815
351178
211653
413289
7970
129495
257166
497833
518869
148737
8512
418542
419925
75392
249730
309105
535374
269356
437053
483877
103914
419967
102058
518501
56385
153172
162437
11038
282167
120117
324033
417874
169295
160351
278946
63416
58555
486536
491000
163487
283436
416728
237476
368422
530596
148456
507061
84171
325713
45502
39566
328775
389287
447678
61718
136344
92326
493537
20588
411465
197072
165788
528337
56316
482596
20168
60424
439582
402554
105532
278086
159922
80072
337772
289719
450922
156591
326868
68053
335399
314212
225064
277796
274839
73716
146590
3693
349729
45864
475060
96864
220252
518049
101298
521104
475841
307727
328699
87107
209117
478742
102725
160241
159534
81556
258053
456083
97477
114041
295388
357718
144252
237017
507361
48936
227436
337806
129055
355647
222196
414176
330495
154208
144525
434790
214096
472510
442504
78610
301649
367349
295239
171534
400128
322664
474622
218286
403811
123441
108563
268292
121236
197191
345360
509989
54294
320247
114687
437882
130116
503415
532203
382521
439475
514945
170873
340331
240357
102851
149812
334539
180825
475488
409600
344785
355535
131688
27379
346179
3192
124022
526434
44281
158552
359964
181034
90560
465398
501076
291842
122635
154069
426458
267283
11723
512837
229062
225344
506395
11237
13721
140612
529010
95655
149434
455539
215891
52840
408310
379822
294890
236649
301028
492510
162012
7780
234744
56760
259793
267438
144541
464857
1170
450573
289287
303450
177511
278673
272601
125719
437874
483284
529099
308630
370410
137628
532766
359927
455073
530549
386424
77586
288826
188031
69362
382056
41619
176840
365873
200932
352163
285429
12106
60405
324883
260834
436947
332650
364330
425777
519875
401123
504519
392146
498449
420524
470724
78411
431645
293669
368236
250690
448437
251478
3619
350441
415617
485617
428069
351611
385934
361323
273153
497973
96615
7423
18777
423993
311242
456165
505142
57475
245980
462250
283413
263421
259636
122696
354060
383655
489137
287940
456237
41935
530632
494930
351726
387785
65952
70729
140030
257503
177148
93881
34485
197824
211043
460574
441985
270573
455045
401688
200419
166959
324597
244713
205517
98192
335574
6754
435871
246991
189085
20420
429966
307467
155789
291062
86785
161124
400636
462037
489199
219683
37756
313446
152384
497184
211815
917
65225
44889
425525
179460
114962
148813
65661
515824
380305
78597
318224
474087
202176
246324
247341
308447
307055
228714
116729
181460
60268
285672
312133
127285
295040
423769
237038
77252
420368
260476
5374
181977
169359
209593
263889
450226
497722
219528
449259
419477
361941
210016
285664
465984
262590
50066
121163
457552
83392
409767
237033
451804
515600
208726
304075
225016
437872
434467
165566
108608
26502
216172
372885
346309
52986
515903
415145
476668
257092
439867
474527
434040
42142
406530
397750
36260
475887
311488
486731
490206
171348
513588
243940
183852
526338
37252
268086
134803
97888
206481
387423
239546
485316
104805
328856
403168
513100
514147
311069
489788
225649
411479
396276
425895
304503
345083
201094
397252
131881
23179
232175
244408
382006
322126
337483
310925
516815
349281
486509
90543
536020
384001
479150
252780
159891
522153
345513
32694
133239
80213
218213
509329
487288
512082
292689
146637
232888
504830
492352
508246
417623
29938
501545
197421
410453
515367
313838
523739
403102
369981
263238
33512
432722
302744
410142
156539
62131
460693
429167
265131
454077
185399
253854
316948
382961
522094
323819
288656
9975
257182
7544
423091
474458
96520
93302
218118
363270
416986
484669
514030
176918
155546
310526
161334
33627
224420
431513
190037
125757
306296
388040
474852
480172
488608
454562
392686
467011
312455
232315
289526
502462
275631
532758
254917
54242
339987
425314
282155
408128
422391
139783
517621
240037
357287
92700
37130
354325
448625
293921
35186
172361
180907
287045
64992
134233
340698
532698
229735
432346
496725
235227
82132
288055
519334
391212
458859
368523
121363
96677
467743
481503
201450
315117
292735
208143
98900
212193
198505
442480
460074
221925
514868
259461
338242
189072
394536
142164
189585
322644
287169
400857
208417
167522
72029
457730
81735
226759
370892
160078
292367
35948
316694
361868
63493
380016
298605
486760
412818
395557
66559
233626
52799
15496
189762
286834
444821
188888
418927
466098
110130
285937
73114
74954
300653
276846
340092
136871
411490
153482
4139
343299
125236
162559
341463
250263
429445
504265
198616
306466
345560
9307
233587
169083
140035
405160
26907
135196
368707
2561
371887
349222
251415
472685
389523
490794
224536
493228
436476
69570
311917
119554
381963
257838
519775
336033
169115
321292
401337
135676
225305
112569
318657
41622
267076
207208
254183
131675
526859
162338
224516
196952
78843
10301
281848
341000
290514
190356
363725
348034
378191
522007
230400
94960
142906
393935
416734
67780
236293
127523
299531
340651
460250
90001
158434
378123
30668
377521
80946
125170
466962
174776
250899
397064
355325
100532
254351
316045
121493
182196
408623
107036
519903
249935
91881
410236
189075
233558
416579
324333
274684
263643
42388
443819
405736
463983
396595
528581
309892
341635
337290
111971
385278
437918
106158
92324
133020
530204
77246
357793
447037
147728
375992
262591
50505
380017
414654
469997
142397
258047
320310
98031
344460
468506
189912
252284
275887
384738
304449
49374
301961
269351
223806
61317
524805
490838
181359
53722
211479
215215
15745
62701
120349
388010
69422
489854
338304
144471
94682
529160
133319
420271
366591
185960
483329
454255
522108
533033
265187
524325
106631
40093
479584
376138
249635
329988
238267
234307
320720
413747
508644
267172
80112
460077
467387
345372
185713
309998
340876
282291
323513
335112
167648
471128
360148
145336
309228
317186
7707
350343
522139
292007
505860
509744
371465
531369
343220
221933
490695
68337
46418
80656
352109
47523
387443
35535
379315
126649
193840
195488
313898
175111
158474
50395
17904
483702
223372
521405
56319
315525
71304
131428
95893
387938
13632
448782
230297
488070
441137
264681
437963
123059
215685
192586
452772
499353
14617
255793
331321
67694
159894
416438
524821
254796
222895
524067
144709
15634
178175
101320
475813
428754
272734
251756
418450
23645
119786
224741
466608
194291
225398
178678
16390
407502
188943
506192
96171
253083
266919
75544
369147
266085
532098
199422
70306
70601
18151
534770
25078
258685
62001
229223
172940
475774
127072
252253
429884
367545
342924
527482
38131
259037
504909
377538
367471
518324
247725
289391
392941
411661
347846
250464
453474
517486
290637
288239
411030
197676
61983
57569
130519
175843
214842
374684
313702
5772
150918
17659
155300
435599
183657
381779
443352
489653
359448
141888
496299
365600
129606
473948
460341
389399
414692
35587
107892
458217
134585
468236
2372
510138
215191
353573
504840
529831
320044
120483
232598
460949
9744
507351
37368
319273
207709
239757
187187
131577
167484
322450
203479
402059
307711
315781
341658
175655
139095
534509
136837
96458
476125
525893
194214
208747
240163
462352
367986
503995
476401
313961
268423
343844
370901
185816
244021
50277
428381
225444
516666
1318
478081
110988
358168
506659
421238
219400
420241
151284
184939
356813
9048
54828
435625
162884
281159
505065
243329
218917
155018
58902
357701
73995
140596
212030
392107
38061
500290
523637
60517
40872
202164
448185
267261
141408
147451
388437
514560
236331
474007
155580
91827
34027
255253
52927
516163
360971
367451
59870
519836
529520
328708
261943
496898
307644
116540
125114
446395
142887
366585
176353
248947
158495
489422
61378
334060
505540
298021
95579
465565
154727
489476
144723
401818
303319
73301
473817
126334
129463
387660
449641
154305
264890
466989
213040
210890
422293
289917
133774
367719
407196
166876
506582
173150
266612
248579
73465
106901
182220
503691
166509
422757
74273
115564
234891
445714
101274
125873
356250
83856
176789
434875
338511
411269
120345
239938
252496
202422
25721
280251
430904
325372
521585
389656
197212
140007
143154
359201
311261
307567
533873
495379
292830
429062
525889
369909
52764
53333
451048
65929
216937
23981
327659
50569
76676
73650
428894
138630
267873
361534
25236
137413
116149
111386
459354
226199
19918
166225
452962
87172
300567
4754
472249
253485
110369
435657
250096
451203
430241
84315
433624
235899
504663
13504
283968
493521
401344
405637
119904
421058
520156
190032
4164
164666
207553
125950
302767
451456
371169
14111
342388
475685
9041
471245
427323
421873
236388
535960
440259
192108
205019
60705
399230
515056
434194
155943
42905
488305
301680
254734
39870
333840
326996
347922
438444
274082
80708
75747
233341
42374
505050
533163
203465
184640
240880
437019
155443
486160
165428
304833
450031
514726
416204
527578
117652
238158
355024
167894
125119
20151
119438
107968
331049
319317
263830
504844
377172
103462
330586
69361
532328
320794
475717
449868
280133
468640
487081
364743
122099
280641
402105
320880
156722
98625
2202
148257
207983
176215
148431
306431
366877
137127
25348
512553
66414
333797
434033
433144
492759
143263
228635
57017
408665
433460
413985
296553
124401
261578
274861
30357
113922
267233
226217
309897
317195
464550
481496
18199
377519
411515
508421
454858
126490
155707
73115
409605
135529
291763
534926
265300
292409
450667
105095
64842
179904
393313
433128
531054
143842
145530
464692
417786
80754
98733
116528
477887
396733
276155
168357
220871
411356
465871
493850
22584
145744
22906
178178
198983
298930
308327
325233
514078
115503
406519
436037
103532
174170
333146
344498
382107
229819
351851
73623
191301
57025
524100
57144
354356
486871
303184
217233
317784
394832
375381
111302
531938
382805
139406
410432
63375
387213
469482
524292
205542
314124
179908
21809
331978
274800
457415
487655
116846
393498
270464
233836
18476
89478
7218
12656
245736
479667
399842
479685
254571
41484
300770
145749
487610
446728
399802
18248
119851
452635
12988
426240
295564
88652
220673
14481
29317
458203
163253
366171
254268
214899
3270
137503
273122
41923
113034
461342
354077
360639
290529
101692
92445
7233
465702
480766
372994
319226
267000
234558
183764
455037
167175
202423
138489
292467
506932
391596
360566
387399
453617
109305
397810
447451
150752
481425
502982
475140
35898
304382
112470
226479
390798
291848
7683
139226
494914
107362
137340
485806
455382
5323
103192
265208
11105
202299
306663
305714
340917
190742
465309
3452
480098
411971
243965
418566
367661
12808
68859
253314
113614
62049
123286
523340
204465
77063
252515
136417
378801
12383
232309
141016
365130
476263
231862
37117
390403
395554
393191
262627
77919
151932
240050
361850
406574
232224
91056
452299
315986
319463
191901
7072
12815
185827
462350
528295
26532
67862
423076
491378
512664
410551
280393
287746
211939
17721
294160
474889
531978
110644
197902
257016
499681
416664
383665
232027
438613
194522
198403
54709
428074
389005
494108
142868
531769
483341
380780
104188
78635
208277
408379
286189
95197
507138
105433
35319
348431
15206
395957
226225
109612
411191
143265
254773
201548
464317
208030
259952
220292
176153
518000
374948
390379
210443
382399
275882
283748
3025
42139
143867
99373
429205
190967
271392
400979
158746
112900
520951
102524
251607
501804
270488
500775
401952
424244
221644
69709
90771
192451
512207
103827
336785
178333
415123
365624
195829
302794
315652
94643
81439
515815
454864
9484
523556
63352
435936
23367
386877
202688
24197
112948
218598
281007
62715
370434
94884
463738
15614
59284
234520
70708
200738
477293
179504
23366
33920
176484
365665
307987
244386
396548
407645
354807
502795
265778
191535
231488
238131
481002
332181
284527
513824
381027
148916
460791
375923
73202
352415
123309
250800
324810
368213
379505
198329
273342
26644
359354
89682
166551
464921
272319
44488
394642
81251
235699
7797
181452
1265
192909
409243
134895
176555
477275
454585
238414
110563
287516
377778
450892
48309
289539
323894
86633
167707
272644
161856
417055
47702
135936
115033
83846
108173
303308
264023
134393
298936
101253
136192
286534
238856
365263
518173
508679
361230
5120
156790
283545
473344
111238
170110
324509
533155
235999
160815
74534
366670
148054
121790
133315
201476
508217
494521
486248
366742
41380
283085
20131
461708
231498
222395
64150
152893
276058
295373
294695
472021
395487
192636
262140
122296
418702
269444
488054
361294
491667
597
360192
444398
434482
315841
213980
174202
157339
228972
288184
192959
419089
273245
58003
214390
204775
28249
435782
274989
83616
434580
175574
298790
241426
90689
268187
35610
249462
478313
272471
249225
157933
274865
333741
515906
475911
182686
529865
421828
258674
439998
422798
532316
70369
156197
454962
519032
174762
184332
112179
125814
59476
255408
161199
379748
328242
39810
74446
529870
208523
348128
394043
84148
243893
231956
73002
277825
156146
454959
254388
162612
345541
240534
395494
470247
239794
120762
208522
376572
31477
477449
9787
528664
277496
223314
501935
154679
152424
83863
108524
278852
131765
331755
166435
177101
460273
198017
74185
144037
264716
366720
129221
391197
276435
532580
16322
430768
136520
393717
18508
263884
167562
394551
470547
215595
523386
31385
136462
368352
276467
403556
301608
270998
185619
173393
443637
80585
498324
512329
341577
218974
145383
458758
424572
55020
464828
83635
410964
60519
28517
251285
140019
390921
389962
374758
373559
266734
525168
85022
232786
190056
202967
189771
64610
156288
121990
141456
229270
246462
10955
61915
104704
399092
430322
103176
439213
198943
403446
484822
88846
438626
156264
177558
236567
235288
68774
496553
361841
66527
216202
366454
24188
44710
258658
388887
525073
488722
327959
424874
280104
147655
520074
396495
328986
231046
121923
140244
179599
465401
48259
433921
297343
463846
460809
185951
336918
321639
423060
220082
211789
209212
252243
41604
317328
102658
485135
242015
477256
341860
237002
50783
519958
492342
399778
109246
22997
127162
28244
2031
354577
28485
423420
213321
257368
531518
169535
316035
425494
49253
510573
293137
89853
238682
437424
349714
335059
521380
354292
331985
456249
24202
186117
416435
58394
265597
429048
15262
529569
156769
127627
141330
89895
436283
268210
391516
261974
134997
281718
441001
356968
73052
433997
105557
429978
282299
160194
78874
310146
130918
453914
318338
409796
80142
479971
411609
420013
205891
111588
485311
125837
22103
286009
418438
273881
179045
520990
356243
392232
347492
256136
172294
241148
217947
279584
475941
199416
314998
359683
420084
30310
49160
447723
363523
208398
204565
90506
205808
322953
411210
252670
6732
220037
42623
387847
532789
469300
528634
483369
137497
149214
30570
444116
377602
298041
231614
243286
34349
145360
50440
226888
420842
250074
1903
25028
463931
406464
17637
389347
53362
399832
243251
115919
427660
341929
58674
73574
72830
384884
31550
293942
153825
190336
139190
483783
426831
39673
314890
340286
114537
223136
468059
222337
437565
433594
391139
108921
314644
25879
425405
265953
248126
527400
233248
236697
126683
34224
382250
414158
233224
73939
509082
253133
155847
439404
135247
461134
32066
365209
262372
220921
37865
144387
251287
30129
417694
416645
191652
442528
82901
58456
207152
181331
80839
452184
182310
190331
149932
140165
451012
120533
40657
345992
300141
139229
188087
129512
496577
183572
63164
522930
373028
304106
96215
137361
382784
347221
288360
166130
440286
456145
182826
225110
424660
391549
76734
128714
102920
317522
344612
402680
326486
56784
525284
21012
427627
355198
366069
464274
217703
112794
349906
175966
286059
133379
450447
208219
372572
248582
508819
366834
287188
450855
213688
374855
38071
26099
222913
163124
20638
87897
475563
13555
254340
69806
431427
74967
334923
23974
38784
349626
426065
420388
490858
27998
532185
34917
197614
264836
405810
479684
487790
196286
533432
418308
56811
145866
153467
493056
49134
506342
321401
468234
79169
177995
491995
306819
528158
396557
408561
8119
12973
242756
243678
384263
363732
363378
239265
490357
445722
479661
24878
445313
464319
507431
135175
168882
444895
345495
137785
133724
347243
116632
372782
224751
212431
478029
263835
529631
178778
347611
257925
331406
434373
497682
138477
76436
134643
38241
5708
146577
322836
13592
512233
182458
188512
154690
21113
414744
320828
181991
12879
502432
161741
423192
310901
459255
93255
297838
473597
122135
413750
48200
194793
411638
246067
195410
62359
105730
348630
129403
295375
37187
78113
106402
306332
520215
435908
248624
259930
44523
287824
30380
482017
444758
114304
461833
440451
450237
282353
118366
11382
42863
322286
109557
315418
154629
27436
237729
52274
522130
265745
460901
403851
435094
379749
6454
38666
261061
373247
492841
246647
236895
328029
398280
188320
198995
68138
378634
253386
116170
510368
13233
52145
155782
384798
83220
309699
153016
109286
354993
128557
125057
153279
530416
531292
44111
316757
100516
167264
77291
532369
268322
230746
254570
298467
27801
359526
478806
219601
23465
375346
526220
153894
450441
237143
201317
290208
372424
329798
298634
334041
401003
104523
91525
134128
3411
238172
251213
248720
79719
15179
297016
68840
73395
120020
73306
199827
59698
220988
151520
371717
427051
282132
368459
10181
375129
506746
29427
451406
36974
386919
288057
415966
485057
319878
420313
400074
489730
443206
419446
42523
157759
124639
369058
326472
373503
528945
497606
476818
146617
268463
46297
386451
530915
233445
437480
285182
112162
138817
92328
249671
512192
478458
291185
144424
189975
399471
100124
261708
488211
66777
34410
503772
167260
449021
81500
204634
244118
261879
182531
448541
240122
194416
315597
302164
342499
297608
156006
195400
708
425007
448272
164105
457373
428502
470368
131722
295371
125209
417543
150022
368918
31070
481358
357193
340151
332886
200737
419565
126184
6178
302634
160820
201
129784
69065
519238
59274
406149
453996
5574
193915
481987
469178
494677
446388
163695
530474
81720
28241
179762
485350
271953
247857
20554
37926
68501
452620
323622
270876
375595
287572
110936
143701
69391
323726
120812
349936
270764
283949
525536
3053
198099
233319
391131
372817
328845
63924
288957
32396
218698
127238
203631
20211
46639
428292
484985
211640
325615
92388
527676
535411
511064
296628
477588
280347
460994
377321
393267
163733
487683
31433
383160
65179
136345
170900
433375
334811
532090
226280
337558
281302
111757
194406
157178
290142
305885
320509
173263
511406
377820
450612
498019
355034
99363
382258
167704
366234
65742
392289
468272
498322
26138
247473
333208
80741
99637
494548
153392
165208
170883
94512
254714
124318
184713
66884
59099
334759
436398
120949
457817
16678
255389
450026
287102
381404
243500
337640
292789
386707
170604
60346
44201
314345
139089
90921
360315
152723
60059
249720
135846
499821
517267
525499
133891
284585
128935
237508
535085
302256
460188
419850
301471
255248
493517
83782
352077
92256
71217
311977
197781
380928
63363
221283
372108
209640
232928
97609
45617
293671
460662
276160
211705
387264
54771
250673
118934
191997
171242
122864
322288
256359
525763
446731
79017
297682
155240
237472
239299
316788
272596
532305
339192
131465
154950
431168
259602
244592
105813
203234
124511
499266
356083
323212
233592
498367
448432
287060
520892
95058
403707
451793
156756
432085
171792
77885
363449
135333
450505
201443
33605
495130
146456
45962
417743
342623
12260
437978
95603
92315
433267
121549
325134
349965
325188
188931
126763
331392
93761
236272
264151
209745
34320
198217
374762
408529
457912
163878
123121
367030
487247
176445
129888
497590
496092
383569
264387
26810
48238
142722
39087
498381
45553
175492
440663
125197
58422
276903
201895
368348
71766
371372
324677
146610
487523
504955
46010
383363
128245
54625
415310
487605
58154
289761
183136
330310
146379
142187
96466
120678
207676
239991
203050
379994
187749
17865
186895
170133
527546
351221
337196
60834
469939
292247
305427
488899
223207
79619
58890
183563
235109
43053
20297
166386
187947
479588
239868
130729
298480
15755
451281
242696
413222
115255
118874
507776
381708
128582
82583
523272
222340
172267
379159
335416
341625
178537
315177
303665
472617
227971
128651
80353
155502
96250
440478
36627
360554
387369
336640
241332
215634
230274
136799
395628
13720
346095
490227
123233
151966
463543
67567
179909
399522
112485
147268
107094
18926
131041
512439
145705
236820
522155
348288
401110
320119
76104
427183
268846
353982
118308
290281
100600
17899
266650
474633
200306
464093
235415
137813
444780
70388
469907
258437
3832
143823
399509
18685
380079
272329
349570
183359
437844
368626
367463
129817
123151
36173
531575
385555
210281
453418
423886
419917
255382
174455
510074
380838
434396
41371
180871
276451
338859
120856
124252
157185
415550
472703
535478
424893
48769
324524
231527
78924
144853
467928
240278
382808
324086
439826
110643
524224
245074
253463
390899
91574
132603
454628
13810
78009
476294
154795
494417
60682
462946
416650
174072
92233
377222
297646
466552
493865
255284
531708
529112
66114
68570
500597
134392
126422
481966
374745
350970
511528
33936
165028
382341
275330
316631
247013
466198
237680
12566
418866
67273
488265
94707
132651
318193
230243
102249
230720
401913
430746
310381
429242
437131
516073
479672
418442
514624
34298
414711
219109
334791
344809
330237
10834
89248
196621
16432
372363
367118
89187
413023
220473
100801
317528
534301
339524
4153
177902
268016
463536
46323
356605
216840
505766
351895
187036
87389
62988
302664
295873
240151
180992
269183
320100
196083
52077
480956
109138
90762
151957
244216
459326
215040
375805
59345
80887
433338
300643
181064
289732
290167
508213
47478
291230
338136
252996
133567
43464
433005
259090
322397
438438
71845
166055
121053
95863
169160
158301
472926
44306
74193
64469
286576
217490
31576
128593
243205
487005
516094
31704
150959
339219
410832
54543
238681
97492
458401
7688
483150
327194
513997
447211
38939
154093
65446
317208
165399
77997
103818
367697
330697
235086
290429
357727
138682
40468
121889
229535
257138
148280
26563
27670
516580
362224
409284
428870
97992
471771
519213
30268
245882
82283
431297
486136
61686
107638
200523
172712
310846
328410
495565
44621
444606
133498
473510
59615
289741
412914
149499
462211
407220
12812
32827
285180
390807
518443
86850
91688
449312
483693
506622
132076
235427
116102
61678
255197
107322
115860
499021
472167
205339
150969
526105
68833
10907
474313
337471
528003
121381
31347
475128
388877
20262
383468
400845
254697
417220
299662
500620
312119
60300
479600
23664
249232
514588
214026
60011
332235
133393
39473
82061
138364
67354
77384
2407
230476
174726
95849
522999
384496
398807
179802
507069
181859
222919
344222
11078
398765
342911
254321
350562
416125
130082
419833
454525
181239
445336
387505
507263
245989
306534
170418
454561
261235
220912
489779
76354
415814
88773
386244
115647
390299
95490
415804
103611
241582
49523
287994
90849
494551
346821
348602
508483
128061
348112
336748
416303
162725
313505
328739
244529
80004
266594
450256
390734
276760
373721
177635
494786
307440
135252
196487
14072
35405
410901
355322
376556
336263
155876
129089
254491
159967
21843
517133
51082
151160
63246
414251
377788
257500
340415
431166
200095
349641
98100
44022
464422
371203
400947
159232
500969
41351
317167
535760
526833
499459
492000
396000
142574
465906
69050
57405
243423
310355
306076
135403
395684
64618
285137
169815
486332
345522
255251
514221
95956
121878
235716
436227
2889
210154
535066
455104
500643
360678
43894
165932
171649
406754
523472
279627
202783
356465
445975
324167
218692
256442
191324
475423
450534
520855
384070
307565
396728
100138
292138
366050
265996
362962
119519
479516
411589
249409
376419
402998
236446
324988
54151
24738
513863
275086
11392
349754
518418
406461
260599
393955
423362
529234
106892
107679
518666
148510
73029
371968
208859
497463
331939
2921
262189
110003
6433
78500
319768
346892
331967
192205
27111
48650
86087
305522
321457
401329
277747
503674
312736
78514
250276
107490
389981
350423
385055
501410
213137
463917
518615
200195
293003
100193
26680
414766
256076
278888
480308
533448
397816
322632
274048
474023
287627
163825
94842
420425
24532
461559
14053
325866
83706
514770
207078
3874
257348
196883
512133
58982
64590
499378
35554
97215
412254
56984
297085
446011
177938
482361
328576
388545
253354
376563
202267
410861
307939
250988
186425
451728
254768
378143
304721
32214
328098
282099
333151
366103
89356
37650
320613
250850
434028
147654
94221
288553
128146
35007
303104
139659
383789
504047
513069
365841
241666
444723
529738
244877
146100
477767
332330
374927
130921
207896
235824
195242
335175
218757
185358
223419
103855
221709
73059
292530
488679
396101
111543
186106
232136
403026
242733
50255
88396
286745
362054
201488
473649
149273
404482
505000
289931
162729
379280
496675
94338
35979
458167
269186
177939
379722
455156
3147
427894
489813
246536
450590
469124
413900
440989
200991
121883
24306
486379
108863
146755
428696
392452
468217
408065
241605
490531
91294
91447
277778
187200
226986
37775
451565
469544
78997
275759
394493
328969
222339
198180
497093
305921
289216
524624
397452
458901
318564
54644
343783
61919
36892
79565
277053
158669
520711
399945
327687
430790
69823
388985
222660
360211
252817
67329
483481
524786
56362
314390
107164
453882
321245
92073
100829
53994
109817
244741
9093
531883
256249
261614
419318
424476
332499
243070
147263
334352
398792
359172
19473
203531
1105
276245
159590
530508
97471
27148
338983
487097
138232
454142
352321
81803
448831
367871
377290
276822
76583
186232
514958
12899
38612
132487
354711
341171
87132
469996
160239
135755
232139
330255
477347
81507
103613
180538
445438
86809
387924
349615
101917
141862
500874
329021
57926
17782
422918
522522
379829
501034
247483
102757
158006
404509
154738
457068
229875
276473
423708
151711
353547
102893
499050
83212
135591
65385
142761
321402
339552
517867
523772
147802
465039
81790
114568
325715
303456
380521
282990
469610
102880
174949
18266
504295
472039
380471
319236
188532
260331
193412
514980
217889
6291
154199
290230
207504
90451
240963
116541
142567
141924
263219
17498
246471
3155
163939
239126
962
125464
522123
535395
312227
150688
261505
216244
376814
195194
455124
82040
522411
162524
101631
118772
467566
519330
362998
23038
191332
159223
28112
253566
254902
435038
473495
370722
83327
6457
288878
42457
355412
156801
393316
361462
415392
154965
79540
440541
195334
509947
489270
55314
384128
169924
186872
376240
228076
195694
533267
492745
108712
519070
272829
26481
364104
361357
228958
438693
362354
142958
482753
145929
30575
195982
461803
296426
299587
31734
108217
412741
391094
482450
101892
472316
438606
249205
71338
505902
501398
200893
21218
121828
434066
207721
193461
363944
150737
242531
278582
325925
144050
71322
126090
318367
94618
61174
328951
363071
319238
203429
429426
90452
371306
152037
32035
165914
183776
145572
278186
195046
209955
282751
515312
381587
113741
41925
249507
360294
208677
10292
47130
110355
9929
194252
233596
225503
219579
69330
456825
287412
170542
520900
359698
228615
470392
159130
67262
37107
313820
507384
72041
111303
4975
330552
6455
22460
372584
125023
121377
219786
446976
258035
53239
442923
349652
205252
29868
140359
467521
362483
265391
490611
501048
302979
428449
193443
361252
50967
134483
80557
182061
84756
203802
232168
175880
372155
288495
511319
492689
528759
4444
364443
95059
397826
245050
522698
56798
317805
302196
145722
216473
10235
259843
22069
141517
323267
466940
388401
402893
194733
69396
170436
72661
73594
397144
182038
195397
423678
412999
60270
247395
395212
465734
484525
492579
510061
124420
512498
288895
253898
418995
327436
50948
104329
202664
48251
338702
45018
20710
185566
505098
432620
420517
299146
447328
156621
36712
274689
503799
502072
186492
102060
89701
304671
431561
354679
196404
83817
140610
69018
403618
260048
129120
930
192358
165882
227265
79690
40376
298036
263074
474022
100728
321519
81544
249723
533691
201727
426379
5647
200946
440205
458403
139884
117780
30997
418152
48776
13940
355686
436796
249136
168318
1448
179357
424864
91082
281340
222162
188243
521027
290748
433862
434691
102567
534976
251104
380549
158306
351055
231188
453100
350265
150065
13382
471696
46858
419389
321717
74014
233284
399425
13838
374562
203009
198288
319913
108062
328223
509532
276805
129219
342734
361114
481193
499991
470447
335139
288476
292441
319366
476078
113376
72125
456288
201936
77198
126458
18756
74344
225626
416753
55299
256345
69963
340568
254387
130710
31755
376647
68792
121262
313115
497563
336417
448322
173727
199015
169644
305089
380299
450957
378447
109099
300507
63256
43789
346871
444536
468567
315681
198849
184665
207631
100232
101993
156888
140634
459447
242062
269008
344554
52485
268617
253935
17801
4266
330299
146367
458324
199958
408782
424977
192013
32702
470457
170832
279095
197238
413500
194087
419765
462144
277424
11847
343236
176494
492200
501651
298482
84668
1013
190673
209281
153693
113721
246897
244663
455215
388511
32569
91260
186399
494491
73958
427048
242133
149452
176907
417112
440143
272298
481830
457548
129839
411520
353645
21683
126445
458528
273382
458410
444020
520126
519268
420799
402821
396917
408027
481414
305166
122839
267708
318007
467703
916
117305
492144
365173
262977
401915
428867
40619
95943
353922
190824
186521
369772
275647
276486
213437
247829
197705
242399
330192
169907
374456
528620
146060
70242
146015
80450
243459
85745
36219
312917
15969
89343
457386
58052
343153
160972
146892
215966
67890
339824
407141
519540
36688
48470
258961
492702
40518
252053
312476
297148
471419
285170
220128
54269
180316
411308
275022
440754
67930
125420
400416
76293
335823
48959
141115
451205
353186
452094
15488
330053
280706
514914
124911
42674
452818
1229
53367
403293
466835
110316
403254
196386
289465
64268
255735
219828
142615
27415
100873
343396
341769
184923
235367
370143
402813
507565
236879
323403
146601
185771
433014
422828
318668
139785
383565
442710
283071
468446
36890
511648
332505
245795
214254
248509
266606
82210
196914
365604
53785
448373
48517
301436
510566
418369
224488
294710
497021
438070
162890
475315
487752
95566
392988
469106
481895
443550
189728
104289
300133
105990
105849
256313
192131
239077
116086
12961
311790
166292
1003
360597
37308
48564
300773
167021
95903
88485
350732
313659
301903
270395
454982
534566
349178
220931
261353
140313
82332
221132
345529
230926
480518
355781
404866
166774
162170
43536
438449
344349
324606
168844
121446
141638
130085
318016
92924
58019
255063
72295
46548
423927
344567
248094
13875
493518
154071
466595
162008
129316
476659
490456
380066
392932
323975
147554
311748
175619
174070
293155
193434
164664
142861
513858
124091
519008
173574
257422
423596
73023
314900
358899
78050
87822
307874
142403
148234
251870
12776
454542
230813
269182
465316
403852
241348
359142
402547
113072
533564
457900
511384
403383
298283
15796
480332
402279
202848
418084
415125
308091
269111
347316
221061
81262
266505
272620
195742
168834
13737
452394
292834
314794
450185
187569
359368
507122
326123
35157
220055
450332
216692
99659
254319
51058
519879
383266
164413
86023
166350
288787
465458
428648
49534
205358
520534
491061
250507
216058
321952
367124
505590
441456
501988
488005
189737
449042
420967
300142
143454
87247
99879
394143
517519
342249
489806
429369
332790
336906
503142
376031
423536
165068
503239
337755
294903
495095
112106
226017
499282
339862
227309
258581
199110
159705
162020
521005
305818
524974
377838
497251
256554
527438
297224
148598
265934
33621
206067
290207
87680
186589
340357
306063
60872
187949
534220
433860
101255
10452
101684
18624
519575
23615
400557
221652
431465
407866
204649
441122
203252
319199
465555
74724
406469
196296
271677
7644
440211
308878
448428
528313
67167
176045
528367
321357
60308
476462
388766
465964
81538
364931
139290
378031
529386
277542
289900
121457
9344
77767
388679
508647
122508
371814
153432
13808
188313
494428
75959
389052
534617
417927
289291
389283
507590
143524
82012
473632
119286
197699
353879
142924
58682
423104
2082
406941
186382
58288
210135
207669
208291
326119
90768
70627
41148
253848
117700
53536
91670
153974
392583
355835
485471
104552
400293
220856
175595
312611
372088
253670
534629
190330
184726
487163
231255
422625
339459
237485
234451
139007
