75403
296956
286516
509293
270898
158201
71321
290613
108924
458284
352323
46025
154502
379408
40781
168049
184016
296523
183667
433568
207632
28912
135097
400056
453895
102602
253200
426553
55894
173861
525463
525760
341318
150395
309657
361589
477892
117868
436503
197043
445211
336689
171092
168646
149474
179205
79344
8689
170464
69305
42945
159335
287861
526332
157804
233319
6335
303089
211601
358495
50871
194503
433101
282085
382066
73769
494804
139089
285496
11879
447595
22766
127102
89078
459127
265962
446966
39708
173188
24466
251291
58031
531667
104547
124502
334299
79020
292119
345555
109309
427573
490487
222655
216525
487347
126793
116651
187501
344415
292955
405756
192174
202092
150129
339003
298946
157123
471526
31217
142824
531361
253451
471372
218673
361825
22831
322892
457737
253552
278171
449903
361712
226313
222052
61905
184595
118065
232426
311696
117542
525834
139952
332334
21391
34829
258653
111183
358750
415571
171349
131601
1173
404312
255936
448070
81239
495857
160957
519803
35526
534358
460640
531950
29040
148325
426812
336475
488487
333900
115446
262038
245140
416715
146118
187463
372973
173224
395086
475926
161799
83144
390548
369919
511748
54660
302631
451766
350284
390410
126392
331942
389936
278872
101460
172717
339412
493398
336482
167147
338187
407090
100989
433981
410785
220465
506037
223446
29549
293002
90604
194009
491658
405725
32935
218788
300542
361932
256341
106454
89708
391671
307668
75829
435968
72607
248900
422099
437538
45046
521411
8355
220667
367904
75959
489216
242134
376607
514206
22336
173354
296287
322813
497686
351071
96077
402880
118113
160861
377419
264707
71931
525073
216664
398456
57158
334905
125156
230499
75831
433231
208809
269231
352757
499305
313969
478826
415136
228395
473821
246911
358845
509111
342804
307185
146054
251360
519379
143249
532625
396430
467
334449
50590
242031
534980
118764
499407
206944
334241
184675
452378
514863
484468
448740
176886
426462
208180
65467
450895
334732
108933
180229
87092
149394
127580
515284
32051
292427
197900
156142
77715
196333
521633
83826
140559
102659
274647
159728
294514
281364
240259
50528
40334
507580
151636
4661
335417
421143
499089
347127
164087
3790
147914
529963
62006
243588
124474
480398
529993
453511
32230
257264
197422
379076
335813
333988
465129
266663
322439
400510
197898
213052
130235
403745
481374
93892
517568
7679
6420
69087
263028
332034
497868
534601
1678
294137
452946
247036
87121
70881
367849
161367
394093
225247
34049
413731
182302
496802
130070
472532
257945
397836
133104
243664
394435
340031
105587
108163
461017
499572
61359
139069
11761
397476
147584
517981
186991
141521
159607
203579
214545
167243
394089
533739
276759
428323
293840
469989
210095
256383
137632
76849
481803
523035
384838
31221
480103
464280
132610
388144
196760
200425
468541
411854
136402
513245
218278
399566
21638
477005
246529
5836
461818
292553
40374
316319
47434
288926
514524
201523
163376
501544
402991
182705
354183
440316
3098
107850
160239
71677
336560
442310
216414
213234
318388
138277
519695
329195
449576
364984
171723
297351
118927
124086
503510
71219
6416
62800
204879
138827
84089
498689
500928
319837
366440
243503
108908
404524
52927
102716
16874
43094
15908
390827
506731
371345
358706
63425
371108
443576
36759
399200
188459
101055
44811
393329
123021
372922
156961
268461
341835
453219
396311
400319
254746
402738
330732
133483
462468
426794
351882
460213
504624
435336
532548
114301
29052
419726
326719
312514
514273
386548
48267
500401
144093
183515
514098
441017
162604
294753
185746
379712
505505
8670
102624
337576
127737
473424
222205
370608
175645
486271
161007
324317
242537
362421
60661
342609
203399
383624
518265
260510
425100
16737
242185
500456
461139
119046
119030
401341
66740
221151
263382
325030
410665
383273
147713
362260
129728
489995
329506
1958
32546
212593
210441
407946
493760
448190
491269
331995
455009
407726
91850
442280
348002
269916
390444
191009
488018
461534
521972
408059
144654
322906
35619
214486
408855
110088
461280
217738
299658
48407
272608
434179
512722
252767
276884
301265
255392
195046
338805
435991
348507
250052
331962
446269
283025
355728
393753
360746
308487
290727
119626
153680
420719
466753
271479
443160
443955
489194
348157
512296
481686
112632
170076
532702
258164
123286
192558
136794
402474
45974
273722
230707
42537
281728
382600
521864
162205
217754
240745
20546
124377
120358
86302
531146
282472
130464
242019
109875
437471
176256
269451
436328
345565
289202
84324
247702
52071
80949
387070
423569
517739
335281
195603
6415
446381
77108
531221
147571
503853
157162
299050
455300
147266
92097
65433
410309
455464
402596
330188
162443
52148
15422
254557
451067
2591
447989
138642
174468
16870
166971
229754
88673
182795
72510
488040
68201
14518
57957
439045
224789
18490
259315
415754
420507
251542
230207
155967
149749
317153
244093
277712
372799
202081
476422
115360
238602
379990
495862
530504
64705
306604
80946
135749
463697
357948
50426
129504
286532
303159
10521
483552
233417
384268
525322
408145
295252
96708
522594
167216
103967
253279
204468
92299
144159
398020
445780
386844
278205
393449
454972
367207
211459
249675
361545
355820
178290
497913
345460
504669
525619
1474
334977
66290
445730
152692
235027
406664
32907
436633
523358
406529
212338
401174
454524
216189
121877
107659
20130
304946
446301
320263
52704
230696
102448
362931
418082
362453
339682
310130
391869
320573
426808
295954
81620
106117
450488
190158
386838
273906
443639
122979
527214
437286
228037
260849
439133
50122
334744
291841
74403
159558
92401
210538
275413
161514
316391
524033
446746
430936
107268
274259
40428
510336
345483
434789
27995
513557
31320
363525
283747
113614
485103
457900
220657
414619
420249
87321
345938
155940
436911
261556
324955
69234
319638
335137
230211
316601
24975
504802
414934
202449
263794
173959
365502
282818
311712
248119
98898
140345
29190
140210
468780
277366
501590
43120
435915
52052
411160
256701
132437
395550
84397
1853
498243
200017
361804
510676
485933
294198
305018
355623
328142
442847
450381
19514
524094
246667
465272
270670
132818
171189
51964
307018
325580
400743
114390
393576
62963
116781
366913
143799
486599
365741
410832
480445
520536
196053
506716
387215
349931
94676
433096
413024
22477
449810
349892
356735
507474
177097
380240
470142
188063
456329
226524
344784
444450
245093
69203
501947
36947
210858
371774
300399
465940
72796
424704
299777
467332
377489
434549
201263
169316
513363
412902
370967
299466
213113
532581
170784
426382
306180
408207
312375
467567
119581
129034
364882
235272
519546
502516
377971
437148
310789
499123
390275
314794
9964
90876
210300
74232
25973
259052
501268
93769
91443
231619
452448
458051
294991
14279
423246
191274
336337
459811
37721
394883
394066
48058
32989
70121
207104
66430
21393
251819
364176
29328
346491
370298
400376
175246
235353
225457
189689
239267
326055
29143
148413
105408
380668
135702
308376
471248
128836
481095
523411
311645
84791
464615
211048
521337
9125
510069
104773
196998
143647
320336
304909
470801
56025
182535
256281
266812
447790
163728
402277
72958
278170
61011
171638
226070
62166
271167
362368
176986
70838
375396
74967
147356
485818
327873
277350
428030
424248
406262
359499
290855
49572
12393
110053
190967
58875
382599
174330
225879
320166
420315
478159
313597
276807
212367
347537
226102
432396
205844
71808
358709
251896
534169
168879
387782
294460
90183
65061
56765
399275
17040
53854
386522
439026
41690
198740
496954
215514
453287
515839
141368
383296
400435
293592
395797
166561
109770
455656
177813
148722
123937
240337
189730
428947
295866
63297
435440
444066
248249
17954
60271
143486
50261
98704
99431
376122
492975
207539
96536
146379
346354
359542
69366
449095
109370
191490
263893
251258
214079
492863
314388
49497
370297
112952
398691
63545
84815
111307
35253
183178
196081
153976
296517
241377
340482
520985
14692
191676
112925
112309
290997
104528
170154
96392
476111
30513
324863
380870
131027
362772
343004
144488
250213
67314
191381
88330
433131
191024
181890
215106
180614
72373
390236
18238
32017
117351
487309
436182
473053
224940
190612
214737
127028
202754
118213
316360
11758
408670
162685
369861
443706
453365
83537
186188
495812
181340
245604
423352
368612
315926
472827
19938
381563
436506
138267
292660
490055
202420
358007
216364
519137
332079
78366
533955
347352
235304
172723
70287
240047
234773
329729
490169
503020
247633
501367
351805
173880
180110
370052
385094
525107
494951
150911
94254
110550
413879
188618
135891
143669
460349
58531
50659
352068
19316
406528
140454
201642
432820
408205
33895
133447
383671
293488
41639
384165
24443
440279
183387
325373
213315
360172
517952
82635
518264
361488
470042
524453
279888
354278
85634
245501
28068
312577
486514
216483
456182
87040
278310
76601
119424
98310
443293
43471
243903
457326
294417
295517
239166
408083
62174
995
357170
368648
297229
336953
355385
128788
142094
117525
15276
564
201613
191046
141857
461698
396745
288312
245016
46542
384458
175060
202219
344733
502574
372023
104505
194234
144234
124040
471220
181954
280791
477460
527911
157144
49127
306439
456924
34490
388321
121064
369431
65720
248550
509075
390754
184693
108861
283502
249723
265852
376173
255837
368853
35005
242989
323170
145386
216745
324498
285923
241208
44517
263189
358400
70845
103028
135125
286538
160042
294581
270633
152849
461919
274959
299502
432641
382042
511630
390404
26506
239894
201584
423415
393223
149714
226294
322446
492840
66296
193451
451019
353529
233003
526293
237975
294922
290230
439464
4913
196559
92668
244732
31670
467042
478379
120036
133146
341238
427268
448493
29775
88740
156806
511936
115675
32855
368128
402607
37959
64240
360199
474190
84606
318431
53549
155475
348203
470435
213170
74643
73297
91084
221307
271492
201482
491952
134594
67731
108628
84966
414741
219197
225357
372015
531834
108776
390134
22614
342454
229954
360006
183235
514347
317210
283559
476237
51175
352306
124407
49161
344470
179506
449615
401384
431838
505217
140700
256431
52390
44147
532352
463537
372267
349626
73664
251764
352001
380629
179842
109733
189480
45584
342467
36730
228896
55897
10967
16830
35976
69568
509054
365359
454054
375524
12700
261783
93993
303383
379348
150226
87843
381038
167613
225719
505732
305213
63943
321856
136990
445107
13168
207220
239564
332942
87212
485704
297480
99298
252056
395448
450150
404349
242404
419947
319375
7054
325519
531172
112016
48172
12554
205762
315099
345131
41931
93842
225827
337563
120787
56652
31352
189801
246610
508316
268344
398228
6770
103657
156904
295841
219769
62053
38662
253514
115227
299157
445514
57323
233934
462266
264899
441241
258067
390016
414551
56752
113594
528339
340272
308875
86109
519724
99593
350203
45512
216377
444043
33215
380031
408582
505266
263224
283988
84782
177478
228239
320205
282912
504020
115862
270357
55982
362006
456941
277399
451458
451032
396395
247100
433831
282129
150107
509164
418934
317625
250113
363064
140676
106687
500320
4991
355750
41970
216764
522380
451004
507741
428914
133582
61818
267025
455416
324725
181551
530000
369794
110455
238764
148447
402663
523902
324514
225132
70046
413763
149322
155624
136780
358059
128639
248036
103446
144207
370824
124138
128003
164494
424165
341193
412580
396535
456626
444131
419729
118240
465116
353323
327306
257397
201856
294384
515695
90086
148726
3975
137985
513833
154289
384470
321407
224946
72534
157028
241583
275530
305084
23370
231329
309737
208328
304461
231580
279102
327998
118488
217063
469821
246973
420820
533999
389670
14442
228195
508840
235731
102823
296254
180930
78910
388381
410550
171823
27747
103208
511157
522754
398163
71249
495237
441015
460296
442497
526117
499519
452381
121277
5467
528953
254039
163969
435180
56665
395407
169728
62494
500756
403306
368599
29104
437238
194345
75205
330143
11676
315407
59413
341447
94794
437535
28964
353419
342618
342836
183018
504383
405609
495823
91039
285380
117532
494994
453189
372964
441998
205403
191801
495841
254441
91509
166917
498254
526909
268306
353545
427231
318323
509040
355171
68206
32131
135222
6024
107089
306680
362576
369240
264042
78617
143112
500978
119752
95227
256155
420800
178067
474666
388654
197275
299834
2219
276263
268507
312213
265068
14872
367171
499416
89562
109040
308239
206239
104437
333481
173676
49171
516522
533167
21379
529000
348209
465405
124476
258444
377684
383745
150213
192728
123941
17683
319104
169744
24341
533715
129711
46516
179973
51646
331791
457797
222891
12377
524050
124597
269359
60602
353475
17798
154331
108616
38090
54590
353295
400397
51921
42838
255968
142113
202140
494929
214309
274310
487809
182512
395113
97764
360499
425883
167203
32169
411873
36600
426427
46785
313659
313532
147979
473249
124221
484274
151620
496861
117209
447885
223200
178080
295409
422255
534480
335079
373226
468235
515922
242469
123177
195564
24413
483260
194581
413170
407666
151697
112730
141834
290528
230638
59008
315313
292600
458811
308677
496183
482421
531859
324890
116687
466318
41157
31396
152843
437775
224172
17221
16697
160976
31027
311496
368240
246108
442083
201839
510456
427179
227887
34263
181690
299859
271887
246104
134801
20145
346504
460019
459575
514134
181629
518199
399605
429270
334264
61380
121131
110125
496136
218182
301016
136360
166221
185603
481026
409034
345956
415439
440846
107772
329623
139922
232747
7257
366390
219363
129045
246864
367688
515827
500074
276742
217169
417241
8872
115867
261012
279870
512188
237621
21194
64945
67103
326094
341841
366964
519045
158405
309084
101270
323269
309242
21987
5011
28656
349327
137720
4947
283593
400546
163503
331197
451821
240012
199748
385073
446989
332285
511242
260769
160320
417575
483322
414899
490902
289005
529143
387076
280975
313955
488461
476454
228628
81387
111461
241691
376768
416758
100360
385415
104015
379088
133502
211478
102520
193698
363332
53355
435217
24786
7805
35711
485993
482869
139426
287670
386199
161056
400885
280623
242903
360121
184920
203460
100512
229237
113742
329324
172819
339847
355399
509363
13733
41130
498983
285849
239968
461074
379684
94484
85054
376850
218233
51755
139443
256680
367574
363901
98573
128538
289945
74209
411124
95037
167679
361736
220493
375193
300576
233096
456255
417502
201874
500820
7378
111813
41198
460594
203002
100281
518512
469687
93616
392698
471713
15413
232480
84578
357879
124164
34073
18763
138926
184863
60292
297818
430313
518624
21604
170710
146243
397802
284099
128984
56028
467267
465753
313620
347017
534435
346224
497627
329319
375529
482448
393676
164470
427519
476885
111210
62524
74315
397319
239571
434301
226729
167597
490248
2453
233048
378251
6741
404682
206015
78744
405087
212191
85648
480444
7981
168844
16726
264381
359710
215295
241045
401128
411023
427843
32427
189814
494449
361640
32059
214889
454487
414405
511426
259355
206970
368484
208039
129050
68381
185625
442900
102230
500821
46245
26376
498089
373661
521512
345728
76496
30175
528262
157816
341324
380394
168623
438010
261314
431382
208175
476375
227068
411072
93879
33131
363591
10115
469792
510218
157239
223412
261181
320288
496053
262477
199731
258104
134596
124448
145947
216193
155591
252940
485615
31668
293641
142858
48627
105949
258232
512401
45396
38367
350075
168920
457582
202207
494664
496069
57825
103483
447434
353253
526428
526991
35963
498963
135479
364243
162456
456548
268398
160057
215113
135423
470004
122353
51331
372925
433213
66846
210501
504304
97554
498262
173007
341561
460949
216700
419915
394274
128933
332531
76872
531897
381350
416074
349703
400414
405299
526028
224680
96462
343474
459268
325537
431359
122289
446102
47661
69343
259301
206296
316166
61290
455686
469887
486388
128914
325381
347760
36937
493352
224408
393629
429141
440431
419837
232027
207178
332820
441917
475756
436681
390923
290322
174760
76403
182666
181683
383304
166507
32763
504009
432379
467815
147684
266200
522707
465608
12220
88279
475652
13246
127906
163214
76520
280755
279018
517599
107990
448830
130568
484138
245329
18001
431301
201478
475863
423867
269194
315089
194332
409855
388558
279489
135872
246574
232534
142912
444632
415631
78496
410243
458246
177980
85664
311671
162920
317482
13110
362690
511705
432522
275328
126411
46063
35205
261956
535371
74061
212828
136533
310935
195220
119694
270771
156495
87883
167367
390018
151862
454766
4109
1914
413994
297259
336445
138829
323786
282362
280515
203819
267633
430259
509251
469034
14151
528068
134181
437626
306106
367507
121820
505341
362293
424897
526411
441902
259765
109471
41775
185987
7999
245117
507813
300204
312607
117294
181033
246818
187248
412355
193555
64287
216160
502184
351135
384510
151762
206954
77485
473256
467800
8587
246737
147613
351943
485070
490509
476436
328302
266409
480655
394827
296664
62018
517629
327752
7171
534097
467665
335988
256530
145171
23565
435035
50196
357579
196494
121505
506980
398465
276995
401642
171283
138070
378996
87860
111203
238709
194228
261544
242181
21976
338613
436080
64282
520157
482238
382813
214059
515978
217087
81790
478728
95373
15262
97228
96090
463647
115722
358145
379532
491920
310466
481257
144442
481788
273977
524544
65838
35763
57621
371043
207359
429698
372233
359784
107357
264882
417617
42618
280848
317428
507844
274620
525462
10140
376550
58329
48564
409090
25197
149698
130556
379913
514553
44939
492802
394836
309268
220512
353415
69319
413958
281713
161464
232453
77464
389070
442126
458497
361045
303478
309827
104081
226593
492915
475481
524255
450210
90312
83632
376256
250844
534084
52108
247840
529820
379758
191730
203017
519342
393209
105175
8472
319007
97242
106275
275042
232156
435467
426093
122562
227102
248286
268605
466300
291816
402338
214318
337833
185658
164601
462968
57524
123278
341967
431197
262983
91182
225577
20160
365094
117208
209795
485351
478111
168828
370149
91531
162883
296362
145189
433487
437313
201075
192602
89949
276124
512932
391637
310867
402911
322064
309399
218165
13893
160107
103285
401558
79656
442910
158464
381823
521497
332366
281295
255435
386468
11220
417892
219142
304912
37314
456729
56888
329635
74033
201602
458165
38231
395637
427939
259659
366661
232526
392606
223650
368777
278508
325326
132113
239389
73390
105353
39753
46791
4641
531054
60893
218239
508390
99155
293590
329719
275898
112853
3034
531659
355878
341487
386753
68686
91897
233331
202353
405259
145169
142030
357632
480094
31849
271308
493204
84542
72265
367550
182565
125082
55101
4386
410348
431111
335036
79876
159747
250149
174412
237150
479419
419774
53307
478675
19586
115533
445581
338897
235829
475934
431975
16413
485151
133777
90329
445307
212003
338261
92496
268998
19799
368488
329413
330245
170816
125163
414804
330068
143832
467509
271998
259838
141612
528072
208330
495937
208383
271693
524830
247173
505613
103411
534614
271560
273367
95676
79738
126446
193183
501150
154345
486500
481593
358945
163223
368538
522367
304738
356402
302477
203325
264655
394558
11143
415753
327972
82646
461060
425827
14595
526173
7066
92789
520857
3241
398996
352751
28860
12961
475143
270467
154575
117065
200258
42661
317850
325835
369637
453854
39504
529280
184551
101101
193118
221359
453442
167144
181980
459413
270872
48974
165964
371908
223330
453695
520850
517672
281144
526449
41923
511090
184830
278990
207506
116868
236610
314702
140022
318178
511066
330516
279851
35363
140273
218794
527738
29770
319593
160942
269333
47103
23463
255442
125996
533754
102160
126701
451733
255486
468275
218971
331208
38301
126218
518362
512927
410900
59786
289024
276655
258262
249170
435707
301999
505988
293048
19030
213154
40632
348834
305658
86353
473729
529248
112185
417270
392400
298397
163620
280316
295788
72065
200044
129860
460343
59531
433579
110361
454880
502783
527816
159360
234529
32966
143800
374366
211520
233920
438369
442999
362273
128158
363010
415589
337258
320746
442214
533059
153803
141053
366369
105481
179226
37714
351267
88987
240589
518263
163315
249118
324075
447126
35402
517154
80959
243240
194647
433114
129784
371378
379092
222517
68540
467722
251894
302447
270128
357529
236420
448249
432893
166155
485606
345297
85944
357461
182183
483832
522885
385424
317314
535278
524845
445263
139601
163182
331343
244688
393116
50457
508516
142841
236094
27778
69521
53006
439637
261433
317406
320582
3412
112014
91772
534258
278144
210581
505413
423899
355361
449705
529864
410334
83807
531598
107205
405634
407408
247953
74648
480703
450857
35590
516188
126726
147574
344678
527646
438418
412948
287222
480621
6609
22997
172629
240306
42320
500334
495340
65150
508296
510382
291217
495850
206698
494015
75084
467226
384338
192260
339975
427972
162091
339354
364173
1134
262783
8305
462723
42625
144696
97553
153948
58914
288827
35233
364865
248274
224361
222035
189610
76882
421794
356607
325430
310036
249908
359507
348453
44662
240682
217499
77276
254982
245147
478394
286453
177113
269931
532263
94179
58460
81318
14566
172293
403266
104703
344722
108171
140012
268933
412912
511320
4178
134330
162366
108375
304672
232817
409022
488718
425460
283452
353848
123890
338880
154944
24668
459653
25613
504646
220451
242618
335109
25262
451583
96288
525820
37090
239122
37966
256674
494084
384644
349888
402630
170263
309900
477930
223323
502941
26355
167392
264150
74799
397760
168634
64730
383448
265581
338498
152788
23106
513016
41341
25886
505206
169573
461677
15247
178867
256329
526480
105113
150190
15857
504523
153607
510422
426224
379313
273675
424037
316483
375896
129621
249400
232940
440155
442148
152159
392308
312538
369653
54915
103182
72176
36509
327299
454510
93915
111385
150869
119544
307518
145679
259068
129462
388923
160276
278582
120547
30262
190928
456021
208793
485934
385965
534671
343891
420256
154366
326494
302243
155901
27328
357266
519209
297733
173702
449769
86078
180547
32148
74927
414536
15093
43029
45003
49927
323592
20917
402615
357152
339094
484235
275522
355932
383676
518030
473496
330443
413710
459398
418295
262056
151639
66197
259537
329906
532979
77995
444177
35035
344186
221919
373418
398509
315066
340577
103853
384688
147449
339540
517361
375122
102610
362939
309689
278816
183093
295667
120577
37664
132252
254897
251524
371476
458424
368516
428954
380423
296860
397724
211106
223933
340855
465155
393444
203781
327911
27771
307778
14221
348891
83896
483139
87566
342310
271046
369713
375716
38505
370350
280881
261253
4452
394362
315056
243275
365707
150754
212860
486706
268167
179233
288820
274715
6519
51120
96199
72074
304050
406594
471180
290508
131586
324076
472535
2726
62015
485907
175073
13741
65507
20500
200960
527472
144361
90659
274888
432432
380850
192834
349012
202523
2142
143124
216392
325785
99867
54781
219486
116563
417170
278595
429773
461796
324182
221819
420440
202020
290802
13809
305670
516263
263292
464106
441447
421850
29474
216224
85837
301718
125370
530565
409498
484048
70888
513248
333605
185880
327072
359255
234949
128443
63128
281806
17099
42276
480309
309926
513939
324383
177674
464364
436468
338118
179673
100169
110686
188504
84723
408176
94818
335512
125513
383644
35735
320189
415618
270580
57276
16827
477784
43953
232246
259699
483171
243479
302673
26591
282628
209500
265292
5209
451193
43099
301733
410214
272722
357214
495185
259562
319752
144502
251127
466578
438839
367421
23344
108146
90165
481359
430937
501349
437646
173657
436045
23084
94022
16923
486069
278311
439475
165320
171077
398484
101314
160039
179981
217034
320586
102589
195266
506159
277447
352952
108568
305011
262672
464585
432791
459466
115950
429912
326526
248449
236429
172613
83742
43813
387537
525391
34368
224278
315938
209295
2875
208466
355067
228109
488942
214205
334925
45367
315394
59520
432266
130670
183806
24535
380772
167167
531936
295562
68463
90024
274193
279484
6890
331401
355072
98715
202202
139091
494432
302531
492047
52201
309963
225184
313510
345955
371206
83206
267386
303311
64890
247322
269572
474259
57677
291911
171552
4545
272438
4006
117669
101057
382128
333493
244363
389561
242085
417552
157560
432235
329116
257493
374183
298451
196016
277318
246174
103127
390321
232376
390898
323398
368178
479613
92269
198301
251477
204790
283942
271730
56685
482724
366729
159153
472801
381180
277382
347085
263543
206792
347529
78758
341533
375893
324118
352929
280032
502234
296601
71450
477031
366706
354676
182122
380687
36548
146296
6690
289123
458633
307670
519203
357588
353924
252202
361116
88790
214829
54045
193106
113926
231346
242652
469403
93852
106907
18525
181827
347980
386671
181013
47920
138943
137348
84095
114141
108542
63301
345404
451127
466469
108140
479836
107464
270079
113283
418431
310190
507299
160719
226699
247525
102107
314136
200848
319246
473588
469771
368230
396318
183311
52451
294121
180167
1112
381950
384108
163281
395908
320295
368331
46293
380917
415253
69450
498260
236994
320080
505161
344039
20792
320057
1593
404048
347453
267433
56710
363144
234441
206226
301740
89394
216516
460162
532393
291882
252026
58618
200965
348607
390140
128932
38793
285182
106323
48903
490009
468277
209453
307919
523343
368084
263748
171024
367715
366437
324744
251800
250916
363075
246198
285996
289109
9223
176701
283579
399750
235983
115697
481820
272800
339138
344436
118040
503729
187231
405400
273909
503336
507782
70481
409185
73911
176857
101911
388430
162274
403750
145774
515578
403957
486199
195200
506285
44232
247699
384435
304031
362989
257442
94073
421399
207607
504638
379889
481078
311826
280849
86737
531793
500596
32471
502877
310016
340680
449024
6844
412554
36109
44595
519069
286152
533180
21629
439222
468935
3609
40094
87171
246050
144667
94450
136342
434550
332306
507752
478773
451718
351312
7082
42052
171061
423313
97858
408842
249819
31692
388844
68438
372577
46150
515318
238600
69876
50666
486246
65537
427508
369178
167965
221579
282230
349660
74409
334167
139634
496545
448349
67257
375983
160772
79560
141468
361156
484545
51676
276958
254688
136665
373150
390856
231876
383990
183190
431288
94552
461577
178820
252752
413629
283687
79914
208416
376742
492319
441597
12466
275396
446530
55208
266615
152613
48328
4363
67568
447714
253283
268216
185423
499213
370828
487733
422216
106927
205866
389984
421215
450147
188050
365600
157477
211948
298370
362832
508632
128528
242462
280335
146335
49478
190970
472120
47027
258304
281757
6436
282400
298918
165102
530781
182527
438890
285787
210036
272610
127237
274017
200291
57052
230363
413606
87426
516747
99480
413345
102117
449404
185479
194935
403068
86877
12772
199916
398057
358018
302425
476044
66697
426752
224338
524972
490252
520954
265684
495220
375429
430477
443432
158697
111835
529653
236394
7228
375331
92560
467860
67236
310570
388982
290996
475518
185077
355723
517268
113971
297057
123932
393823
418948
425933
344965
338620
237799
378425
178340
254691
180362
153218
98965
420368
229007
144890
526461
456472
255874
275178
446189
8998
14173
21989
106212
279510
322197
281900
165437
526409
238976
452938
472609
237763
21807
506462
40212
387810
32061
84116
325233
151273
431672
387542
4606
58867
442588
168096
34453
254889
380625
285062
60737
86133
220052
47649
305813
380759
475206
482712
43023
224610
457122
280437
272059
484231
387409
136015
116168
72105
365673
423631
1549
292789
80183
9627
84522
138780
217338
65666
350253
402188
421346
439532
16814
372293
214326
204551
492229
62396
53548
97315
419142
138063
254779
365033
113558
262270
186287
326136
232085
177993
161664
434378
494505
293605
32924
117072
465965
183468
534481
445311
519428
396607
300683
281581
85175
78123
302663
464217
352956
378620
155391
446935
493299
488982
136785
494916
507341
510877
34380
493918
489482
36997
48829
251766
526696
142170
372274
65620
465929
282984
58921
105078
199696
40162
293303
307165
420797
25489
289458
202284
473184
139130
98657
463933
243873
207197
390199
354289
287711
134875
225173
380655
214080
179937
453038
529232
534932
301656
159368
101184
362966
331747
131810
531119
60147
65210
162585
402057
506676
108794
215314
492347
270951
438437
397659
134579
82390
353960
27072
246378
479190
171655
413593
287740
364578
236547
477951
419373
295493
323737
312527
226024
206454
425782
389189
260720
306591
488084
363830
515108
352892
459135
116593
87417
509090
162040
358844
484702
252930
85301
267964
378272
444938
122096
70721
412947
395997
26647
129126
183237
100047
446037
282461
176105
486051
243197
381775
432198
351560
279447
391387
309191
390270
95819
180989
157539
99519
453748
180370
27114
527314
266814
494442
317396
478192
444697
339714
249746
213296
183883
119074
271258
322014
263610
104295
370455
98317
158427
104261
427760
48364
81195
415903
473894
418615
427631
245287
302738
171962
307156
118410
433730
26790
220024
445253
197873
329939
357698
183463
350364
322236
459722
303339
175337
134935
299389
519526
306498
461347
106801
168572
35895
99782
529180
23790
3083
516239
56261
446613
328582
119668
457455
3739
340907
114402
533827
200346
477472
90406
342192
306968
406392
137202
342861
172080
400659
330880
2966
352016
250404
34852
472630
414035
83017
15004
457418
395884
212558
431420
89346
91117
366772
214677
280339
129382
102135
172462
137618
527685
134382
528176
250280
188154
74463
358922
86010
241960
5563
420479
449223
221512
323088
296840
478494
342027
151715
159337
325342
148144
17907
140443
185882
266042
185979
355338
488433
91012
327055
5857
141283
503951
19802
432857
360632
210408
360283
40070
43126
264972
419514
188076
362045
65465
398937
481656
320327
405093
220542
59221
260044
182635
341545
94293
87791
223639
104896
349637
130693
311857
508961
195256
355833
299986
198749
301920
336166
521597
489580
94822
43202
165462
2832
105835
405607
518038
247321
164098
466133
38728
190177
285765
513738
272787
46557
125883
207773
389866
185316
448993
133662
190250
160036
58115
175555
453313
71020
393825
453687
370030
104277
401919
482564
29576
177430
22055
456069
144863
65611
489497
1059
291078
516324
224698
112279
352673
337430
456989
76962
370283
441513
109449
52998
265659
527078
36154
428897
492182
128518
261711
102930
484032
157581
5100
306047
277809
277418
113096
368382
32588
322938
364484
526727
65054
29832
82638
480779
524454
153781
493408
57645
519990
451279
99040
438153
469290
261381
491224
50110
214550
305694
407051
462024
232926
47113
390339
515662
281383
384192
474467
150705
335433
77364
111241
272012
534500
350512
349047
423765
502646
251504
183602
442797
34985
511461
178828
311596
31662
29290
318899
527872
225267
339779
451456
534051
218912
451271
236335
316638
129383
114960
295260
16038
53933
290307
45059
19320
146563
509367
437085
300468
77860
186497
37827
90032
236334
379766
377316
47448
193520
124111
427203
59625
407190
186341
114429
512110
189785
510742
211707
243601
103138
501415
19099
362965
314821
59218
139591
471283
532779
66598
434532
384261
422470
254600
234389
480572
358103
434416
351165
517734
402357
20490
534467
501598
81159
480102
15478
445689
282346
183243
309275
156281
71443
69931
136692
345792
41761
376202
471885
510779
365402
514984
366797
21504
277977
213405
370597
105220
297066
336397
248543
105649
451997
485397
87797
345976
116635
365177
482053
100212
132150
418714
42800
455608
156924
66474
463075
38122
27777
340419
178843
94912
45534
206333
494096
88728
469165
283888
243792
418193
224739
61053
530533
483085
404480
192503
101165
49093
46772
52000
495016
205815
222656
125423
492268
149493
221662
191873
418213
195790
252468
271429
497173
203130
533690
125809
159081
269794
7591
521418
92119
446615
419680
366042
473181
297164
447235
385208
354900
24486
68509
367929
436683
98071
520481
363303
406267
420514
158443
200436
437649
505385
147846
415100
429831
197649
506765
392081
237818
148389
130377
428067
297787
265851
66092
185555
278599
463323
310904
270027
73681
317948
271088
519726
297682
75766
301865
510802
9221
416162
468692
289675
355730
367487
491117
6221
370887
13499
505931
289457
348873
158456
153129
288641
464612
413030
486523
204745
161203
186639
397372
77661
434148
366679
317434
57661
155868
391385
73004
331521
511578
459450
158359
240202
392107
395821
254112
11345
361378
29401
185841
322744
327852
437098
5401
331400
219009
458014
455576
390353
264336
168670
112300
326334
234051
79479
392065
371308
430693
464962
96463
96571
98440
243097
243744
277894
243769
131686
371302
352621
508470
311044
269514
422878
86398
144663
104275
347281
344179
305405
347006
313928
32644
511311
271510
395473
139501
299161
64396
517987
8902
246615
424258
170053
147282
475443
479809
83821
415815
482362
232098
318933
46410
338514
299007
281019
332533
321748
503089
157430
253999
486979
418366
132830
20010
265753
56322
116143
433095
88803
203307
491257
341260
469891
351033
355956
107153
464780
257583
461020
485023
85168
99544
153140
486832
504291
102838
140574
405308
197434
113371
390976
7749
410953
473531
42259
71707
399435
339767
513282
14520
359527
374701
160695
446441
316184
58985
154385
187214
102824
14236
266078
404636
442090
234957
300650
479353
422586
503091
169586
416516
271119
110878
174423
385454
284474
34593
230482
298378
116129
191557
386367
253506
193243
65842
406914
84527
56817
155617
441545
209095
228711
221376
260033
85701
476452
207986
385559
500569
405815
202923
139198
416957
195994
368786
450312
396312
72447
27409
133663
165588
434823
300255
234992
414302
221315
371095
483409
33474
176643
330286
321005
360402
156755
238850
386988
224275
210819
405903
191932
305597
3848
482487
244042
169694
419304
437929
59453
141357
101131
357401
514256
78486
224376
286923
461103
404790
477649
20786
448979
240782
506479
2525
513788
505641
392774
333832
361177
131633
390317
248258
155274
261634
22280
58888
357590
193130
435957
181859
504325
451108
202572
74549
64258
228891
144042
457884
387262
132780
187579
42055
82920
315437
499762
474444
208297
212493
197457
289749
202270
372287
88562
146341
451802
443053
195137
363496
155077
182025
405927
395609
277286
290080
217974
501282
178400
491461
133298
419669
343023
348760
286786
212524
95152
358649
518944
303887
386286
321893
67632
239937
320546
512492
10347
69902
265194
291164
461378
405530
419627
85853
38922
147549
301821
126779
460044
143260
25827
93978
524243
251043
375780
463786
298535
132918
457985
202962
