847
1023
1025
1153
1186
1359
1430
1535
1589
1718
1720
1756
1809
1835
1870
1871
1877
1905
1906
1931
2378
2385
2636
2663
2683
2703
2725
3030
3037
3332
3343
3349
3350
3354
3787
3792
3987
4206
4413
4497
4649
4789
4966
5114
5252
5924
6010
6020
6026
6580
7125
8796
9138
9785
12026
15046
15081
15174
15270
15288
15425
15574
15683
16229
16608
16726
16754
16763
17630
18139
18349
18425
19595
19943
20043
20132
20148
20189
20351
21272
21789
22128
22940
23080
23211
24530
24577
25064
25846
27337
27872
28605
30038
30148
31019
32415
32869
33349
33678
34051
34205
34300
34514
34705
34871
35013
35175
35325
35778
36505
36522
36648
36656
36667
36676
36678
36688
36814
36832
36896
36968
36971
37031
37240
37257
37475
37836
37965
38035
38075
38094
38161
38265
38387
38463
38492
38498
38526
39089
39226
39707
40324
40361
40528
40684
40899
40932
40955
40962
40968
40979
41335
41600
41950
42132
42489
42610
42966
43310
43803
43962
44098
44966
45171
45286
45913
46026
46124
46625
