92627
47126
206210
354506
43179
149633
470323
272830
367662
96353
228016
292440
465250
18352
277854
328907
204609
79455
448428
473163
488739
507160
101596
184359
380013
58690
296860
418129
175584
81175
140125
369480
356700
374165
456543
67686
128718
314897
350407
196024
298688
13455
318689
422542
40711
198
450808
247504
839
128630
330685
424753
44744
227447
164799
204710
380741
413722
303956
445996
469443
278140
460594
22852
497927
92850
145466
263869
363990
414894
471192
272010
33182
463289
69634
11215
433463
411088
37426
105422
365061
404319
218412
281918
499096
67470
343272
27742
15470
349213
386745
263969
43486
80035
233269
442819
298979
181872
162625
94311
204790
38679
314130
146955
479893
461167
491432
443236
485674
307008
392332
121180
55171
311345
120416
92713
345797
242889
419645
468503
291487
437509
447530
180887
321382
137986
102421
240713
508440
25311
193580
385051
278750
202679
353046
20245
226195
136260
402723
455312
20210
326523
378954
247316
319037
107686
282577
494300
214717
421467
33640
184473
471882
311770
474226
366557
37908
468885
195896
457682
326656
182188
322042
1025
402038
393171
188016
203215
408125
488553
185047
513676
325487
215751
155835
250500
535682
208721
404759
123223
360215
235652
204556
245649
256068
285613
19626
15162
319514
397246
411381
509856
336531
505063
177357
451105
452192
137905
28521
83153
213344
61720
360615
112195
399132
486857
147660
12527
475025
199809
380085
368905
338093
409744
303837
23320
519502
459385
235996
322719
319637
146971
166993
215602
408079
265948
428969
448496
283997
155513
12911
376041
377057
108833
497484
157818
277459
102702
418224
34055
273365
330339
497287
430948
465166
177590
498759
220622
398327
442325
474975
343333
341269
349258
14193
519600
272082
121704
88182
253125
481361
266855
454048
492312
452384
212110
533099
507584
521049
440561
441133
215936
269161
24172
52268
453933
44166
494794
222519
344335
465886
93565
306810
183262
97720
99025
471295
200151
343291
413495
76811
451564
265742
102966
52180
240987
281122
323999
351502
516790
230133
534148
145253
149955
109328
466984
39469
323859
72589
350636
199181
467321
214830
493209
380661
460307
260824
79429
403727
529601
337241
348898
640
455756
18576
379402
106486
69573
355307
163258
42697
370445
243196
24296
109921
504313
341911
237354
185790
187558
401009
98634
167716
131592
206609
80339
498188
65881
276145
125403
4701
171207
291755
122103
307641
239491
248113
285895
461328
323173
505839
380861
134936
103921
244858
417622
454000
384756
212121
69014
341585
61313
527822
304707
472239
95423
409033
135664
353777
56334
501718
353397
82531
304182
455549
263895
313184
38276
360463
367672
244656
209204
44973
515157
45926
148967
314797
57347
62537
88445
275522
45642
392262
45120
87976
114804
375648
87906
515969
418299
265427
42884
337369
466309
495946
383809
532771
99501
132009
270777
97532
484722
202731
381443
274164
120417
326815
398956
355772
69323
111809
329043
120210
84450
393328
469611
464546
139589
15948
62664
528766
13924
70378
484452
61668
208619
495736
225934
208592
529646
304995
456434
470349
300796
516584
98081
337326
223190
335448
526212
460655
314812
222447
387189
217338
121464
126818
426921
122457
38211
341501
420902
486488
368345
317926
416419
315781
263920
383776
504319
114725
283949
471636
75261
129805
26404
512928
402897
10309
267079
345273
261586
205575
454254
509971
118414
129156
162026
287302
82264
