56176
76028
457215
30590
334261
446499
350993
266799
444108
258859
325636
402916
40742
1969
212551
418564
395327
283202
342088
271447
18848
457922
338969
249432
307410
324376
105094
294485
394562
331199
83182
527039
390370
251645
511991
75474
508539
293209
244427
282438
511573
457010
177373
214795
113881
17731
258495
392777
128908
504681
318772
283593
410025
303521
280632
132168
471266
71213
397557
417088
515846
249421
11270
87478
312357
487279
158013
72294
6101
254931
249934
45471
318921
35704
207506
368212
292336
256268
468070
191326
95141
104032
248535
478645
337002
423456
315817
96873
505154
66809
107596
510926
398615
383161
394813
260048
249524
351804
499313
496798
405576
340113
452816
210904
40443
129979
300353
375315
349963
308867
16920
371771
528847
211652
333615
415839
143252
336022
400820
129789
396484
198206
368947
224471
374094
137217
397302
450663
87378
286231
386334
420947
341196
534974
843
346949
531646
520435
480182
54078
110378
461722
260447
405165
211109
322071
3566
482062
379125
187853
355254
316755
200386
205932
426216
475104
191788
165713
181997
520191
313663
340628
477097
434642
462854
84694
87975
57187
127711
159910
484192
130455
160617
86139
172636
146147
443006
517357
518932
329518
461021
484690
446090
463551
453998
126108
201861
242243
446590
439916
128782
120259
254251
111788
465240
503522
318902
187927
306577
56199
390715
188713
204469
500623
113615
86684
476973
485945
342490
529025
215975
217164
400925
175825
364598
83739
508621
430404
149843
68974
523944
413941
79844
348836
269190
280487
439507
532770
490810
533408
220605
49631
372589
340336
193445
359990
364338
518906
187025
154191
506622
173854
455755
431354
236623
85415
17012
94364
55334
20877
245441
261209
251221
365043
57860
83523
244545
385565
476219
72829
60308
283201
206689
394532
286883
245980
260291
401586
124622
268282
53567
417692
212526
112602
164172
220480
4340
506844
404899
282520
83846
124655
64371
346915
479034
512074
358133
381801
104524
216514
379707
392987
371481
67000
310719
452050
303635
174755
270735
215439
161538
203285
177871
515145
430953
115772
45679
104028
502678
79797
273527
526293
53362
394132
224284
503653
116292
360257
430594
67789
491585
438553
109459
409500
433038
311851
304879
123841
314203
371996
235322
172392
55537
153229
89154
139735
443961
451620
181122
232651
351678
385351
214176
152648
254675
461213
382996
522810
220568
182459
75499
19845
513938
97566
362506
268441
188073
77928
40234
395858
477658
478125
345787
166324
20883
908
518316
412300
377502
175356
72581
182059
367868
355954
115984
494677
477492
324552
117830
61822
263219
58509
68194
400742
359686
258009
445984
1625
103693
499030
338691
161539
232342
185841
163984
112980
449499
273269
342790
396486
318774
85159
321683
176593
252923
347453
444852
308916
187696
186475
421486
48848
357235
198068
13981
262005
161994
426156
67964
77860
303637
216240
115455
51681
214901
153511
451522
92301
13180
208413
144898
495053
139452
403049
432512
508988
215580
245629
228432
305566
249136
52096
366924
453157
425108
51855
84332
430331
524001
419018
427332
156024
308996
68684
168418
186578
520326
338346
477323
209263
26248
447881
463570
203671
473677
533431
498830
517721
315885
97979
45450
286483
232576
311216
149527
136357
216828
139915
215693
77094
100156
145495
507868
404330
14366
390389
170033
451854
107155
528403
489696
337575
212207
436883
245528
74225
514572
48293
26548
363503
230958
532594
217603
150475
314673
135963
297233
196495
522557
105702
126749
230183
166057
7142
272657
455492
372698
384652
99239
279747
510342
318872
180977
516137
261875
168994
236268
306987
146362
523534
430078
148083
159121
296064
346560
213072
394409
457147
143063
76868
65714
470894
435806
338304
53492
237317
291172
135080
181340
194478
448552
307948
383643
411331
144555
132258
455663
244057
22580
334307
286111
498777
450156
399616
146992
138223
288492
138181
1218
522806
141712
218621
253428
133038
522335
146427
231051
312765
130761
225155
401748
395205
368134
292059
373876
77906
306546
221704
524221
369250
421746
272221
133943
313850
257192
188603
238145
460919
334153
505121
4965
511807
472642
26032
76433
64923
403443
125519
506765
304357
447960
326378
196760
334869
40545
57279
480697
127754
436754
346043
135661
182187
276615
347843
258435
320249
497327
431753
66532
54985
371879
233769
496310
21484
516881
217027
321609
235867
34449
297093
342534
196131
435122
462646
393134
33728
471725
279774
166870
450633
224804
336547
513208
73729
30439
416729
285165
327801
391925
241597
295996
515661
209508
28771
403976
477807
311123
45038
336909
110038
507769
385911
304942
154144
237085
501569
47148
278345
274041
1109
328089
148805
74644
124501
116279
124596
387200
503836
217810
324469
450536
161308
20714
13113
403099
28806
287936
174953
423998
462626
32202
501203
136459
517314
327884
204658
75454
257856
39883
150093
273786
13968
302130
131139
293965
507685
150165
6607
520634
82210
115890
398779
9402
223242
357390
458831
25723
533617
274986
91895
107291
154200
400168
239519
332883
211348
320061
229331
296891
151615
366289
324668
316385
106469
363960
400091
292387
324785
139544
179582
163566
495554
22497
410063
120197
437186
3023
262113
395603
267858
299185
258352
519562
171763
35310
341895
39426
157274
221375
316255
270802
435660
489884
535782
450531
49958
270848
136435
63970
500866
459165
489104
290583
326605
513817
527142
527249
288343
236695
454649
445283
208544
466671
103912
64771
128117
341125
87677
324934
197487
134104
351683
352921
153754
446461
475966
263254
368386
60211
388233
521964
529695
449410
263513
273237
31791
261258
110328
518970
140432
268239
294064
37463
109659
332072
349173
136663
457055
353551
280400
469946
99228
72636
252814
441520
339499
162775
513280
278949
266522
326111
115020
190914
407048
317612
474211
241657
511125
87504
391773
509418
181093
530223
388454
301806
195641
39881
202154
414021
299845
345561
511469
346666
244563
352850
88671
317351
534547
116336
271747
398057
129764
349309
157691
463614
154706
47058
11695
282039
293592
276644
323186
525136
264215
462100
191903
527122
254713
242741
510873
22804
510975
192091
215591
265241
151279
528406
309960
160295
479701
386501
265650
91153
330039
524741
425587
510777
198871
187609
528816
481088
356268
182511
326011
128957
304008
118350
219512
68477
313233
417610
101040
96487
94598
39523
376469
61109
520861
398583
75323
399612
392912
287226
239982
257125
348606
468222
515234
101930
10709
387157
343140
405899
91887
385552
282271
408862
199128
319000
86794
405865
28238
172093
145023
504269
7799
397248
455480
184443
172587
269849
274767
260209
429559
92555
340358
130595
452994
324357
5362
101460
196218
224148
151191
393435
176119
529896
390229
236840
295234
152008
114112
278496
6470
187472
494295
424818
145425
511148
218526
24706
525186
522215
312744
531476
401758
220804
368551
173787
196194
390820
520551
422712
13803
201080
485820
193144
57501
345864
488263
265962
77236
28831
302366
217082
368534
184060
437627
34521
301102
87488
270567
461745
376808
85092
295508
119037
194591
324305
206373
447968
386631
301321
504142
214421
407570
33093
254501
223051
193161
315933
289333
371330
245311
184904
289904
192841
30068
462641
20274
295765
230031
417484
229826
384808
425603
414136
205850
16858
25044
378267
119976
213237
181020
158804
189670
95827
413
239136
418673
254683
315844
313277
489447
256352
320292
288077
500748
334507
448576
369183
336152
347564
198424
340808
498609
443062
127627
411926
462633
145870
170773
535929
133198
45359
188152
44610
467425
360472
326151
358767
374494
287913
229752
275150
247884
153023
378330
149092
77040
10531
17256
309753
305253
41621
230021
350930
527398
316051
178185
59091
185199
291752
287836
4479
439448
250591
13733
10334
115952
297812
309998
435689
528340
344489
44339
224750
45881
188193
307206
304218
187781
506481
234702
533319
378363
25540
441773
139025
297916
329016
158397
511994
1347
281751
375181
140683
5864
296242
199525
457513
150048
449686
462014
310951
109731
471952
255608
454749
366274
492215
168172
278664
467933
321992
345274
54199
230731
126667
72813
142520
187877
137386
382621
284286
139825
449736
193817
9952
276817
398643
174913
70142
375731
153841
204968
61928
280852
86548
458769
18774
454837
128458
218100
174847
495982
15223
49472
371334
240943
146297
501742
308355
416743
271522
448593
128633
491403
300981
104755
395880
528275
207917
199344
256445
363543
333570
334719
167229
401670
237214
276818
35651
196549
197351
200459
349121
55319
496389
211419
338502
427048
170037
85808
187350
147354
46904
241097
397283
21633
388497
457093
448364
292196
207790
111577
279070
42453
315054
134153
164580
159916
356939
54590
17591
516510
31452
120168
513937
455280
20962
102911
30201
404282
264187
234699
382253
338952
417
259909
46500
352472
207378
484304
162869
404546
318631
332284
118998
29033
526458
243933
224034
355312
494631
108060
380665
144623
23188
446907
130364
167166
286641
344885
468442
9081
304449
482293
483388
436407
57237
275884
163197
355451
78019
443468
340341
413075
463618
48646
446018
53577
286822
422338
136188
387160
186662
323496
191593
23907
73547
346932
369029
436436
306200
362199
260573
180519
136427
371386
70318
403988
40096
210808
175873
491896
129904
23525
264728
514729
400332
241630
465896
515346
247953
73926
305950
512466
51089
489855
401281
250528
438230
220579
166894
323725
392650
362894
431857
231277
204379
231225
295848
192332
202683
151352
493649
6979
23900
378759
21787
355259
58069
441681
97679
489352
35924
17068
154068
535969
433855
312586
331081
269817
366804
166478
414616
441731
206265
51835
170276
313887
342455
226180
264706
146515
409652
74486
20549
504372
209770
258468
498635
58346
238615
140130
125587
442381
10227
443387
210569
7742
50215
517994
487807
199045
38449
418529
449090
375219
247993
11105
490772
94296
86475
242245
206617
45753
214408
31314
520409
21540
61004
353632
118796
30624
20669
386441
153418
499467
246435
350756
178543
153044
249120
381815
291582
295173
290924
269652
295987
504261
331039
140597
233487
155585
515567
159718
436356
292311
389389
499229
285926
81635
340620
492027
419514
382215
339390
490843
12427
15180
172601
335423
288001
447013
160645
314420
8787
219856
354595
459951
315793
519688
378641
229311
178170
116137
162275
67309
307473
58167
99692
127342
312377
59670
6895
142796
203581
452604
330903
76017
178575
348370
217697
512623
94173
194047
254663
267515
252590
245143
135149
518437
387042
383630
172085
415222
503770
243991
124098
146744
87353
161985
288756
300952
207148
529553
327295
337705
335771
13960
204637
408077
161507
61444
31006
242491
316139
492017
277566
511828
131628
157047
188623
101821
279495
92996
487888
261973
321404
93232
119433
210452
14491
354334
522207
274966
398829
237179
99120
320233
450982
132447
201111
153403
121812
504221
521681
366742
409055
151673
147128
284460
48198
357414
329839
69679
136471
414604
270122
133654
81982
456052
321063
102273
461628
241010
177726
203394
329625
335710
188533
174521
152377
480777
122515
285545
417666
82192
431691
480490
195862
294686
205091
420343
194599
464456
212825
30806
266838
525414
123348
344722
509251
203660
511062
145863
495621
34316
307011
43986
161438
91198
256350
363868
229741
407529
440106
455679
426482
223483
2097
414558
519501
95895
266454
359101
248355
289340
406844
198497
418711
503362
295594
339023
34225
253913
416174
335824
203271
6903
449588
414954
271144
132481
338300
453412
491862
219969
187333
400539
282087
272339
522999
515005
225924
108561
343913
215119
492319
257276
475124
403122
288920
464465
324476
42757
97333
460059
19448
211713
506101
9409
167155
344255
437530
483317
486737
4179
66344
143254
326877
466096
282274
253867
293618
487583
304336
255522
16303
167323
122992
125520
366504
375095
223572
400383
53193
262302
28297
160906
334304
184610
405810
77905
421935
348366
338970
355430
355542
472417
331392
183245
480002
285336
157714
156374
20121
35598
145504
114170
268390
226817
245295
460971
385471
436301
488978
114838
402571
269659
196052
376914
354819
209787
153146
316969
309722
207653
279323
385885
318219
461536
99675
269052
301572
281266
187819
458320
53066
465309
317663
479114
65761
330786
382355
454527
245144
201759
254460
13426
305153
353623
53512
264060
368356
469419
331354
411675
92347
462208
382210
349906
459056
523442
36309
279762
208680
268375
292203
56704
527283
17888
523158
313647
470301
376153
158367
233912
260828
183125
83826
26399
524363
534250
308203
428476
382290
168210
126223
358393
147115
235168
159934
276324
157630
128027
406358
34828
485703
416478
230980
337901
456231
516604
440443
386376
219678
320344
138213
159359
417573
442943
378112
429034
188988
469996
36260
272073
305960
509199
435208
294975
354804
24259
148413
344852
508646
322780
32956
151137
421958
25285
207806
193364
478460
251647
113965
169332
298907
417579
228129
398153
449331
340270
15310
91245
456934
397549
47155
88885
101407
477064
103409
338279
334285
72261
286364
125232
449738
431007
364724
534518
248823
447010
362939
428881
406708
208332
186819
356520
375627
252424
272727
21054
109425
459719
343211
187399
407279
349630
316850
503329
190717
155799
328040
381537
275010
301068
161817
149336
256479
189451
56982
215717
442289
299846
497634
171985
64623
90925
479346
358684
210494
352632
516768
108236
485706
205445
210076
420353
332023
241682
300269
215726
43987
480333
327775
468671
520612
387928
107653
24075
402881
515332
338915
232951
233735
340701
498556
327671
244785
272829
97472
468118
172998
36619
110129
415198
76367
24806
48761
44411
42111
325595
307396
78141
185283
412781
30332
171397
138390
395787
73628
284093
288143
368324
273119
448091
434662
384595
417160
152328
466247
259485
315466
185707
97239
431595
229978
387289
352955
462600
157547
420355
83151
106821
21194
21133
135778
52373
337365
475306
443163
277538
317262
211395
475931
461346
321012
44519
284814
496432
160996
286468
266724
293612
436489
224010
3867
530496
270690
466483
500150
119697
68985
190286
418067
390579
169945
230649
236007
2219
345097
435685
244540
107076
530147
508426
424811
286034
249125
417253
55119
66889
392717
26034
294340
285934
475213
91782
11343
531831
500260
520590
454489
473742
22924
447737
370296
511003
227881
405045
330488
70505
164600
481861
141178
367441
23501
306897
464084
332615
503992
117122
95513
317981
530323
484489
124761
515889
398800
425511
202902
84131
174405
359596
486268
412356
75983
388645
160666
309794
233219
394034
360986
511098
394483
83866
108854
534435
461534
485754
229328
272106
379336
221990
479717
130159
75952
171712
210893
503495
124317
250739
94565
386365
33535
89665
420435
439937
406568
104218
282897
403737
412375
319453
455795
436296
280228
252609
130217
106446
103718
118307
258389
289940
79544
411872
484144
451518
68782
487287
174763
447209
524154
275968
405720
332215
263647
347015
220228
528252
455698
257482
195368
372313
360323
443565
150885
82390
368638
186905
134198
69253
261360
239477
165222
497974
42730
119030
425569
527717
15062
415794
220639
329675
46063
383176
311542
509209
260444
383398
418107
249775
91073
119789
76902
452012
406416
396818
510776
280799
11919
525383
534106
33067
377009
113348
509640
229200
6811
45110
275745
176133
249701
449951
469593
201009
455614
111739
198069
221322
92350
221388
65431
319632
125308
434946
257830
373336
40683
438622
100569
195336
294014
423265
19325
408484
414488
174300
53942
175937
183304
94771
411160
123236
370123
268307
358998
272446
260473
51351
390772
500480
65090
245779
279450
143508
283676
299085
524997
225307
449432
516660
493494
199727
482882
489661
390051
217021
205327
288366
22099
102026
409783
30891
13425
200029
293509
338323
260148
445177
50734
427252
61281
199613
333095
145397
44831
312946
434709
303488
471228
313910
381393
135165
342983
30916
398094
6646
289702
255901
188389
266363
155621
45257
75558
511220
299512
441621
513460
54381
55574
396766
398164
95191
467403
283244
50944
397391
363645
529961
393032
75169
338747
245767
99242
452655
506984
32400
165449
401232
166250
104440
92866
441972
435143
487563
110671
114633
331647
41787
86386
77417
380860
464836
297980
439506
467484
174162
130730
373531
524939
174468
373016
57400
230340
123003
495518
270602
191535
516468
423636
373593
277300
388493
434906
76618
55144
50731
124433
321922
172058
464787
76233
496343
273658
224389
155552
494925
441440
175083
17922
173248
461888
118750
233657
391839
239037
92814
337098
258967
54747
153346
32256
349550
16377
147376
278856
303037
84581
143579
92588
84657
351379
427434
240067
254804
240906
472293
520295
201964
142336
291159
200120
158030
356450
356394
183758
501478
419425
16327
280045
480466
333154
430351
218260
392322
318146
45572
503687
199818
488379
501464
417759
90569
340070
255580
412138
200751
118174
321671
140730
397298
189526
225961
42551
250362
350223
253364
437981
327922
37257
365385
486387
127399
411292
49413
98266
490117
35097
324413
210572
376169
68898
471347
132060
233936
156320
210810
487805
475561
238622
276290
202398
425432
345721
532151
258337
506793
376453
196895
197001
508086
161893
98606
40999
276645
118681
56547
393054
206714
216789
77378
188146
97168
520868
517103
188922
132653
354020
297130
362100
305507
245593
496225
200200
378539
141667
191001
292935
3434
225578
39914
65027
295888
387235
298289
250224
412540
65211
90384
64445
290673
144799
496167
468350
136063
44645
200394
101370
108124
126600
150512
45393
338374
378701
524236
524091
98236
518510
498211
399984
410790
241075
463513
289424
349971
103247
411948
294823
507324
158089
299300
534116
496799
361927
506987
126756
218119
154514
172826
21727
159661
218130
407976
198981
235641
421339
189895
201874
167404
77363
183657
154422
317897
302636
285595
151142
318311
61309
495495
285366
20531
309407
311115
168048
525474
289238
134386
158243
467397
274441
119917
84589
23398
461694
308258
145953
48529
366666
277432
118376
281936
147915
208900
81954
432994
409011
398584
410492
407869
265339
204953
140493
49827
425348
223455
132227
498762
33782
357131
511037
271145
189047
484825
247118
284733
110454
259659
444069
12326
128173
533731
220462
344105
56456
171915
136983
334411
168197
337703
68962
253185
240249
53869
185615
218981
377999
118870
379150
514120
81774
484447
82511
329927
416823
190180
450330
172514
119101
115186
512494
339714
39097
368702
516190
292136
55571
300308
479061
500331
241654
168766
300058
515883
147162
442567
44074
472058
178486
526674
486244
158816
88002
63819
28245
425534
88126
483355
273086
307254
294119
89594
43190
55420
6626
242802
436344
179330
19890
289083
338443
44588
2120
210975
439350
225206
392542
140877
111106
166650
361126
112828
13888
86388
240636
516181
189255
271205
246874
272355
327355
34743
241170
262692
140369
223148
285784
384555
174402
361164
437354
303016
76407
344652
339986
316503
265603
417833
290429
250482
65968
50871
159501
120215
357844
432703
434012
317896
4621
35663
146635
168791
445475
103709
284059
18881
201450
188391
132457
323641
32194
431027
532409
215689
373693
364721
291588
509985
384500
267812
472974
105176
376084
388035
253866
492941
50011
115648
48904
275839
415349
406460
472271
108492
359439
340121
278265
308162
32599
133454
349805
368665
331065
395780
229547
434171
275579
126546
12213
168049
414664
244313
64630
292600
465932
515791
325751
375211
194486
193842
200646
412177
498049
446804
415053
83875
63155
199007
330896
56457
267324
125575
90124
452992
11986
100925
85734
78465
454088
269623
294066
364303
314506
358290
54817
488444
44457
165421
200612
254810
173436
402905
497228
91787
187393
26514
526292
224632
90947
327477
42023
335580
80450
257949
82500
533676
453446
305145
184137
217430
378500
383745
111396
94513
325407
73182
442638
96875
86384
74248
116561
362768
311205
404519
524945
474083
51606
375957
462974
46379
19144
462737
443712
199515
425335
241944
407690
96572
310817
28432
166624
120926
111719
418111
490969
199702
380569
37828
57922
355073
155077
43168
523783
331441
383185
298780
393197
299519
357231
511430
376091
346160
97374
268459
311495
41340
295022
526555
24305
85418
348213
6338
212634
469522
36831
27585
41542
450319
163468
457081
401764
6396
108952
464551
369987
279280
253508
15704
470643
332538
358863
327852
103239
335531
187287
411190
340699
391332
29283
484363
396274
57435
148515
399039
90566
304753
9500
333634
314387
492289
349409
372602
48564
90800
249758
100206
441761
384840
524195
450204
385745
489506
217933
347815
339576
469617
266183
97101
262577
369663
386020
12715
418272
531369
23663
39955
176047
161415
3938
147267
395286
332904
199401
35095
291543
484920
122469
441153
379966
175202
134814
303796
357282
453858
190245
151369
331449
14383
67583
396384
418540
155239
478962
27902
255357
80124
47115
48882
415392
206432
404707
268436
63705
342650
328287
249396
276223
446503
514165
302935
102175
384801
347569
165096
204432
74763
81054
117429
365117
182719
201052
256536
106530
473301
304643
427004
115538
164343
89982
501189
455082
201141
164947
54970
456470
385418
293329
83719
475651
116917
477514
504716
208493
176668
100756
370820
44754
54316
24268
492211
498842
466959
96436
106892
256982
311122
324754
181496
265532
243564
195180
438209
60146
373390
108356
155313
275417
266071
180172
190889
315758
259133
389880
522888
300442
142934
293304
118211
43341
79317
529614
487738
315792
360625
341335
457976
89914
136324
11388
530717
69489
431378
92411
161272
173342
488071
134910
404857
223558
317396
98014
520606
297867
159446
392213
454398
530128
329261
93878
261143
17679
152131
463227
467689
328378
226885
266174
110021
500110
391195
194076
298238
419472
397847
117297
425033
452445
279203
186356
355515
3820
269297
142369
20107
119456
488986
523957
253821
302014
404331
227347
210004
41056
90684
382867
195018
77788
372385
27763
397717
313211
296309
181041
384446
118016
364740
66636
459706
400104
423244
91354
363306
156668
360269
240511
93795
468264
290416
347555
454080
296508
225672
307400
296385
370240
173150
163759
150608
461482
439475
293639
289889
347558
247364
29279
148134
261990
124573
87980
57578
441676
272250
433239
474892
335401
435531
417664
375846
316650
440310
519587
58822
154681
533309
325354
229839
271301
204366
177860
221958
159070
72228
514433
319559
191195
408367
329922
444734
390069
242604
65932
220727
391543
158668
21199
10186
459868
244056
444019
341632
420242
174892
510656
32142
254048
98853
535285
493782
476392
146352
61291
454985
226912
58952
135462
531157
149828
238922
504068
138336
95093
368392
453138
43591
369011
352853
226640
36235
89156
383704
36945
325370
338720
278378
291577
445989
357494
302867
303088
367492
467884
254544
79526
122903
352887
215205
77761
240379
205929
479358
487000
58734
134363
145336
370786
507526
438362
224610
79215
77208
3136
132252
504188
283000
514246
342452
348364
364369
229035
403457
280540
355680
534859
273856
37605
74983
254819
7138
477770
512228
27353
419135
430266
34485
449128
275620
29547
366936
130053
326055
474687
261627
325494
437790
150204
88897
477668
29090
56876
26006
45348
258428
14189
476921
492366
391978
503488
144998
410350
295802
69868
153012
44642
399760
487243
441062
458499
527177
430013
179946
228616
232703
14274
149632
481604
478809
454821
166409
309457
94753
27087
261983
396137
232503
222307
98156
412952
109
157839
12768
350488
487464
280220
227892
383330
334463
485003
383349
370364
331733
409223
154398
272241
256088
479008
340437
471282
243485
146191
301945
404641
53620
520781
416443
69127
504170
391440
387332
249756
522032
8572
497693
312184
55441
199164
3098
265691
333335
242012
46348
245153
156342
505969
61140
444918
426555
82126
515867
468901
457071
98517
324470
134347
110238
487093
189374
305510
418042
461010
144507
1665
42821
158551
3472
53488
305642
185894
253440
438904
517205
370396
416401
114813
24357
1634
532518
201160
509662
501193
503454
432520
365379
527019
533550
193935
322332
81744
380779
399050
429819
386996
230911
148503
506458
248473
150039
387456
197908
185549
221241
367516
359015
355455
304369
430231
65059
107798
324001
267112
505687
180853
316930
402751
527520
356797
533072
501640
510468
441011
458252
183177
439332
476105
301079
375044
248207
460955
422791
182504
105018
375491
498825
150268
276298
195491
501723
368746
1776
34873
93785
290697
65665
62981
512856
356390
190529
498468
167432
531722
47374
504155
208527
311172
255606
130548
121103
91385
192369
165013
380193
369056
459493
285266
75250
261231
151070
421512
504765
296960
373485
206464
23490
522856
325844
97102
423430
479992
160091
349636
153737
444420
101242
385172
287484
304359
195126
249607
244307
266509
425556
416311
408919
82714
238042
198257
218776
90780
343665
405363
20315
296256
250299
408861
409115
35348
53042
89577
286264
226379
18029
39188
256648
99411
508661
216369
251686
357744
399298
192753
78792
494311
206912
68583
138365
283380
524172
235814
427576
446819
273772
96936
489491
126237
252020
497011
234798
369323
517711
476202
89705
235108
354926
152933
410949
221556
495659
437676
62480
170976
18579
32807
157669
46505
351625
442460
350684
466768
376089
395962
510549
176834
124325
176806
425119
44706
199074
491920
433161
192624
173249
181034
114212
404381
510993
343651
198856
392296
183898
458317
198342
86626
329508
179555
32853
447204
368778
300286
181038
135001
48995
519
319326
262296
212488
513078
292479
508678
357184
425961
337701
209619
358403
91668
293290
406166
73853
264942
521210
234582
103288
183651
58454
171219
222481
389747
10789
140769
494525
530252
251979
178098
40251
186108
301939
442516
386676
15067
100060
411228
112095
216855
527290
91361
75237
215231
173451
215929
460402
232082
363614
42223
411195
194932
377673
282697
246331
333312
437735
77703
301355
43419
39391
483103
299976
533384
225917
237488
54466
153172
342168
268261
19116
58226
345996
363744
244979
72698
84922
92826
119827
260797
173467
337733
104226
72093
220822
276306
301727
498346
367759
211766
320740
228228
277607
136322
359795
175987
507647
482851
275359
236290
518387
518293
154161
213
460299
474146
154004
349619
66061
257011
518848
152903
362551
160116
284903
495952
130307
406077
217156
49044
507042
249589
509003
534292
92676
160764
203984
115544
74162
192225
159614
225819
119081
138174
29643
357891
305390
487927
4183
307965
496319
22352
39184
35112
499727
257364
59720
249037
283951
296158
320519
531839
325745
246177
425592
136561
246825
213884
503730
97840
339880
126075
219590
208462
94948
183816
335984
72826
435993
324254
151348
45025
452996
235141
126290
182220
477712
418860
255931
419402
498855
125882
277585
39524
411900
242362
185408
502362
372765
394594
270338
324781
290974
26627
495084
437793
349572
116964
19245
498452
274210
240199
421225
13196
255692
14585
494519
52665
253137
526907
96808
159890
394516
345250
252220
63016
214150
419350
8329
482707
405350
230371
208551
459225
60674
270357
479376
236688
294428
446300
217913
451895
186524
248396
70455
246187
522997
459206
444137
160897
426631
17276
447217
142720
229325
3289
141246
421517
433350
48030
421841
51883
158558
274219
207047
471453
80289
96771
348722
438540
482854
68398
416423
350717
198505
475103
16541
62993
92812
40678
396216
431673
62126
83143
174898
207017
177362
67827
128720
71350
174656
9744
145989
482184
261074
227324
60990
438607
183660
303725
448584
355336
49594
498639
498538
475429
481648
529066
326888
211185
444900
190545
182124
372764
38078
253876
364453
256569
344199
269449
189303
29955
109509
444899
425308
491014
428045
337654
124647
175497
475354
152084
198115
507022
219799
458667
457188
400972
519386
129418
496440
391708
89701
499472
465705
503669
434741
102821
529748
290250
46336
353250
41665
85824
242158
186186
149515
246261
390572
513927
340959
372356
174709
462429
334776
391598
474359
243344
97199
373535
301663
240143
162528
444367
55360
412275
418359
516361
427021
491861
227036
427166
366670
351461
370641
395055
527067
118502
172175
401402
159053
285436
383472
268139
80804
254186
474845
141796
416842
252655
466881
256485
439883
510369
93884
419109
416867
96729
54511
109515
322041
432638
70035
412472
155910
108915
430556
288405
326165
431314
63909
185100
467044
398211
426366
489375
481945
112727
514751
264836
442661
498254
293970
525547
155153
145666
465689
16066
372281
140025
44501
38556
217707
426443
508216
445887
23629
192042
71636
91117
462347
458238
288029
430244
145175
132492
389987
130778
99781
440521
50721
438191
464283
172344
73442
520585
368658
356645
493837
399175
306850
43679
166631
398381
420266
487265
469810
213960
473476
301105
379670
204242
29730
331270
64188
285694
164559
159213
409808
522613
508870
289693
18600
187700
227633
432754
256637
415391
468862
125418
237219
160035
345490
470868
43095
85672
423154
332069
324263
129431
389351
183298
261664
189861
318502
531567
103708
170459
195988
194429
407312
471091
521707
345612
409582
444704
85820
438146
238651
6343
410423
458935
181641
343884
444945
79066
210853
522264
291080
330465
124126
32649
240927
207111
484393
228813
212840
168605
475295
343055
417714
494819
8274
352618
284373
260866
255397
496262
89100
80486
183018
472799
359957
80412
219757
498393
502390
83460
333994
104045
318991
88219
260164
203763
130459
377013
177452
520830
243315
462773
156954
426548
524886
125311
199999
124923
58185
431700
158917
465996
2608
219972
42073
3316
295225
362963
530008
229506
471519
308537
265825
326567
513913
366646
146718
466857
27372
31256
392030
115689
417145
64882
532477
514380
528808
176623
359665
217916
47650
74161
204671
346124
92665
483471
448592
157006
393705
199134
418836
321231
196462
406972
274874
475560
488735
328349
19080
369956
357080
120430
485388
422155
496314
361121
313005
252083
182433
84233
152469
92263
390478
148680
328932
172087
496461
101806
321479
190247
428562
94943
120994
299157
310721
311312
475486
140545
391178
187868
71774
97858
376253
415913
450608
163187
315164
136938
206540
454586
294508
517183
41010
165459
110743
143231
309798
497644
352736
493641
251398
215626
447701
454026
237212
284951
514023
259483
230879
197830
523259
531879
260467
193320
320515
339891
84111
184860
108629
189106
279342
252495
134877
22684
127574
469012
221262
306730
285557
72643
387197
63320
207862
278893
170083
308372
31939
349291
325078
212215
257255
375048
120897
429852
494336
127641
139663
86607
300556
379410
408416
530826
85492
2438
261030
443567
15482
218899
329616
485628
426450
47464
462376
142221
479622
113909
313497
67322
192787
248130
91082
170784
494328
240903
530782
74264
79557
220003
106498
268674
523159
399247
129211
523025
446494
432204
449670
361619
107807
393928
478932
23251
417302
208673
443751
127030
196559
238488
167860
428542
85539
425508
24330
464021
297762
495015
351939
183610
98218
175718
473643
385585
272875
435088
480605
369811
447642
460476
25561
90090
351781
386405
343110
380943
142747
223647
501419
3581
42050
187778
527443
354960
282200
179530
203055
499778
142328
194192
505410
80987
250454
474129
421536
217448
271896
58353
272966
62407
96357
500117
85806
184075
400423
449840
309229
359341
127673
43187
489912
330172
454712
118514
327900
179592
423090
261806
128051
387362
362479
494904
28611
401151
445496
446984
503860
252973
169042
447821
364813
435592
439032
37724
343728
472775
521596
438475
74567
403827
12279
144821
112456
10250
143929
138404
230964
14823
468927
212748
262008
432669
495776
102945
73712
74456
436649
430146
446512
303391
147539
142109
244299
354
139978
457971
310423
312866
369120
335030
100237
127604
373301
109015
147110
490538
51668
530571
89495
269054
49545
330817
420249
264423
177508
493130
28356
19682
140466
159441
71662
71274
335744
318091
212548
461011
514359
434039
328576
303760
53540
253094
284241
525424
318372
24819
249946
52378
263411
427199
498726
503617
96909
189656
264090
46295
151782
400106
325024
11965
248247
152046
190834
369971
184899
353334
167765
376106
40052
61512
286520
424851
159866
286581
429159
203619
20503
492872
453947
254433
136108
355548
368011
533479
12823
354427
215352
482801
271391
236495
287987
485856
508311
350945
299564
496540
45845
427945
34878
479556
453008
502885
153431
518085
459032
273456
160928
449963
113691
113079
85311
357521
516892
477246
213809
12188
6822
99208
223686
140718
277110
193340
198147
190385
351472
503600
142944
306125
361667
414612
223157
235318
255144
288401
518228
170419
41001
515902
76150
313522
336454
29828
481625
246567
58140
202665
291591
396432
470914
81084
246986
188880
249332
66375
436897
104887
42808
390874
363987
484501
266021
461302
245692
137942
241426
57685
104019
274710
310526
235564
30920
342122
479107
173398
507847
353514
396628
104717
426601
448196
388570
40671
521866
159219
323604
238237
21111
388102
469740
439209
137218
63144
460266
525529
457564
463091
303460
201727
255081
530640
306535
395416
58257
173541
461962
213958
204582
475141
68752
403992
85644
80407
103777
529971
66457
73687
113381
64319
149962
304508
149824
295042
242796
512577
250401
524691
129690
141891
466135
455669
255936
158205
476140
255424
396546
44818
488357
6268
381693
239041
514048
144932
151342
453949
200886
77529
284043
338059
446543
105939
404213
236167
12012
257074
269565
527285
249133
513692
115840
308330
390224
313031
496173
209318
501622
376474
287096
32347
340949
80152
155606
116282
80996
364751
50555
295915
475162
212113
26950
14243
327600
141401
22886
334757
317934
248633
495243
367042
397527
319776
436464
517274
50122
429236
380492
330574
412691
15083
366235
244512
461468
89501
185093
77583
326239
49488
459492
163253
344773
510519
148578
161710
442949
138854
456659
470156
483743
46563
83679
505412
211784
103170
181467
182126
220393
176315
476570
391761
293837
495329
517526
257308
478594
351433
86632
158939
138925
458502
2409
240014
346989
334603
27677
63734
383765
394745
369607
28266
147152
74838
247393
480502
373761
306827
104289
346582
47903
280087
274230
195457
189564
462986
97640
271683
486194
390822
276212
506389
350617
150514
327403
149867
317599
54646
503659
68126
121437
459091
476735
298263
506741
450560
245447
352263
330612
378175
124038
54315
294201
388171
319994
155623
457072
281570
396168
521315
168988
307895
474717
429914
115918
526129
11480
257396
218440
266663
242014
263867
291723
514182
362557
125046
122003
291896
75985
201986
227693
21783
361688
35698
134427
454037
324445
186452
100064
445008
245670
266040
483238
