24660
25154
30162
15979
11967
25528
44586
23255
49299
30293
44007
35848
33247
20503
5855
4879
1275
5460
2138
39822
40591
37363
7909
0
41472
27523
44080
37870
3368
22784
5206
41203
41955
36085
17482
23249
47108
19970
7614
19885
19206
31528
31913
17083
43364
33958
39817
51465
35219
14897
44439
33838
37351
50033
9602
2907
31025
1497
38390
32322
11100
28801
21287
46128
34841
1257
41097
7327
20035
47577
45213
27471
50163
50284
35369
48609
22831
21975
17203
14939
27569
44180
34531
15819
40704
17612
527
22135
10064
38236
8241
31292
21105
3199
11584
35785
40875
21514
20302
20166
47050
51616
36524
8651
3771
18415
43988
46568
30498
17707
32243
12535
25901
7050
1111
13241
14838
3217
30143
36099
35578
39728
44515
9074
35834
31494
29815
27949
51296
26201
766
14154
41254
40371
3692
45419
36545
49812
41351
34010
3082
14751
12698
21692
28764
27174
36839
37455
22848
29419
18469
4728
47573
23027
34054
15910
24021
29991
44754
5473
36674
17521
47160
7762
44431
6479
26971
45168
32986
11678
14171
6181
22667
44327
34542
27030
38352
21658
23424
44742
51060
21257
9959
35164
5377
12566
16415
51326
11740
5874
14549
51634
4592
30039
39010
19306
43767
14846
26280
26544
31927
5819
36864
24380
33513
31572
8160
3440
14769
33942
33072
39486
34753
41530
29930
34840
9762
437
22776
2972
34817
45273
51515
9113
37179
45672
6537
3622
18602
20453
14053
34792
39006
32332
37149
17462
42278
23444
10470
42949
51087
17713
17322
23977
44185
44069
2415
6265
22671
4165
508
2949
44574
24186
14724
2453
25951
20523
27866
6252
8011
35474
19069
37111
44786
12211
30342
40045
51315
4355
35808
14191
37336
37112
46122
5501
9806
32468
44886
8980
39161
31845
21474
37020
15617
48327
35305
11466
44071
30023
13596
8566
37341
8613
29447
37547
29072
37910
9027
45302
33077
25778
39504
8042
47023
16432
39055
23213
38837
29984
45092
14339
37666
10030
20787
28276
13417
38057
13310
42806
26878
39582
31765
34498
17120
44015
42895
41932
38640
44261
8727
48266
17822
24572
11965
7059
17719
9139
25043
14379
37679
12218
35755
15304
48602
8169
25320
39215
25855
15439
40232
13246
25192
38815
39352
12845
9329
18632
30380
12738
22238
7915
37110
8585
18905
20646
30096
4065
13496
3471
24705
18082
23919
3196
51011
41632
1773
4612
13749
34078
22350
11923
42381
21406
43404
18173
46800
4312
49339
19394
51509
28910
36702
6524
30715
6244
9126
40647
15621
23454
24776
48631
15194
48961
30889
44447
24641
27840
39271
22925
12836
853
13000
33033
27898
13867
533
48288
5385
36188
19800
46539
19688
2404
6814
27332
23588
11770
48991
4980
16975
34016
15128
26602
12580
45760
16618
47516
31469
16095
1402
17534
1132
33858
8111
26845
38638
34608
4661
34818
41211
50375
15022
29218
43671
29394
48271
3170
30623
36217
10257
38891
38909
4768
41731
36363
42901
330
49519
41234
20894
2822
46519
44651
15855
25900
479
6476
1870
6883
31696
26274
36739
4069
45332
17247
47712
33810
8499
26375
35977
12071
17323
39373
48662
30663
29740
8382
49918
10304
3842
17061
27331
40484
34937
46030
47943
1517
21783
28988
38402
31543
182
7566
10456
46506
13703
36509
2462
24354
442
38534
19215
32020
51512
28770
46954
37409
42988
22832
48907
38017
5805
35878
2706
19176
1160
22384
34088
45766
24933
17674
28949
31484
14075
21214
50481
34071
47155
3844
36107
9731
27211
10655
42590
25607
2946
14972
7697
2618
20060
42969
2456
12895
44265
44955
37076
35671
32390
43931
12200
51534
40299
7526
33993
8643
37845
27594
47544
22729
39739
1843
16033
40524
19175
44547
2590
2996
33650
26462
14806
43559
10184
36196
26036
13818
36765
40072
43410
41892
28028
28892
28127
24192
2059
20122
23107
6549
14799
49582
48300
15799
39086
50535
22084
13282
26836
11839
50998
45794
26793
7332
22346
2812
44355
19071
9533
26007
14852
38020
14196
13891
49915
10813
6398
43813
11313
51082
26120
16464
19351
27013
23551
8230
33055
5614
9942
43667
25700
29478
34919
438
3770
24710
25133
19008
25782
4773
15863
47705
3641
90
26072
27141
32079
39833
5688
47481
8273
34301
6354
35508
27874
41512
21919
9974
19696
2668
43270
22533
28483
51085
24096
5184
33745
18991
5611
27542
27527
9287
43703
50062
39390
42236
39652
100
29159
42455
34989
46114
23217
7508
9719
8134
24524
20141
45145
34581
29855
15108
37330
7627
27588
451
47250
36689
22288
32162
4949
43193
42139
31259
37789
4101
17181
20729
43418
22275
21770
39885
51607
35123
39379
31807
19155
44209
27810
22096
46639
44983
16004
34957
16939
50148
16940
38862
2277
6417
2412
28104
9836
14209
3749
11727
6378
6490
34738
480
51036
20675
41710
10991
28851
31782
5990
41655
30784
19053
9883
29601
48336
42941
34962
15376
23675
39495
14749
25569
45626
27031
3563
41733
28902
23347
37184
25858
39937
50527
43116
12298
16423
4085
32025
32866
40434
49100
37613
9067
12426
11008
952
578
50709
20748
20189
31663
30178
6467
48947
36740
42835
11308
41474
36675
16214
284
27274
5575
13837
30148
13912
42885
37882
23256
50213
37975
14593
24983
31006
45576
28152
42380
39385
26491
31347
33475
30181
25861
130
39045
18918
10022
44475
47627
36205
47564
5481
33984
24115
12509
5307
14685
42319
11550
50962
37893
38044
48955
26278
48841
14473
23141
18005
19752
33447
24582
14581
33288
37745
12632
40148
19994
43173
33596
40835
23461
13052
48476
1464
30557
26647
26766
28887
34956
10342
42478
35721
6033
8752
45253
31183
32284
43247
47156
22936
6969
14619
46818
23082
29488
7201
39500
29085
17291
31352
46600
22166
18645
21800
30449
32309
38463
44115
6898
31781
36267
25866
25696
43373
8398
14658
31894
9812
36343
43460
33011
38198
8972
14532
32295
2104
41972
38110
26145
21551
2970
22976
10335
22757
40675
31273
16503
36220
19426
45812
32217
33739
3010
9780
6868
48658
15600
36729
47857
8867
8165
41055
1822
8935
35718
43891
12066
21008
18419
19399
46705
3260
6214
35466
9003
27078
44753
17873
376
16648
4007
29259
47396
28888
34948
24236
594
29760
23573
42422
11848
37312
15948
11306
19274
26409
38833
12285
32787
33730
36520
50455
39966
7967
37202
