13860
37177
17043
49152
25214
5925
36725
50161
13931
6270
51339
50620
18901
46805
22370
17147
24607
6136
25945
17361
5798
32967
40038
35345
6647
7932
51168
10427
30881
5824
15154
41296
47634
7918
36122
37663
39589
32455
34603
1936
15029
1139
21784
363
9749
28924
32703
25990
37242
2650
44440
31151
39262
28882
13747
22538
36554
20855
3279
34489
11757
18454
19302
28823
49951
47734
19309
10045
8982
23431
20599
4909
30690
51167
8738
46949
3344
14911
13746
3531
19211
27318
34290
20674
13940
24792
1857
24679
28796
17699
25396
9938
49551
13679
30224
48360
40538
29867
338
30048
39870
13748
5985
33725
44108
15190
46258
19834
563
31368
14038
18951
35773
34885
38860
28356
40001
4596
33772
22211
50277
4563
29661
30762
20645
29318
30858
14069
39414
39925
26022
41227
16244
50685
2525
44746
28182
13347
31382
3402
13794
2372
32549
20893
47189
35725
255
6363
50782
22997
2313
39975
49544
42923
6492
10491
1387
37938
11689
18518
13535
26091
116
41515
21446
46613
48184
46393
25908
22735
20093
44626
47054
15223
51272
33340
9403
19578
36779
44240
47280
21597
19505
41256
21320
16226
7260
47382
41832
22669
36933
39566
39147
40053
11080
2959
8756
25532
34178
41665
1107
50003
29734
33825
20897
17547
42123
21069
8254
28454
3012
1910
41297
45214
17874
39094
47294
12503
28409
2455
39517
25779
30305
41562
2240
25655
38369
3164
44027
44402
6962
1880
30394
42776
24808
48910
26856
24942
30796
50856
41660
4825
13503
31220
39133
11858
513
9854
48657
19297
44429
43327
22682
49718
15797
28747
48944
4552
35694
6147
25108
24845
16109
51367
33835
27882
37272
40493
12092
43308
40010
4580
29208
46185
40977
50211
32817
29611
32669
25480
24034
12771
38731
23191
6905
5070
34424
10048
44277
38075
18329
42134
1221
44288
35142
39091
25523
48588
34289
37878
41870
32822
44404
48243
13908
48748
34385
4064
49350
20225
12519
28328
30281
11473
38370
35516
13157
6021
19575
32968
20518
26198
16327
12427
42767
33293
46123
43032
21709
1657
25319
29994
29783
43446
8528
268
14144
37212
16747
50365
43136
17438
6619
33399
38491
24648
11861
37070
18738
46132
32518
40435
8723
51652
30355
35166
35404
13604
25481
14964
9663
9825
4703
6602
2399
49316
15178
45950
4363
34685
23287
34836
48205
18858
45444
14738
10320
32852
30082
12505
25721
39309
48759
3690
32188
48060
13137
26917
46565
10660
39066
31325
12383
35451
3614
17993
15944
31949
21305
15180
40803
20095
4145
25169
43616
18096
29936
39601
42384
5309
35014
47591
40948
30204
50575
35711
48753
25123
233
41065
38329
30984
41526
41772
11243
46278
17702
41753
48466
44255
3146
7445
5449
35405
23207
21472
24427
8940
15309
39178
39972
29609
4446
15854
43959
2726
16028
2659
8530
14142
34179
36741
34872
3050
51500
44907
19127
46708
7817
27623
16604
20017
42686
15984
23592
33073
42827
21050
49294
33028
31472
37404
49395
218
33976
49399
22270
7610
51605
112
27570
22472
5976
11493
9848
26271
12159
23328
25262
4957
40581
10692
18876
20835
20725
49827
51411
20823
43388
48503
25841
19520
15365
11755
40309
15896
41028
18200
22094
13558
33306
517
50665
51606
16699
8127
43930
12707
35354
15554
26963
15598
43199
2133
36711
49510
17692
20046
27556
11063
47623
51066
47522
6116
49660
31602
29932
30831
32222
40909
41558
22749
22792
32103
27577
1604
25859
8092
29136
19652
42900
7682
9628
21944
40392
12523
9267
12749
3434
21089
20404
50026
20934
34589
41004
21702
17297
33582
10453
10466
35928
17275
11400
32465
2692
44767
19965
31170
1434
51491
40592
24258
45705
50218
39871
15257
4398
16837
35750
13874
39580
18298
17610
17305
49945
5601
12976
46786
38401
29726
20352
10673
42373
26339
44410
42746
17177
28057
20103
14940
19045
4724
47761
26952
39155
23183
2666
40247
49462
48732
48133
37706
19702
50721
11244
20221
34965
10232
34773
50989
26294
15136
473
28723
34623
32659
10070
37631
8128
27922
19460
3788
50526
19943
49085
7287
46910
44062
37641
39229
46598
39167
31969
26804
29664
49335
7102
42018
7020
43310
8275
51039
34261
28627
42172
29145
3412
183
42487
24336
51410
45152
33381
23436
35650
33765
40231
23129
10644
35214
48501
24925
11194
48031
16476
12379
30579
38296
48559
23395
11255
40448
41158
22564
48075
45563
26931
21099
33776
48879
36550
33887
34687
10782
49845
10713
2568
25525
18994
14194
8407
24403
47925
16734
18571
38999
51267
39213
26956
23122
38961
33820
1444
1060
29112
45486
9041
4228
47448
16736
8775
30317
40203
8463
32950
32193
40595
17411
8225
2402
30493
42056
8922
12561
39643
5711
15673
9980
27748
35733
30887
1999
16146
28866
26919
17670
11889
4819
21314
49800
47933
2391
15937
23683
32444
50180
44917
47129
45106
6384
23426
24368
41982
27082
20030
42618
33260
26880
27653
22905
19932
18034
24507
5455
51051
17016
29246
42407
30416
21865
17633
10600
29592
32591
23427
15140
16658
23868
33557
14455
46962
3665
31420
23419
36816
22347
38863
12860
45957
22167
2598
1972
1626
50152
24199
18170
3299
38269
25581
18631
21822
41213
48725
41257
47871
13323
4820
42446
20242
2686
29968
15355
47913
32860
44339
46040
19908
50121
10863
29192
45183
31061
23022
36218
45839
28369
11972
17253
3326
41118
14615
15559
17387
11517
45179
34800
34085
42765
2968
16296
39931
42792
34679
21583
21746
17446
11981
16575
6346
29856
930
764
51387
22559
44869
7433
659
19224
39019
49163
24154
39247
50427
47476
9293
5263
31641
32879
4213
51332
27414
4716
20793
26718
33
23654
39027
44324
10041
3804
24819
2985
46023
20309
29535
36147
44914
11079
8911
11802
51508
8402
40137
43505
17957
16656
4432
10650
11698
50360
10964
20505
38549
2601
26761
2174
37797
29367
7696
2244
13704
1103
9599
50500
11696
19538
20360
33653
42863
13291
24008
50020
33494
19241
47271
4351
49434
19823
20120
24645
14105
30647
29122
3499
8396
33549
14331
46536
22117
18075
3252
8323
42876
26631
43642
45054
39934
6333
2302
39765
28571
43603
10620
9365
197
16021
50730
3091
36836
10154
2431
12583
16662
18120
34878
42810
7217
49064
17280
39460
46105
22981
25448
13815
27774
36597
15408
45636
6031
12611
9799
1308
31551
32186
37567
44947
40119
1526
18973
43311
47421
48499
12573
14818
36295
30628
43795
20151
48817
28290
37859
35786
19886
12110
10544
47429
23780
8188
46432
31031
23489
32215
42854
25590
48576
6717
45990
22524
32512
2176
26089
15277
47789
14128
51022
50519
49784
42357
31294
11683
27817
22278
35383
15295
49114
377
15330
5165
38435
8057
1952
7501
3591
10525
8607
36468
2749
15509
26707
30323
1296
16492
38194
17126
49534
23296
507
50570
31194
48323
46490
39284
23044
17225
50840
5750
42940
16675
9781
7726
40126
40206
7379
29590
35929
32260
39089
17309
32695
31207
29993
15253
26748
25765
39907
23420
9653
38515
35196
1059
29503
10169
3868
48483
40981
40011
30848
13320
7353
42320
11600
29384
5735
35836
42987
46446
22606
41620
13964
47434
33504
33292
10238
23463
28059
35072
38141
34848
26231
31331
8180
35318
39109
9948
25930
26740
4369
42439
26037
47692
20639
28160
48364
840
27352
29869
34803
22631
23655
46375
46754
19523
22544
27851
24978
13115
41415
7604
19007
27679
12521
51009
33803
228
12492
5969
10968
49060
29848
34033
3017
42714
8177
38361
5465
1909
8809
11521
33982
4636
214
24488
22620
24941
47709
36888
45300
37795
45521
48406
22067
45504
16717
38944
14759
2481
32708
40795
33773
47299
28203
5400
43178
51261
20090
36250
7546
39421
51056
6735
28064
18324
19720
10254
10582
34805
46684
15005
9700
31024
27290
20172
42252
9617
32602
8640
49591
1595
42598
985
28148
44113
47729
6728
44474
45254
42629
5492
13236
46604
9890
36007
28432
50445
50718
29262
7927
42058
38956
28961
47297
14912
45387
36279
8559
23261
27496
18711
10909
44872
19441
9735
8515
38776
46372
18944
34835
34244
15165
45613
9901
27368
40630
26248
47917
32115
19552
18374
31179
2140
21542
14106
51304
10635
30385
13606
31764
22144
18996
38029
14116
15007
49825
28541
26576
14585
43682
33425
13702
28372
51531
6968
33521
38046
41073
10288
32957
32050
22864
36470
2593
16479
30687
12343
36154
41616
22755
39041
42962
47609
13850
26196
33951
34330
32529
48123
8043
9931
21516
85
3699
14311
19705
27169
25457
13998
35366
39547
13682
33229
28234
3954
20465
26703
36328
20712
46203
17776
49181
16014
49766
43569
41380
36901
15892
11121
28307
39499
39118
39110
28781
8231
8039
28504
2058
44486
10280
12447
21603
13675
46968
15310
46106
17671
6326
35486
13297
24357
23291
16759
37386
49371
47248
16739
19878
3234
40479
27406
33089
31527
18543
18441
38877
31367
51231
4129
3383
10866
3468
47804
33647
3207
4692
33373
2534
37943
3092
23224
29575
16279
44811
5564
20408
22644
8229
17229
34760
17658
21925
18877
10567
21458
36165
24347
32419
20830
29428
25506
36802
15475
7721
49219
29842
1793
1440
18347
1310
37383
48670
8339
318
50984
43497
32948
17303
10371
44095
8124
26380
994
7746
6129
2965
234
18468
12130
42527
16007
12694
36523
6441
5404
5094
48713
15704
16416
49781
40378
50202
24868
34533
23460
29468
24119
15114
17571
50370
22380
23372
45948
15807
47464
25402
46406
34464
32912
32181
17143
14276
49376
48154
12486
18549
24935
48751
29271
15570
7972
42182
3115
48454
23016
31640
6516
29010
41423
24355
18974
4463
12759
9011
4132
49974
37060
20857
18088
12228
50119
13141
19369
17254
27965
7938
25009
49651
11104
26567
49669
7174
20802
37384
5253
22033
48314
49511
16691
8572
33554
31346
17870
11230
29625
50980
15048
42030
45462
24907
6412
30138
39151
32298
40982
28034
37219
4774
16946
38152
30193
11955
14601
17226
39843
20575
36445
21885
38533
40362
16893
51175
31048
16590
13662
26692
38118
7001
50499
33883
29227
45574
39779
44025
3694
19624
34389
6163
44782
32034
47740
13258
39122
45926
44433
42012
46143
21553
31056
10199
1080
28735
1342
31599
38175
44960
16520
11395
37516
32836
38356
33893
50973
41719
37440
5561
16337
17673
38319
19784
33616
24127
36452
34482
411
39806
11380
25815
6374
7824
24449
50408
12571
43862
50376
1092
43382
22339
12340
3043
12941
6507
771
50331
1010
50588
23087
12574
30813
16045
41761
46461
38677
10485
46520
32839
5083
20533
42503
17708
6095
17334
38031
4574
22470
2065
29673
31302
44576
43916
27490
23696
33302
34665
16299
49829
32818
6220
42347
34364
12803
37828
40855
35112
31030
9346
26608
28660
5335
25198
16510
21976
36505
12273
8891
34525
2287
8018
3110
44201
26607
80
36535
22666
51527
16707
25661
38028
30970
30282
11512
35297
19065
31906
31923
24381
23602
2038
42641
39633
12382
17272
2390
3119
19103
40780
4706
17582
40039
4307
43593
33855
23778
23007
37273
6994
23335
26995
5731
14655
23394
32134
38942
15958
48440
46026
43245
14478
21399
39540
28853
13522
41276
45033
48372
27836
16864
17350
35787
11381
38648
28403
13110
10255
45440
19162
7717
19337
14943
24588
32516
16597
21398
42065
34439
13953
5921
957
47264
23633
34300
16426
3424
9884
48843
26677
18475
45245
25328
41220
23800
49149
22737
18202
14431
11971
4640
12151
17753
12064
44106
24454
180
46935
17232
3474
37435
6043
42390
21235
33151
16303
434
1114
9528
18579
15501
14226
450
51350
19170
47022
32934
29564
47033
33376
28405
11706
45878
12792
2294
33113
45844
51148
36992
14097
15935
28072
36879
28771
43210
39058
40540
31374
43689
41797
10994
4526
35363
40292
34196
28184
11713
41568
16394
51570
13226
14488
12052
28129
47767
24771
43782
12886
20685
42143
15583
18507
30240
36640
23000
23815
42183
31686
40937
37736
4404
34445
42235
50095
9849
3707
32456
16701
5235
14598
19964
34127
43727
49441
17437
32405
40008
35239
48926
37927
23050
49188
41809
43288
22251
21510
45531
31261
40509
43456
44093
33393
26523
17219
44535
18546
30658
29845
19835
902
20291
32281
32262
39007
22458
12227
4512
46917
14537
23622
26115
30441
12764
11731
32376
1425
7731
38272
3238
20811
35988
51050
40965
48956
40702
31973
6503
2609
29187
7240
9531
43947
4192
29343
43458
31440
32552
30847
30666
36236
24815
35639
50660
26447
49132
1015
18385
45447
24434
7973
45350
22125
48359
8467
14878
33589
26262
31081
22168
41504
12901
19817
48164
38669
33314
240
51385
16039
42928
12857
22642
5900
40367
14737
2565
44189
29655
28396
4049
2469
13499
51601
46779
23619
49467
39949
8221
19166
2798
48181
1621
40311
9153
38510
32539
47891
11570
1001
33965
45606
43282
18402
19750
23934
35349
7186
16673
1325
45467
6979
11552
50676
39793
36638
18551
47815
47605
4452
38328
11422
24303
33994
26661
2821
22118
8715
42755
1076
44165
26042
20508
12851
21457
42434
25698
42378
8691
49353
44745
10407
17657
44563
12745
3194
20989
2382
33079
16608
4352
2069
9536
17662
18384
48786
2874
2351
4361
51259
18086
12819
14435
31476
48771
2754
22410
42014
42031
48801
24820
26620
50799
35953
8409
827
6813
6935
23205
44137
32347
9710
31417
3931
28035
26088
18679
3810
23065
17750
28962
35760
15080
30154
18703
31657
34005
38923
19952
18719
42550
33191
49617
40321
42908
22519
38430
35011
47717
2220
36676
24169
25811
3624
27158
35100
1379
7581
47817
24049
8291
17048
32721
13306
11224
15580
12250
19530
27379
19357
42772
48790
18886
25271
11011
46970
48803
32164
46079
9422
19195
1884
2793
34780
28872
37408
30428
8004
25427
28185
24954
51169
39502
15061
49217
153
12969
29138
48502
9969
6286
43499
19414
3340
48355
23315
30722
30926
45069
14290
17727
25403
40927
18211
13705
44985
49470
46476
43340
35800
31216
31117
38113
46830
20885
31448
7141
18555
14134
49863
22174
11821
6376
10228
9206
14891
4038
8493
37608
51418
11885
19902
8562
14785
14042
47989
4306
13427
9411
11648
30923
35201
7816
23809
45305
49597
42212
457
19245
49972
17166
45216
20563
40293
12870
18212
24866
5033
30388
12541
43712
17071
31398
39748
11033
38222
47392
8823
13782
23603
41216
7277
17289
38766
17115
2738
3054
47157
2505
20282
4474
5675
31070
14821
10563
9972
25244
43622
26622
47896
20751
41552
32413
31972
28391
6103
7301
4524
12395
32631
34432
44676
41102
46021
30553
20181
29315
12295
35234
50717
21789
13304
19090
31458
29832
47006
64
15287
21565
48511
17054
24249
23545
19263
32318
3484
18218
25338
18157
11388
42694
50466
40226
43363
291
22591
3984
50467
42157
597
12725
20726
30915
21528
28756
28769
25524
30486
38429
39665
51061
13292
20393
24356
31132
10937
28617
34019
40365
13370
19565
34572
48523
3422
20929
9572
41635
37853
39590
33155
9423
45824
7202
40030
15404
30329
20026
49644
1057
7950
39032
31361
24350
48699
37661
40489
48015
21739
48899
46395
33509
14033
20792
25167
12122
43101
9669
48482
16364
23943
48998
32059
19915
22715
11847
47877
14597
12115
18523
33350
7688
50426
30202
33276
46861
41794
17546
51620
24571
12944
49646
41141
30246
7813
19005
18611
3669
10897
21026
11541
49068
31649
14383
30883
34973
45635
24215
11374
1108
37010
44865
47461
9325
5626
27705
24494
24326
46451
24483
1912
834
25292
18225
9129
143
1292
15308
5125
4395
44540
20326
11933
48637
14788
16223
14902
22609
28070
39759
41775
3510
3756
4193
37032
29916
24190
45352
6067
6408
45100
10201
32731
8747
42740
35989
16187
44024
26330
19469
15198
37223
16839
8182
5058
6388
49239
32090
31587
35962
17833
25278
27974
34983
20405
24332
9454
3101
47458
5458
51197
11723
14910
33013
50237
15070
12588
35457
15470
10519
7596
8708
29794
24167
40612
2905
34143
28464
45784
2342
39279
39538
4490
12389
21070
28697
49494
35265
31517
1550
40818
47958
51241
16950
44591
39117
4271
5015
34906
33225
4104
1918
10235
32821
34746
25036
7488
9922
26967
19689
20579
5181
2440
35145
51352
21697
7142
41801
50164
32155
15666
44647
25418
36429
20
17076
33670
37816
14436
8125
50440
45653
12828
41405
25675
2922
38018
6327
4521
42428
42907
27783
31235
9216
41449
9635
12970
9478
45334
20650
5384
10913
38305
16429
23997
25179
43205
45314
45401
11538
2339
31842
45715
35752
32247
2979
8792
26182
35591
12992
7407
30890
4054
6230
7190
50001
26078
8749
33658
48430
17315
20716
3548
26173
18568
31010
45830
235
7009
46966
17669
44422
30536
6134
7636
29186
14450
15998
39777
15954
29108
23830
35802
49713
37836
8328
14666
47084
30955
22665
7648
17103
15049
15565
3806
23111
5987
29016
46880
20162
2332
22341
3645
2742
39737
18601
40118
45169
32907
46921
23888
22759
2127
42027
6338
37348
13104
18189
8933
50368
15212
12778
30241
30671
4784
40076
45684
12148
47495
2340
37385
22809
22504
21101
47008
7742
37659
34747
15727
21049
5997
15162
35052
50808
33412
38502
16797
6445
24767
43236
16362
19352
27973
11666
955
48208
25954
19765
14387
10637
50735
30071
12394
1021
38437
22706
10774
37114
48842
20235
18060
47903
41681
51191
17823
40274
48310
1821
18709
7267
48938
34314
47105
27537
39803
1355
42178
40241
41369
32697
45477
22414
48919
2775
34294
19966
41068
37118
21445
21131
37779
14441
28942
4852
15001
50165
29733
18961
15961
9631
42284
21967
22321
9748
1815
900
13919
44022
5765
43224
38037
6650
12457
45816
26510
10436
13932
5525
23995
37448
50024
28733
3051
41737
46542
35128
42978
18542
31270
4465
35437
9975
12758
31597
12270
28119
10601
618
36616
17917
27151
46709
15457
10360
23821
46965
41137
938
34676
36074
29529
39407
4294
33400
28537
14959
10911
11994
26442
8049
6715
47377
47266
23215
2632
50654
33654
2563
39370
33555
3538
32200
16283
8762
30140
5219
28077
16792
26758
27760
34658
1660
2290
30188
37561
41205
3745
24050
10534
4859
39609
35073
35920
45986
1396
20749
25347
7024
42302
2499
43186
8920
19730
18426
32502
13486
35810
21600
22902
25333
10246
33791
41163
29694
30029
9197
3256
43321
9415
3504
31866
3209
21327
29467
48680
23737
33979
21254
50889
49982
48304
25798
37735
37126
34205
41663
37196
24716
38284
14095
37349
39322
15525
27000
5863
40398
22290
2243
17920
5512
19646
51702
32597
33594
19778
45445
1317
8798
23029
24019
42748
49562
26141
19887
9288
8847
15051
28815
29552
11228
23828
14268
18128
46794
36304
43551
23455
4797
51158
47188
20402
15931
21990
50101
8843
29547
41293
26964
24296
48712
5097
15427
30903
37417
43267
28114
19829
49449
20564
6177
34307
26458
25695
8185
48302
26307
43761
11135
31504
25752
44631
44040
12999
41636
11985
1401
23219
16948
45086
778
40177
31831
12961
18185
48906
25264
9465
29020
21134
11684
11643
27401
35576
3848
40433
20108
50603
29505
17355
16377
41116
15473
36184
49312
24798
37615
27886
33620
40807
7078
10025
10614
18490
23645
18658
47565
6320
7919
25237
16681
47726
37095
3894
33264
21038
7000
46778
8167
38314
17347
34761
45884
12551
45842
37947
46560
31536
14859
44206
40765
20577
30689
36719
21132
7793
48990
44924
34237
13688
31131
15098
41063
26593
38261
8299
4912
29800
13572
12662
12371
525
34621
31305
36604
15276
20232
31112
23066
25323
8305
13355
17127
21509
50833
50550
22923
39200
797
24286
12439
7869
34227
17165
30340
47676
2285
7998
9328
32147
10949
1453
49463
50402
29756
29024
9559
27827
12049
36461
25885
49280
34992
14315
36151
47238
467
29404
23814
33929
33437
24829
20956
18531
18846
47568
1469
11349
33297
44675
28142
31443
31312
810
28120
11813
37347
43007
19169
15708
26068
14828
23562
40907
2088
6801
48017
27980
23497
38954
1835
21139
26473
4960
1616
14617
10403
18308
25526
32343
22277
31804
31780
42947
41649
21128
14729
3852
51199
19474
4848
796
17910
2617
12047
25849
50798
33753
45310
42495
42626
17205
40530
5503
49193
35734
14510
7077
8771
39306
50637
3610
35398
31731
42156
27782
514
23452
26774
48986
30418
27519
17510
6104
34599
23504
48808
37378
34555
10401
41991
40733
7459
360
22903
26334
29302
50858
48409
4990
10674
18659
19400
51681
51497
12882
27650
29998
31078
15442
37140
28986
9568
951
6560
14550
3498
44183
6624
27956
15756
49620
6053
26203
42927
7560
22678
6683
6891
3658
22800
13570
3076
50945
11096
42173
47332
49611
45515
49841
5825
32438
36917
26998
5875
28835
6245
37684
22505
14560
2744
17343
39965
14771
45649
9439
21411
38878
18346
36254
22956
6998
36564
2911
17239
13783
34920
31916
9007
10859
9612
29531
32018
30665
16271
15214
21224
6292
3216
46493
23521
46164
45968
44141
27642
9117
41334
28865
31826
33120
14786
12935
22819
42174
20686
22961
50518
23112
22207
51438
11508
31798
38649
3966
36861
29470
13562
46622
13676
35869
31200
12233
3546
11629
21940
42387
23385
44840
16051
30307
45151
24308
12973
31611
17434
49667
33231
17415
26539
33652
17859
42794
16042
16116
19463
39701
18851
28325
41796
17129
30421
35586
5351
1459
47802
13769
23493
2408
29448
38899
45522
26628
31155
47453
21838
49505
41168
38810
4120
8006
8106
17467
19367
42292
38847
32652
31659
41401
8963
19748
38425
37703
14752
584
37589
48196
13995
10258
9426
15487
7864
39874
19079
29989
48931
33541
13123
7652
1326
7491
176
26895
23717
30662
29134
11707
32209
46888
36253
35279
26335
13671
30552
19589
37775
38371
20458
48649
19665
22051
11252
26440
8491
49247
7437
929
39183
31026
3877
26659
40224
33981
47895
7867
38586
5838
23795
34062
39776
10902
25967
5281
48731
15928
26691
17019
24287
28037
11916
48895
1065
22835
16277
35413
34930
28790
46584
20403
8919
30476
42859
8330
3419
10764
2658
42677
11604
29724
25968
3615
4742
7401
5208
13092
4795
28274
17121
4613
5502
6922
18726
47603
27819
8088
15118
27323
6642
12198
538
4586
44002
47123
46558
39463
13071
27008
36260
24479
24634
9298
10752
5072
33991
45707
38047
12615
48868
10772
33732
33313
31567
46459
37628
16467
15973
49956
34846
16862
40985
21494
48262
24879
21527
31431
38866
5080
31803
23615
33034
24075
20590
27465
47695
36157
26813
11407
287
2276
17018
10756
45122
35406
4937
7106
39266
34351
15121
9110
20428
19860
24981
8285
6373
18288
11368
17842
13599
29184
5406
1496
24780
33939
13319
14704
36460
24930
3307
41963
22814
6148
45479
31510
11520
25199
38464
40357
4914
35473
25097
14016
6437
39864
20519
25121
32739
33659
39638
23142
15424
12172
4196
23471
12625
39813
21894
2900
15414
46911
40520
30336
28915
33263
35152
6284
30059
23911
44415
39945
21081
10791
42098
942
2165
42257
16900
26653
3748
41274
2520
50874
19265
4087
15280
20056
337
51594
45934
6918
30725
31812
37354
46475
41587
28440
17335
6924
32093
32288
45525
37208
10557
32275
19092
27658
37252
2046
13450
17372
45773
20742
17176
21246
19737
38237
4765
43713
47502
8388
7019
31244
49556
28668
14778
45390
10545
47576
37185
25852
11793
34864
39710
35571
12913
22355
38530
4325
24233
18322
35365
27872
1940
31265
34408
34677
40432
41177
43966
31466
21059
3955
3971
49975
38127
20661
48886
48275
47120
36388
17468
51247
27904
40811
30905
50819
17070
40608
39869
51238
37156
17655
8897
1128
26590
50410
47773
51090
14403
16140
1465
38842
12988
20192
8183
23963
45771
51248
4372
32214
47346
46038
5468
12438
25547
34080
13233
5931
10812
41826
29480
9155
6634
24958
17965
239
51704
3972
4545
821
28111
4534
42472
28612
220
15031
34040
21731
47454
33143
2856
25057
22044
31115
31549
34522
51111
2938
24964
24290
10842
35778
36819
43792
49117
10549
23991
13414
10191
28864
15508
36684
34465
49775
17175
11027
5140
5025
24226
26526
10219
20619
11333
20516
43650
43002
2281
2606
26689
40861
14337
5864
39202
892
7111
26885
17342
31197
13883
23334
7185
3725
27035
18957
41618
49455
283
12991
50064
265
1559
40885
4882
42665
41430
37644
7576
16988
16324
34938
9322
13566
33213
36014
46957
31087
9667
36518
19649
11173
10572
45739
13223
15231
40353
18849
38770
38073
6463
5195
21973
22187
41393
39294
50922
9850
25983
9571
43555
28929
9380
34032
25072
31666
20280
31628
14125
30504
29147
16449
3231
49331
6189
1513
10996
13642
19204
32206
18435
1066
50291
35054
7118
4504
34418
47312
48917
36130
49656
35407
45916
48258
38998
43628
18483
17875
24165
34273
26935
42576
2368
33780
16276
36853
22029
27818
41286
26742
34512
45327
49176
47639
1377
28580
17154
19010
35381
1958
23384
17084
47339
42780
30481
42781
6107
44082
25976
7531
34763
26529
33092
20510
4587
9808
34796
43262
19980
12461
13061
41798
48749
31569
8647
49936
44677
26200
19815
33203
35654
51342
24740
50586
42547
18045
19516
22385
19422
32342
39075
44992
27240
15497
19836
23887
43000
8176
33931
34732
33239
50881
4839
15595
42081
35743
6396
33592
27953
33119
17566
32706
50107
34021
31149
42325
32630
2146
705
46083
50902
48291
34055
45937
44212
2716
12231
48705
26618
10931
4279
39613
32424
9712
29645
49175
22475
32310
26888
42454
37075
13608
41789
13215
5676
21230
14444
37436
32857
44003
21830
35535
36511
47722
35732
10980
48207
51170
42984
9085
40322
29729
44665
51156
4378
47504
8622
46616
11343
29959
51291
33290
208
849
6308
31505
23935
15786
47523
19761
31391
31380
7719
45871
40082
25579
40012
3556
14694
27125
45101
40406
46633
29662
8751
24689
22010
50313
1462
42397
8579
14974
3177
11589
45675
2673
15545
1699
2120
39772
9449
5256
49523
51572
15086
44073
9861
17639
8916
16082
44698
19833
31939
12808
22621
688
4405
16295
6070
41333
8301
23208
32459
32105
4854
17982
44831
20981
27789
47575
17269
32605
45014
9866
9736
28229
21711
46500
1887
5817
5971
34866
47706
30933
25871
22331
7665
44386
13257
11146
28180
1989
22296
29238
1153
40394
33782
8059
16531
42697
2538
4025
30086
16489
37323
28447
3052
13042
42266
14707
38145
1645
14330
7017
20713
35060
25046
34889
11764
28490
5232
11574
22847
7790
36717
27505
40284
31702
38071
12568
22317
26601
32441
34242
34452
49913
15303
11978
1395
3737
27936
21440
48566
3913
38916
19841
6491
40235
27536
9225
154
40721
38686
19534
46788
19539
8454
17406
11843
48134
26827
34785
36763
5150
15782
48392
26959
35985
47988
21042
50771
46835
32157
5599
38334
45941
2748
26143
32564
22429
24957
20013
16825
1760
29084
9596
21255
51008
1018
36126
25768
39577
9630
49422
32356
1335
38705
45921
50563
18230
25860
35544
11213
13764
11236
32467
6340
35
5541
16305
26032
28524
33757
41092
26817
39406
1605
6862
23119
35430
31639
45450
50071
26704
28933
21870
24370
19331
5941
22810
30053
49750
11273
48681
11060
30791
44785
13342
50612
48197
47315
35467
15838
21980
39482
40628
42322
19789
39851
35740
48510
24503
27714
35779
12468
30234
32522
25566
20206
8015
51403
35024
11438
17477
24723
27366
45832
10346
1864
15606
29939
35165
51670
19316
4787
49710
34140
22801
5342
11417
41431
9279
37389
26648
36493
3676
4455
19006
10152
37402
45713
38801
11476
39226
34233
42166
39046
49409
862
32158
38263
30830
18764
30381
25904
9291
33523
36530
13302
29222
4700
24426
42301
48249
25150
9874
42339
22082
19535
29181
50098
34943
38641
49459
8098
24640
28388
18238
45085
26710
24082
21852
28107
1986
32527
27259
34296
10877
25921
30105
14850
17930
30396
18270
51453
33257
19236
15764
33639
8041
29064
22507
43928
7541
28946
9238
51104
14175
47897
38538
27883
17611
17985
20012
48437
16075
40454
50468
17218
37930
12715
48025
4665
22428
9450
3670
29047
30834
22402
27725
41157
19296
7679
38757
26853
23770
28238
47247
24143
8983
27657
51621
27880
1774
23581
44821
18898
32331
4718
7300
38159
29182
9304
29247
5543
38243
31467
5509
8773
6864
17622
11882
8555
10013
27724
35098
43351
20767
44131
40604
37407
36465
47002
40499
4122
24911
47553
48349
42475
33105
12176
20231
28642
11525
35122
28046
25180
34809
3116
34845
40344
12757
1875
41802
42774
1977
10780
27945
33866
49283
26026
6215
16834
13621
50734
7210
43201
12585
21769
32049
6114
26240
15729
1418
15171
48617
7027
34309
44946
8141
30244
37260
41705
3282
35132
23014
38249
40319
24241
28702
20595
50814
39302
41174
29630
14419
33458
25248
33762
41566
30314
17317
39256
9470
46826
50673
44827
51069
24652
13510
43863
50706
19956
3467
18052
40397
14547
48410
35313
23961
30551
10617
16836
20344
21264
32292
29188
45453
1859
46179
16035
18286
10818
9500
15989
11070
996
385
2248
39744
33453
20940
45693
28555
47880
8322
6344
5521
42844
38659
28112
9038
5131
5820
39700
44456
9898
41888
23661
29452
51029
42367
36224
977
12930
13371
50046
4499
18820
50137
10395
25100
9626
19164
37024
24416
37648
15360
35237
47870
12854
23264
36596
41243
40960
14262
27586
44699
14017
39244
7768
50618
1243
38662
2132
11188
37085
24585
33530
21953
14246
24809
30901
19974
18136
22588
21566
12497
22629
30684
13221
35248
6931
23251
32853
3917
42518
16589
10324
22138
51013
5572
12928
18748
47696
45202
9894
26426
27512
47314
27297
13093
19795
45229
29444
33019
25026
42483
44097
1349
37772
21429
46657
17774
14653
48504
45342
9999
42589
24842
5856
28054
21591
27198
49004
31810
34142
27170
19755
7249
36103
49430
19907
21387
6305
50851
39985
17009
273
11216
23169
48684
858
36938
21571
21263
5
28870
20927
44862
30274
31300
11153
48711
28050
15594
15293
8440
41594
3708
23456
40826
35138
48968
16629
44580
8360
22512
3473
42687
5248
9860
35859
24476
49852
29933
43048
12718
2640
18771
41624
49616
32621
19325
39713
36287
21845
41602
44880
13862
9912
42038
1082
7749
17931
4396
5134
3323
26354
29137
1786
47363
8912
8341
10597
30217
45769
17537
21051
13455
38160
23932
14221
17578
4867
908
6485
35158
26255
28306
9694
32649
14479
50788
4268
49346
15739
23410
34169
816
34002
22686
49042
50974
5638
46900
46033
37603
32358
50036
42340
27097
4023
3228
3021
7766
24557
14858
275
25444
39380
29650
15349
33138
36136
7795
22968
38882
14293
8236
35505
40417
4037
42977
26776
45869
51372
35646
19300
28013
31349
3254
23317
31590
8051
2274
31908
19366
2181
7336
8786
19987
43826
20923
42036
22282
1883
13181
32983
3253
324
48107
9665
2951
28834
47538
923
25479
12617
11266
17388
38135
3114
35519
14363
31496
27627
44977
14999
1866
21103
24256
31631
7303
12496
37489
23522
28719
22337
29736
23423
42580
48421
36586
8310
48201
38933
16672
16273
1429
13718
9097
36907
30322
1476
40370
26046
29406
10574
44468
10884
46236
39773
51184
20874
42816
50040
33422
6409
41218
42106
28479
26057
46925
20832
8508
32417
8208
28171
8132
22978
20560
26860
10196
38930
17259
14148
14088
6322
29828
32863
27752
19217
51084
23802
40116
9914
9171
44278
41724
45550
50622
38868
5961
16013
39288
26503
34521
38389
46154
6954
42176
28424
31533
15809
5752
31991
25315
14458
29225
43051
10670
27085
45458
38555
16040
18363
10243
24926
3026
686
4346
11966
9192
15738
29431
43908
15146
12297
26911
31705
48320
42044
49374
14768
16367
17646
10691
3608
38170
13391
27106
34783
50552
16776
