13863
35035
29132
5026
27009
16285
5829
16484
1890
321
19018
16587
9228
36175
36836
5923
10860
24223
31815
7950
18296
3559
37500
28629
9302
31474
16394
29268
34932
16486
36711
18262
16660
30070
30955
13007
6019
18600
30949
36105
26810
16328
37176
25222
18035
32148
23735
16150
37107
16658
3125
6947
34405
6352
17461
3807
23287
1364
34542
7622
19150
20022
27716
9633
29557
12251
26291
29437
20432
7424
35026
34898
4379
26062
29504
5350
2248
6176
27805
2723
22621
25480
11298
35228
1215
6530
18409
5089
22097
23701
22886
9764
22849
10910
36701
31102
35197
13045
17459
16065
30639
30143
14597
11991
12716
12397
2459
2498
1068
33155
19258
31540
10628
10357
16904
17396
10315
15188
29381
18482
23301
3227
35257
24283
24708
32870
8302
34564
25093
5865
20972
5917
21668
19998
18764
24595
35481
19082
17467
29954
15719
25897
17255
17049
9034
8196
3373
25594
30687
34674
35147
237
17089
14692
8359
1139
33958
1421
28931
9794
16633
16243
34385
12327
30934
26707
19936
22013
31750
34315
13012
17493
4256
26877
34479
28313
6350
10467
33729
840
36653
16319
379
19425
3563
12392
31503
31583
13315
36238
30879
27514
16055
784
14560
19965
31383
22048
24162
13787
21121
32482
28352
35969
34834
37269
24249
37277
10168
10827
11868
10946
23138
27409
33033
31551
20354
15543
9158
35637
20071
14936
12552
33952
22417
21803
1033
26191
24848
3447
37217
15533
21380
10402
10049
48
24221
12489
15811
2736
10809
1429
21549
31411
808
13723
4352
36412
21720
23313
10022
23002
28219
21957
12702
5342
31835
36707
18281
31396
10045
10619
36186
31678
17217
5113
536
27470
30723
23597
19400
20332
20856
31656
14923
11324
11858
646
33978
19310
31066
22774
32533
7773
24044
24293
36286
13745
27707
16172
26158
28948
32684
18183
2864
7493
21011
31523
9337
34165
23200
4324
3943
7590
6216
15145
18157
21073
34115
12212
24253
32481
17525
8912
10479
26521
10560
27859
26953
31111
21192
1349
27658
20213
5010
7436
5759
21100
27166
2089
3463
9839
20137
15020
24342
29245
36949
11469
35662
24738
19948
29939
10100
28229
16001
13563
660
12613
3631
7662
15816
466
7668
17458
35821
14562
23540
26277
11773
36783
29630
22929
7510
30909
11333
36881
33637
172
4060
34990
5240
36900
37004
16941
35336
9693
18645
3928
18218
7507
31160
35669
8114
28497
34185
26331
3950
28965
12879
37238
7967
36513
30816
8609
14567
18256
10588
36435
35628
22214
25433
25699
34605
8158
1245
22506
2278
18602
13964
177
744
3265
32758
19563
3794
30509
28140
33306
36810
33176
21811
14251
22343
578
32473
33008
28287
34329
11827
33241
17560
8530
30758
6859
34698
24135
6105
35850
11218
16031
19742
10917
8412
31954
6676
15680
24574
23474
26873
2310
28758
7410
21582
36374
17306
7171
21808
28425
25724
14126
37034
35533
31256
27194
20076
310
22666
29083
17333
3155
12491
4360
6961
22081
18299
8073
36564
1915
34926
17197
9526
24552
25450
7040
36844
20366
4332
15915
12614
26343
18651
26433
27103
34764
16870
10680
33397
17888
32726
31038
5634
19703
8569
25865
32651
22328
17608
35671
27846
7592
29661
12175
7739
23317
23212
11762
21946
22231
5007
13076
21823
34651
16082
21255
27970
29333
34462
6730
30784
26312
25560
1051
1734
4901
27511
17042
31730
31313
8059
1642
5457
31375
28459
18631
13872
16230
8212
20411
15512
3519
26007
22616
10630
9528
13481
2496
13892
31795
35242
1468
22636
30521
8856
25974
15450
27443
1392
8808
19881
18252
17581
1100
34239
15265
28466
651
4498
23524
28126
5896
3043
21654
22014
27138
17061
4958
26592
32076
28072
32093
11843
1828
1575
6826
33026
6025
24614
10840
19185
24274
14111
12794
22756
27937
23069
8305
10891
15590
12255
36659
32168
33253
2119
20723
18710
37124
33711
9280
34102
36017
31898
15408
4660
912
16621
4237
30582
2189
30118
5401
16685
8140
11169
33588
11544
30895
3048
5313
6870
14974
8195
17404
26750
10275
15231
2374
13488
22440
20763
35033
13272
9928
15927
449
24079
11794
35893
36755
23655
4235
6945
22656
27385
24745
9294
17853
33605
9978
29964
453
6713
34256
36327
28207
26230
15024
32002
26929
23570
25958
27161
21848
25787
15286
6638
856
8672
16296
24736
30855
7172
32632
20438
14021
12838
37390
10390
516
29727
18897
24327
22883
9421
34211
32020
24477
14346
16567
28896
7929
8116
14030
11039
19969
25794
37273
24212
2901
14749
20119
7043
26980
25758
22530
9088
18108
16783
3421
15151
15986
32276
7531
18933
14697
35902
3178
15822
33038
36252
29259
15737
5444
4911
1232
3924
5847
1394
565
768
180
18013
35798
7995
15489
30448
11840
23719
20125
35945
404
18786
4192
17544
9062
725
9454
1462
8479
29155
16801
23644
12609
30618
10697
5127
20883
17963
34327
9596
28120
4935
682
30787
20138
25445
5768
18128
20935
11054
26918
31463
24934
32640
33242
33908
17731
25105
16796
15669
16399
21590
22219
32242
17745
20796
35856
4745
19438
16570
16115
24316
12534
10612
33512
29072
22282
22115
7253
27744
9185
34084
16033
18405
9155
32409
12962
9322
31039
22556
32557
14089
35631
11139
4529
32346
16450
11717
1773
19285
5797
3786
20694
14095
19586
26683
17292
36424
8527
20878
13132
28351
1550
11398
17105
21391
5415
30066
34791
30214
26417
22800
561
4717
22110
27808
20860
13052
9576
13286
11660
34870
16241
18337
25814
27391
35034
31209
4801
2545
26254
541
29154
3169
12569
35294
15857
26287
22249
15910
26336
1698
28103
8621
997
37494
14420
34499
1114
22202
30992
12975
35612
8086
25552
27142
23689
1564
24631
27683
5854
8091
20174
27036
23090
24405
21890
34426
20890
36775
24493
1317
36776
33838
82
7434
23713
12594
35088
31663
20879
10702
31981
31963
25837
23486
17313
26615
15123
5395
17403
19720
11359
4747
4760
32173
19355
9452
8242
17275
17446
25733
18426
27754
22279
29176
9289
26698
14072
12332
20466
37345
11672
7722
30429
22941
31794
12912
4680
19915
24725
14231
34414
16292
24547
9126
32007
29086
14488
14139
3731
26751
7259
16227
14424
27899
9864
16544
26742
19415
31283
13788
10989
7591
3733
33683
10646
37577
13530
13938
29508
