35293
2450
22978
4508
1333
29070
28062
18029
32396
8097
23546
34356
17334
31257
36462
1428
9513
9574
5523
13074
23670
27325
2982
8943
4923
25536
27418
32371
30688
19521
23414
37078
12220
14706
12771
33963
32188
29361
26470
36941
17677
13561
37239
23033
26722
32627
2600
11208
258
10994
25583
23427
20561
8932
23127
37329
5922
13666
32606
9147
15606
28360
33861
27427
15836
24935
33318
36309
35977
18195
19979
15264
16510
33339
27810
33737
4645
22682
13349
7986
1375
560
29598
25036
1171
5835
5046
12775
16110
6554
28862
17792
25633
22845
30906
364
29310
22821
19795
22090
2688
24956
3590
23523
272
34527
23082
13251
1350
20501
5654
34181
21536
13833
7568
25048
12542
31671
26310
26708
22186
16406
21537
17361
19009
13023
5398
16070
23971
27528
18806
3176
13075
35151
16106
25977
17924
26951
7120
29374
7506
5245
31179
13268
7894
35195
15536
15843
9912
30121
19190
16194
14626
17468
32992
19755
36546
18653
32760
20089
28619
25234
34628
13726
16977
37386
126
17682
35304
18412
15504
12517
29476
30867
37036
27398
18394
150
1312
35885
13230
33457
20181
1589
9157
37144
5458
21469
10858
24156
33056
14412
32964
13502
27350
24561
5002
29396
16287
5555
21727
25945
22169
1530
15417
33778
31249
7017
33301
1355
37422
8109
2136
12114
3161
36457
24857
31805
7512
18135
33860
3437
21276
1622
10441
9273
4180
8805
31674
37260
12055
795
176
377
30668
31869
36886
27958
31350
1598
36884
11019
10651
10169
6473
25241
8298
27506
24770
9
35483
11497
8064
32881
18681
10291
12218
10530
26008
32546
4744
24947
14973
12486
21670
3818
30748
28390
28775
25656
662
108
5681
1781
16404
4481
5356
30843
35661
5531
28420
12844
10453
17921
8799
14532
14292
8645
31255
30475
544
24662
36215
23601
37192
31438
23776
35910
3984
29464
7468
6475
845
2152
31077
15425
5038
4569
6416
34119
31478
26449
15920
12721
5539
10170
6349
2874
10571
21644
24543
33005
24204
959
943
9453
10773
26510
32314
26563
25936
32273
34215
17871
31816
37243
29222
9533
20979
11021
27226
31746
22311
32583
10251
28405
24018
2619
8296
11594
3233
8918
23354
19077
11334
7717
29523
3701
12622
35308
10933
16464
18090
25807
7855
10568
10464
12728
5378
1370
12506
11604
22376
781
15628
5716
10140
18131
31511
22895
10082
21977
29164
23985
8894
20296
26003
31246
24732
6681
36288
6874
32980
4966
30290
4299
14610
24778
24977
31027
19761
15640
22552
11378
15787
28475
14948
28119
15806
26411
25019
13585
15133
24501
7716
8784
948
21203
8432
17542
25487
28100
22455
16927
18380
29448
24491
10136
35264
4010
3853
7868
18388
12015
1291
12531
35186
19423
26671
15908
16850
34235
35219
30072
30501
19789
5194
24615
5622
25260
21775
12442
6474
16610
24042
23381
16062
18789
25441
7308
31710
15863
10039
11748
34447
22973
10476
55
25701
27346
10002
5603
10145
4308
23229
15223
7686
36582
16831
2307
20712
23254
30956
20204
6941
16096
21136
25319
22893
15948
22861
18148
25683
24355
36094
37618
27399
27139
34082
16821
34528
1959
5117
3328
24504
14927
20782
15258
23046
1233
5268
5532
37001
11495
35024
10799
11595
22514
30626
20503
29242
13824
13874
28227
3976
13010
22089
7608
14164
18587
17214
13657
16964
29302
9690
507
25427
3301
33750
1360
20359
4092
29315
19594
12713
9269
2090
1558
17970
37225
23802
3603
12512
30361
9837
23857
17727
35759
31767
28052
19859
553
36019
16474
6668
9357
30467
15073
30253
21424
36340
22289
28722
13993
31222
12303
7984
5160
1081
8835
2246
5718
11393
20857
36198
25444
26573
33066
14174
26832
26571
13157
4780
33899
10960
13167
6912
22465
12806
8025
1095
18480
23284
13100
34888
36679
19206
9876
11226
12349
9054
25879
24605
18347
7785
3256
19386
32097
4519
23724
30638
11859
1865
16576
21338
25110
9531
21550
12281
10967
24152
21348
30778
13761
21979
31053
27479
8181
31629
18596
10278
31508
383
5404
13261
36308
36109
13218
20761
2235
3402
34270
16546
12386
19384
23185
17482
25822
37543
9589
6036
6462
31093
14957
28094
10384
36691
32376
31495
30811
10846
13889
20866
9360
28993
29842
24596
12399
22586
14639
9041
29770
32483
20288
8439
24085
8913
34914
32102
32790
34593
28112
30356
21309
35718
5451
27228
16436
25698
32038
25140
35998
31141
5582
29227
18695
18472
9179
2628
1519
5438
13678
27580
21220
22561
37439
28464
7801
19974
15684
8889
11205
19990
36925
13404
28212
4845
21789
32785
14688
19565
16125
2821
35105
26587
28885
35459
7080
9326
13769
21144
31034
12125
33243
33212
14582
19348
26601
12257
35148
19080
23494
6094
1594
25882
18612
18621
11947
10623
27870
16707
15509
31058
8879
33524
31079
16166
10856
402
27416
23623
21869
10196
11353
28975
29224
35320
3232
11645
4690
32827
7037
6250
10239
29641
18605
24952
34737
15086
15106
12007
11399
27287
22924
13421
6058
19625
13743
25305
27760
30516
23472
33918
26362
29309
36035
29215
10940
23684
14740
33045
7768
7678
9267
14685
19251
9950
34151
27690
30759
7533
23946
31014
24612
35363
30418
29156
21254
5402
13823
17259
27872
31316
32383
5655
8078
23458
6136
24575
2287
3253
35265
26118
17414
31494
23387
30999
28890
5785
10901
9730
198
4039
19370
27978
28084
36226
28915
15881
31513
33912
9065
3078
35016
27203
28974
20639
27460
6017
17694
3501
34514
20459
2229
25892
3734
7610
20711
36501
16681
12052
15546
18880
34634
17450
31992
24125
2194
3822
16824
2432
16769
11885
33312
3088
23866
12244
34859
13991
8679
4416
24171
24697
17093
32094
9439
18006
24019
29963
13728
3234
22308
5653
26127
15273
20109
2981
35472
29032
32724
24494
28448
21740
36784
13044
34403
26197
30098
17347
15846
22936
25174
28341
23289
35587
26910
22469
34572
19652
36608
31161
26572
13592
26771
21099
7232
12431
34139
27319
21911
11145
16803
15367
30927
7516
7021
11306
15416
418
24908
9213
30729
22898
14799
10150
27145
12657
17900
14368
22386
11321
19059
18957
21494
24907
33272
28088
10814
31242
2582
7153
2735
3647
22452
12956
17497
17658
27279
34714
28000
10616
877
34258
9947
6476
13466
32022
29806
25255
36142
33799
26154
18748
5880
30703
9394
37706
28500
14791
22196
22698
21983
8693
22261
1668
26768
1526
18330
13475
19104
32324
32575
35518
25943
12917
20105
17818
14622
6084
9021
16500
1913
6630
31107
7584
6265
9254
30387
32447
11913
26965
29150
7009
16201
33210
8392
10873
7885
29837
26647
5978
16950
37088
7583
27000
14156
17462
35775
36518
8192
21679
13295
29517
29613
21741
13658
35890
6959
11365
2416
25716
19805
18884
28141
7805
1280
24683
26686
28371
37534
7926
27295
21928
25243
26101
8238
17820
21223
3618
14181
7022
2137
22943
22477
36710
886
27727
32987
31928
5954
4809
36636
31834
10087
37123
2436
24478
7390
8415
4158
34381
3334
28926
29668
23798
20678
24589
31328
19218
4105
34004
6163
31947
29113
11219
637
16671
36092
14400
28684
31100
27293
14204
37170
22098
29134
8342
11174
10922
12572
30168
13358
23512
35728
6933
25638
30335
37442
129
28914
10531
33144
3298
18511
10918
15398
7093
17508
35676
31190
20070
35570
29180
12998
33290
15934
8919
27529
12951
19505
15317
14209
13211
35311
35281
5986
32912
20330
12812
32259
15351
25295
9860
3452
35387
12102
4957
4153
7914
27223
8295
10314
7064
7767
18497
7252
35635
18436
27049
23551
36818
13834
20074
535
26973
18111
15707
4263
27209
25006
22093
10421
16847
23282
27900
24570
15282
7209
35517
21562
22272
12404
12997
24175
22331
17351
25926
23299
27218
4165
31103
1145
31818
14288
16659
22655
29157
17598
15793
34685
8241
15788
29881
11540
4304
31779
16525
30874
25863
27898
2465
33575
2176
23479
22855
33330
32080
26863
14300
17104
6331
25884
3305
3117
15175
16713
28973
33999
31912
20102
12941
31628
3823
23591
16995
27204
4606
2639
17028
1624
960
37017
1667
28364
57
12963
7802
34224
29009
35423
17081
7055
11213
600
15259
21651
32133
36654
6614
18534
26618
34001
228
6261
15777
10726
25196
31208
15455
29503
17905
23368
32829
1457
6631
34078
20984
2388
35306
16884
29742
11007
34742
19847
32172
28396
12920
9736
794
7216
12357
4464
35839
8008
7247
26058
33678
31384
5236
37029
2594
37374
34938
6486
31094
24625
31137
8163
30198
18320
22006
21371
11087
26690
733
27434
8234
29228
12651
1207
992
32734
27368
37109
34666
2344
21488
4291
29069
35001
31443
27585
18005
17204
918
7220
1617
22657
120
30182
19133
12118
3145
16497
1738
13663
20623
37661
27174
29693
27093
7539
36554
34471
673
32656
14315
12387
25512
423
32866
33403
20521
19027
34303
28640
14143
7146
8646
29521
14402
6502
15776
28306
15850
30374
22185
29871
32591
5308
22199
6213
7738
35100
34738
14197
18582
34538
12507
6910
23319
15161
14302
24421
26423
3923
6642
29411
24462
25940
24874
19834
13624
15774
36352
20107
23213
37521
18220
14813
10042
21118
15461
35130
3977
34456
31011
11255
27651
3241
7917
31482
29149
5174
8653
6379
11542
28697
16988
26925
25800
22432
10188
29131
19765
20854
27906
25137
30163
11567
12171
7063
34307
3188
2652
14521
3469
26878
10324
12831
28799
34512
5897
26903
29516
18314
28523
4027
722
24657
15809
15269
24577
13079
29427
28463
28083
21940
20652
23366
25860
11168
10412
4746
21673
19519
10526
8704
18624
24845
13533
27576
2473
8166
2203
19621
8755
2095
33985
3812
25511
4749
11901
26266
6996
14862
16481
26218
26814
26520
21242
4524
34182
2295
10349
25603
26117
5304
20104
33892
30800
16301
3143
33199
30708
21680
22443
26437
33092
10515
3183
5419
9016
37567
14353
19246
32058
25354
35430
2196
22595
25085
4541
3898
34336
5839
34752
8093
36503
2767
19700
17811
28673
5031
29935
1090
33233
24296
24370
20242
13270
3969
7094
7991
34747
1369
35513
32171
8940
34281
11089
7959
29006
9997
1501
29660
26206
16242
18044
36615
5960
22242
17169
2932
123
30460
2656
2786
34450
17326
21677
5488
1282
22605
26466
33631
27300
7042
29345
26807
13706
27467
13945
26413
28417
1823
29670
28739
24500
12835
16675
9878
22670
25434
17759
8552
28710
14247
22796
20742
25368
28628
33316
27984
27889
26837
3859
32288
32717
24629
4347
12516
25491
9600
16880
6873
25658
16876
10166
20985
21566
11066
28751
32959
7404
4999
27182
25964
10760
22881
26378
36609
37570
26930
8281
29910
9966
14894
8098
3759
21334
26241
14753
24414
827
26948
10591
7327
27686
11968
5196
20372
1225
26714
8385
35990
22833
6203
36356
18354
31252
15051
22690
19677
28174
29561
27729
20909
28046
29796
35805
22183
8189
10861
31418
28434
3998
21611
12977
4084
7920
8749
13615
23720
13704
27033
18743
28606
34087
27515
8946
27603
5937
7631
27104
10230
6447
8617
19136
3061
35377
3571
3102
2479
28039
21471
32730
2083
37343
31528
35002
5338
30087
36394
9091
20353
28149
18811
10474
17176
36490
16601
14510
36193
545
6632
476
34819
8939
12204
4765
34941
28839
1293
19893
36295
19023
29941
37633
30885
34386
10370
33665
37202
12927
28552
21457
37619
7207
29263
4693
14445
5753
2925
32667
5838
4883
24155
543
26155
22096
14967
5493
12233
2145
13145
31531
13549
2345
19096
32757
11440
7318
20284
21131
31085
7185
21591
25296
29185
14906
19689
1148
33501
22798
6551
24049
32285
35234
14099
35076
4136
26630
15505
20415
16854
23340
29567
8779
27560
15889
16794
33276
7833
17342
16917
8452
17451
3172
14459
14808
26119
14448
8011
17158
4600
32996
25045
29509
29207
28409
22518
3120
19467
18545
24338
18919
32702
9346
13928
34166
24713
12788
5326
29928
26968
27875
11347
9378
4243
37394
5274
21788
10098
3851
17494
20084
3416
19378
665
33406
15592
29987
13467
11684
9532
21164
2492
14024
34465
13396
12003
14065
10679
33641
10728
16855
20356
9243
25388
2805
5800
32716
33172
34899
33844
23246
10167
33025
16926
31169
7494
12797
34244
17783
11611
35826
14581
6181
17068
23409
14105
30245
16566
14149
14684
30936
6653
13324
12960
21081
18699
16591
14613
30617
24719
30075
18371
21935
35413
11491
22954
1591
27550
17695
29733
1278
27458
2921
32625
33261
24176
32015
11097
14645
23569
29040
10925
6324
15143
27158
21787
11402
13687
17872
17732
18123
32185
32088
27126
16812
16251
35400
25561
14762
20655
7888
27681
5727
16632
36660
4677
26469
28568
27929
15938
17619
6364
30720
18474
21180
22471
32732
37194
1309
22568
25209
11468
1625
18809
18521
9052
29112
7277
34437
33521
25147
6516
11178
20170
5881
33906
30371
16357
12027
14187
17075
17755
24341
23199
20247
36924
11571
8928
37016
3939
20094
9853
29049
23669
8526
20321
22865
4293
10536
8101
20479
20794
37694
9582
36926
2039
10756
18057
14722
27884
32673
15136
23485
25124
20298
17710
24127
32612
13035
3344
28755
2697
31526
14773
10425
14866
21397
6159
3533
35996
2277
18199
28362
15427
10513
30318
8307
10878
32808
2851
5749
14992
4396
11304
25921
26072
6778
28627
19108
10132
26458
22216
25972
2347
30332
25839
20306
5102
1405
4949
26194
30907
585
33559
24537
14703
4655
26228
29585
18893
21541
11241
1469
657
28969
23455
31630
770
1810
14104
25824
14489
6096
30480
26164
13810
1789
34122
6689
1705
37476
19119
22718
28715
37069
17906
25745
6776
2097
8844
1919
27605
37089
5698
35492
5994
6434
35485
17111
29053
2393
23656
18086
33385
5982
26037
28618
8559
23104
22931
29511
22397
36112
17762
30572
1223
8967
25870
32545
23672
3032
11030
18061
599
22373
27577
2062
18702
2051
36657
31660
17280
15987
14913
20739
23565
20493
2734
13809
25456
20554
32141
36301
14975
28828
6429
10292
16657
19405
20192
35578
26279
30090
9499
14556
20588
19711
15638
8744
28596
8335
37470
24136
36151
28604
17765
16149
16816
32818
5584
1711
2169
8813
22003
3121
11327
10090
17407
27426
37264
28038
15783
481
8156
32955
32960
23364
15594
19967
34793
267
9945
23859
8852
24369
10947
14199
34178
6685
34700
20648
7104
22758
812
12623
27671
30831
22510
4611
801
23948
35115
26049
32658
25133
28223
28829
21725
14950
985
13818
4371
601
36084
8797
2069
6318
17856
13190
965
11841
10618
10853
5816
3906
8395
25485
11288
3496
35916
28316
18174
163
7108
22871
32929
22797
21394
27974
13526
29047
6381
33441
4796
15633
33223
35889
22727
22736
13371
3732
25112
1481
2440
13068
33934
7163
31562
32713
9430
26393
6580
26063
3013
36007
4147
21822
13866
32065
24684
18491
17221
29161
5384
24583
32035
22738
33217
16968
13008
31998
12868
36514
13558
33937
29100
34133
17065
28041
32556
26637
11585
26383
36062
33345
12428
7627
952
29234
31285
37491
13434
17754
34858
8855
22206
20916
7362
19562
23996
3458
36497
6888
35493
31030
26320
1219
28172
19814
33902
3383
2241
21553
36200
28971
17222
25198
19243
14421
17307
32464
1795
8270
4253
28680
24495
35356
29208
23012
35973
9557
17365
26568
9373
33701
35588
18077
3656
16027
33858
31289
26209
34247
14108
9120
21624
32777
4964
32708
18396
5704
4312
24730
10598
24496
3134
7675
29699
12678
15492
32869
11958
27007
19535
7286
5361
21214
8561
15568
34811
34959
29848
21156
7371
14937
23248
33190
29934
32664
34895
20795
9608
10017
12391
15521
37553
9716
14536
28636
11348
13138
1901
6579
3288
31366
27525
5869
16235
26927
32978
13158
3307
19911
6148
3351
421
31241
28959
19200
29519
13287
35225
9865
29330
32604
5380
1985
13735
10941
36095
16654
33205
13543
29694
3433
5876
10596
28923
24860
18978
36259
33354
9773
20122
19433
514
25613
15449
9734
32597
4824
23536
6967
14438
16402
7026
23179
10195
16071
1004
31850
14066
21904
16074
1967
14064
37290
9476
33319
22879
23921
16922
36600
3185
19196
30006
16916
28254
11073
25919
25130
20684
12498
15754
14019
32507
16629
3892
8360
8864
7730
3069
16302
18891
17822
21001
20333
10345
27106
3653
30137
20426
4812
32930
30971
1699
28855
15985
6185
11964
2336
28709
32160
7223
31712
2426
11453
36504
6241
26311
1522
35739
21000
32000
26276
3920
20311
5779
36335
35273
907
36070
28635
9189
24877
27923
23053
32468
33632
18926
35802
36317
16107
29194
6305
10848
4549
15561
37463
20861
16423
34704
33794
15835
23924
24862
12749
24932
18147
22054
25517
14714
11761
20570
14651
6004
25247
31013
17060
29395
10757
28671
173
20695
21237
14745
25518
21357
22930
18727
24055
27059
12453
34024
17015
6151
19980
33434
24964
18568
3572
6726
22815
31121
6138
33107
11974
10159
23359
14316
28735
7976
8540
20255
13601
19623
16763
10138
21557
12576
35707
17651
32127
35909
10505
19954
5428
27034
35804
1
32426
23245
20127
2396
8536
14545
6572
548
19909
12612
34727
27224
29652
31584
927
37121
2342
16637
33736
29057
24641
30047
26309
24174
11937
1130
35984
19844
21698
35380
18772
1400
16694
10191
2413
32679
557
31672
29210
33415
36486
17611
36539
16036
21029
17978
37214
34208
31033
698
32584
9785
33972
1938
7332
4002
3189
22748
1521
27964
19205
7465
9339
30156
11081
4929
20892
11960
4397
30680
17950
10244
6028
12854
3680
24122
28209
32216
20392
19223
32311
8948
11509
34579
27771
21886
3574
6461
23026
16047
16223
28665
19929
34140
10430
32060
32279
14327
19294
34516
28638
33871
26755
4367
9449
30264
24940
34371
37216
5596
13047
19459
393
37240
2427
23900
21225
4712
1895
13546
28017
20704
4139
11254
14092
24587
35222
20480
21010
24059
14273
15621
3762
11277
5924
23505
30413
12619
16522
28363
14826
22755
20859
36494
499
5072
3254
23048
23131
26725
15341
20910
34554
17623
14784
14822
14569
3036
20221
34305
8511
10758
13495
36933
34796
689
28594
36515
16622
22274
30503
12625
36727
24533
26380
11924
2480
10765
19145
35274
25129
10685
30197
28675
7987
18264
14100
5748
19322
29244
10609
22233
37256
7475
35725
12972
23775
30739
21063
547
7540
22444
21579
27941
11211
14299
18122
4284
21667
35691
32493
318
37658
31165
4601
23805
2290
5322
10059
27739
22715
13248
17349
35408
37289
6454
34566
21307
21481
20540
30649
9482
12938
28318
8998
33463
32678
32516
28123
3789
24508
25406
23391
35278
8174
1470
32674
36064
29485
22094
3747
10565
23459
28979
36449
3968
24851
30882
10242
3600
4905
4799
2967
18165
14218
242
6780
5302
11184
15325
28694
19989
37591
14003
9742
25753
3070
29607
30515
12665
16225
13647
23018
34298
12223
23476
10015
12022
14307
16830
6263
33880
21547
16979
23791
13742
36099
5366
28833
4783
16270
33240
21199
7892
9603
1490
31863
2327
16213
18364
23865
14460
19333
10086
29703
28329
9067
6564
6187
7446
24980
22364
17882
19655
18663
5788
6657
13152
1754
21659
25262
35687
34699
20360
12649
14347
18011
10500
9731
17785
25413
20823
11777
12958
2555
32098
33251
9534
3661
11266
37259
26318
34214
19028
30890
23035
12793
34231
36040
5443
4248
14340
9612
23142
307
2954
10152
22951
35290
31613
26244
27762
15869
15377
29988
32699
33812
24006
36688
15733
8190
30652
14135
30139
32210
29983
14551
14477
33581
1103
10993
18584
37501
20163
26235
58
27498
22728
19499
11561
9647
28573
25152
21563
5471
3360
21991
25345
20867
32989
17323
25756
7032
36938
9232
30167
6995
24941
3811
18334
3960
31939
13847
21269
13072
17274
23758
21681
21838
14418
28541
7194
29838
18219
9435
16902
30621
35781
19063
21794
12131
34054
35604
17132
36464
229
13333
7158
21375
38
9078
12660
36634
3046
5916
4730
26583
30465
27977
12254
16100
3398
10992
5394
19155
31661
30302
8655
3529
26974
31822
18826
9485
24989
8143
32511
23756
21343
5082
5536
11749
10451
3478
22771
13271
19489
5851
17772
12401
23767
27910
35644
33927
21321
24113
19568
17267
24351
35964
7670
26281
2517
3900
12120
12006
35774
6920
14700
1262
33467
11925
1851
30482
7137
21953
14527
24784
5719
32436
5301
33719
5221
20986
34631
3659
27373
32576
26904
18980
24873
20004
26897
250
27115
33012
27386
3961
23877
36188
6936
33938
6182
10579
25190
26071
13219
27783
27862
8468
6425
30252
477
5862
36379
647
35315
2067
2567
14265
21246
29144
28354
22187
8376
32761
20598
19832
2731
15039
21763
30455
36225
4224
4648
23092
33284
1756
19559
28079
8652
26889
35475
27283
31059
5039
492
27659
8136
28985
32305
2938
28385
35484
9401
8117
15482
22223
26130
5264
13746
5873
2975
7138
21378
13327
5900
33766
705
20430
24665
10976
19776
34996
3553
752
16410
23369
2896
664
24265
33414
11275
3203
30326
5667
27703
17472
7790
23975
6403
32815
27074
17072
3359
8538
15038
21434
20692
5988
19871
21113
10088
27822
25160
15763
25547
27656
18768
23349
36667
25026
28134
17976
2108
29098
6770
904
31683
12203
25326
19679
24564
11528
7714
17520
36935
4447
24692
8649
10311
33872
2525
18853
16785
19757
21130
18410
5261
28980
11460
28201
25836
4094
32772
13360
3617
20355
595
5086
6238
29554
3855
13661
10414
27127
2551
946
18659
25034
10584
1524
28740
26170
34014
32166
9859
12893
5146
33945
4993
32177
2830
22193
26952
10987
25246
27927
7356
5061
10120
10418
12901
14372
11322
12226
33620
26106
31281
34757
37697
6427
370
19597
8660
6011
18717
9737
35131
35911
498
32539
7626
11725
17667
11415
14754
24252
4213
14642
6206
5616
30960
7082
13975
14298
26267
15125
27633
14782
8215
32859
3068
27271
7918
20483
7463
14839
30416
25183
13166
15499
3295
940
7440
7719
16121
23407
29849
287
3561
26070
14584
14112
21633
6411
34829
6358
16089
26959
14520
7841
32823
14037
13473
7646
5750
32563
33096
6044
30126
2471
30249
3424
15840
32146
26730
26150
22283
17738
31666
12313
36233
2217
17990
5826
15918
4301
23929
5672
20636
7266
16515
36850
3983
33410
25777
36591
6612
37190
29085
12441
16613
36477
14081
34550
4132
35670
31996
2317
32752
22215
33796
1056
35064
28712
12335
29746
26711
365
8443
13684
17232
3339
19299
182
28887
36983
13812
25270
14279
18769
19963
4538
32737
27995
22998
22321
19732
32192
9887
17828
31397
14953
35630
12033
16815
23790
19174
19154
14771
14266
20140
29387
14572
16565
202
27547
14548
12546
4863
4335
24090
17698
19872
13609
21663
10837
16120
23903
20290
27267
2123
29680
5359
16913
5984
5496
9201
13154
14150
27902
16787
9203
9985
1448
31904
35611
24360
35338
835
33162
6066
20347
35117
12615
6295
23605
23417
14898
14542
14991
9015
25938
14176
30089
12497
35461
2391
36089
6914
33721
20385
30052
16768
3029
1753
31944
1592
15906
28719
15946
27381
1368
14977
25420
16879
6424
2264
6079
11350
26633
12732
28569
10101
8497
8701
12783
32894
29705
7113
11770
22059
3012
11496
22156
16324
25486
10643
13765
22063
33487
14272
4972
26009
36144
19539
35680
12360
28253
3296
15242
28674
33110
36734
10737
27038
24509
8435
8802
762
2167
11855
25483
8574
27450
6825
16368
3091
27876
13747
21629
4223
24695
30760
15155
30444
35051
37080
4945
10656
19576
4434
28121
31127
5527
22730
20700
37699
15331
1486
19547
8407
29880
282
303
831
36647
8490
30953
27824
6071
30210
32019
19461
34339
10383
17150
7057
35818
2367
12871
24448
33373
34549
29290
10553
37153
3729
16396
27100
21430
16811
28952
28179
5950
19314
3824
30386
26004
26270
27298
34304
22778
20013
10703
9274
12820
17865
29428
31319
28257
13951
34016
8426
3740
14668
32437
29467
26709
26775
26936
27535
31826
19727
10176
7500
6257
36258
11842
24497
3539
34856
13228
27489
1835
18760
27778
996
22732
16413
16367
18569
14739
13721
889
7594
37051
17885
24047
6877
9106
2540
11849
25363
13351
18209
28672
31802
27751
23844
32299
21893
22812
8172
9769
24468
13070
8379
13946
32888
6026
9070
14863
36534
20341
281
27046
22450
31484
10781
2909
1199
18362
22664
34653
18755
8422
33232
34815
36567
35951
4184
12207
1560
16177
26940
31899
8002
14309
27804
19395
29524
2297
18047
13256
7377
3516
26121
32139
3182
11337
25273
30690
36391
34413
23051
12557
36248
21241
5764
17059
30877
19846
10654
11895
37653
18812
24788
5861
10690
29308
26137
4586
36499
19508
19304
12122
12042
16086
2637
7756
29096
19815
25348
34647
8211
31029
4204
31136
7870
3927
17685
2010
20869
35837
29552
20388
23619
3636
31608
4535
18144
24447
4990
32475
28528
26907
36532
27948
18238
31045
10866
36299
3151
6072
11632
34045
9027
30161
33919
33886
28917
4572
33762
28729
994
13127
30600
291
17045
23449
10818
16012
26321
1847
20327
12084
23727
5392
6590
18848
25578
10222
11628
20051
28198
26787
21960
15056
18445
20617
3462
28633
31620
8457
28524
12039
1717
11017
23814
28732
12127
19955
8633
677
16316
23155
18485
6274
7672
35738
9951
11513
24141
34910
28716
24965
29776
31979
2275
19901
19055
18000
16949
12416
18548
14670
12200
12662
6492
8304
33236
21812
12934
24104
20904
34785
30011
411
23358
19448
17048
13750
34789
24219
1200
8070
23984
1650
25120
30861
11140
29531
36685
30560
24451
15632
11084
11112
6116
169
20036
9888
5413
18467
327
7880
21970
29601
30554
15610
14258
16060
20195
11568
2254
17955
16986
19651
22921
33390
33629
10836
7612
33625
29135
20187
18324
3536
32904
35447
35313
6217
11750
702
9634
33279
34809
105
24116
11445
7619
34011
5871
23145
33009
17279
11257
18852
20642
9595
37356
870
12435
12373
18821
19377
15334
27930
5084
9321
30979
23081
15200
6192
17751
3778
27657
29917
488
9438
25954
17922
19804
28994
37031
28054
36972
32183
15169
27672
17563
13551
18577
23052
34196
25532
4625
16738
23178
8049
27662
9214
20896
23241
27719
5571
13896
23581
21249
1868
3741
13153
8535
6186
24009
33728
19345
13852
29822
223
8170
31342
17220
18280
19337
9937
22198
14553
29533
37588
10189
31621
25854
12364
36913
16190
28984
14924
20175
28189
9638
6496
9661
4789
9127
17257
31889
29640
18762
31261
20087
19523
4547
23867
2148
28815
25530
1951
34786
6299
8753
31892
30795
24882
35648
951
3144
30541
18526
32054
31801
34123
18697
2086
25931
18815
7347
17153
31679
10186
9173
2007
26677
25498
135
10790
29830
34220
12029
4732
34988
21417
4082
25138
18831
25258
3098
31964
8489
29831
24840
3543
8363
22068
10233
23952
27861
7051
17665
27311
15422
32187
9849
181
20632
30409
11916
32903
8126
6949
24516
15883
24476
11981
27086
15243
3341
5836
22937
35454
24119
2741
10734
15802
16109
3434
24217
13825
34915
37412
4916
24486
30697
34511
29638
9851
26726
24213
27670
23552
31597
28320
148
18140
36858
22979
22981
21395
1537
30247
23134
31323
19579
26039
23483
3441
5306
8031
31662
32798
26371
34186
18816
33356
1422
24109
3306
29893
37285
3666
18751
7569
26869
25596
31489
11425
3246
25320
30586
10514
18119
20011
1512
27462
2811
27909
36848
35146
4715
603
31589
29813
2288
18141
27001
10523
19374
35190
32189
32877
31955
22324
37326
15694
1288
2609
11815
8057
27484
24030
14554
9573
11723
1982
29495
33776
16996
32832
26304
25435
25069
15799
6389
6956
17215
7499
22234
27996
29868
33200
4891
35440
25251
14732
27706
13288
19558
8493
16477
4823
2368
10532
19440
9698
37210
24613
22462
14004
16975
31627
3698
17509
13565
24897
32540
7994
35443
25329
30609
21560
22297
35178
7844
10600
7838
29966
10443
17779
1639
9967
5617
32789
12627
26901
5204
11508
6805
7450
16048
31215
31372
3287
29343
12430
34801
25310
3926
13291
6865
36322
415
3024
36847
35550
24881
28059
18283
6690
3292
17584
18839
26721
28373
13797
8734
24926
36150
27895
6900
9047
34073
22531
31864
11896
519
12056
23787
984
36512
34168
12583
20331
22353
4731
11032
13129
23041
9866
15916
26517
22158
20793
22817
3391
32797
2474
32691
23886
5980
10935
26163
22132
13531
10547
27801
9813
35912
25396
20670
36772
36509
8728
4609
27200
4624
29214
34189
34836
9284
7882
25718
269
36392
30891
36468
29198
29407
3523
3477
19215
19286
1315
766
23467
13682
26584
3779
3390
26830
8465
26995
18616
24455
5545
9348
35065
27653
17
28155
10310
7050
30838
33510
3062
31470
18056
23773
22101
12666
4103
32405
11581
22779
32415
11155
712
20779
26353
36154
8524
5241
17439
3834
8968
33875
32079
9644
32223
12488
23608
12288
4963
19787
434
12689
1075
36723
25950
9583
29908
9604
33792
27217
10708
19819
27732
2124
35906
4087
6223
4435
4688
28556
12940
22015
11026
31703
8230
4143
24927
2674
2634
18838
9451
14504
27992
29773
35038
3225
35144
387
8121
20550
22442
34158
18306
31930
37383
6329
17108
35499
3023
33800
21067
19842
22522
8425
33238
29551
2704
25225
14411
21152
1018
9098
5223
26422
6968
17218
29885
7018
14687
37182
22358
25605
9095
21313
13453
21967
6031
15306
16303
19723
4721
26665
6803
28782
22743
213
16465
9119
22617
12468
17011
21540
2395
12475
34873
22925
17604
20757
9101
17123
22493
19931
8257
14067
7177
33612
16353
31990
8611
13366
18799
10539
23824
33591
898
24885
34422
12928
15383
312
9793
3239
36182
14568
36722
19910
21952
10290
5651
24363
7030
8602
29526
26494
21166
34269
16196
35247
9917
30828
7687
2394
17284
11563
30558
6219
24506
21428
26793
23499
12617
35975
34136
9443
4702
1960
36766
15222
1271
17681
29028
18994
23326
195
28173
27925
29329
3187
12527
34313
35712
19069
22706
4653
21322
22982
11844
6199
19593
16207
30104
15615
28746
19770
3379
34445
21511
32847
18345
23928
19262
37286
18457
4667
81
16205
23801
23328
34206
30742
6013
30266
1184
35876
6600
6669
6883
34365
25398
2225
19762
21883
10548
2048
28226
21665
32880
23000
8472
34945
34844
14212
15507
13303
1889
8237
8179
25387
25336
29177
934
27486
23117
33695
4728
18730
3427
1702
9422
20807
16746
102
6659
3382
15634
21265
13779
16045
4311
21396
15762
1500
18674
26146
15000
9248
28762
8318
5168
4832
7280
17006
25618
30932
34509
4592
14879
6401
20762
36147
37276
15977
11442
10937
29017
20658
36768
23403
10327
12355
28428
13178
11037
25842
2245
13032
25689
18342
25864
21462
25535
11262
6541
5036
3126
7996
16118
37459
22950
26394
14055
6078
26687
12023
33671
14994
5610
821
4387
4157
10671
5867
3076
34284
6585
8137
28772
30592
11797
30088
36713
28770
8120
9820
17536
23022
29020
5140
35458
31331
8708
10407
33447
36623
454
5297
32329
24672
3995
21383
33091
18589
16971
9872
21200
3630
4349
18042
27815
17926
12768
33810
166
36527
1666
36450
16437
34459
11227
363
22488
27913
1905
27789
5771
29130
11751
3030
1827
31610
17035
18964
30222
18822
16197
26822
29409
7911
21820
34768
9529
3991
33407
811
8733
23379
27531
18483
34398
21703
17020
15672
21037
8106
26715
35444
36745
32747
31458
12655
1138
750
16512
24899
34525
31502
35803
13147
21899
30093
23475
32193
30174
25821
37451
11643
27743
34577
23147
32634
13441
8920
17720
32081
28432
28821
14858
11711
4314
29122
