157
214
96
47
38
4
204
59
192
9
11
156
34
218
150
86
55
229
188
170
41
208
42
58
62
22
128
163
10
135
57
133
223
18
210
228
3
209
36
85
81
60
123
119
167
16
72
118
68
212
232
21
172
148
29
73
224
226
124
78
129
12
5
146
1
122
130
201
205
193
49
112
153
39
139
15
31
27
199
197
93
95
56
200
134
66
20
91
76
113
171
155
211
196
177
105
97
32
117
84
183
17
144
53
164
143
14
121
206
216
138
99
26
65
107
141
151
174
89
127
114
33
83
7
82
169
77
227
125
108
109
13
116
236
43
234
185
67
161
23
40
184
28
63
222
126
100
101
44
145
166
221
168
111
162
231
115
30
98
140
74
182
51
35
194
19
207
24
46
87
225
190
175
159
195
147
104
233
189
213
136
102
6
2
50
106
90
75
219
173
52
198
132
202
94
120
187
152
154
181
