17599
42852
14981
51553
43826
575
47862
44691
20208
33038
35246
10213
15009
2306
48963
3541
36905
5845
10277
21314
35822
46381
38628
36582
40500
21346
44328
6334
20992
12492
38055
9508
9369
40706
42029
33581
2113
10188
20374
34125
3478
10589
28242
9766
25967
23618
1671
40823
18510
13244
39761
23452
11843
29576
45681
22499
2027
3682
32317
35658
21567
30822
26997
11147
12374
49741
5596
19889
41308
28028
2116
46771
38943
38366
15207
48590
10487
39136
871
15302
39327
28414
15170
32801
20759
8375
35225
21087
45462
33389
47554
9290
5484
33408
18684
33517
39914
8179
45549
7608
49763
49259
585
682
8186
29002
38431
30542
42090
41031
45461
5689
31427
804
8011
18467
32915
41444
10171
49498
14833
45383
26401
13069
28300
37057
246
20736
16990
23739
44864
21800
42749
18472
51633
38497
36443
18641
48694
10289
16563
38285
13760
7677
5221
1172
33148
16673
34646
6254
18318
28392
14347
9962
10108
33889
24978
11105
25673
26632
22263
44349
21930
42907
21922
114
17275
17385
9043
50911
23540
4263
12494
45882
5168
30302
12077
22926
29730
16885
15158
41341
29603
27477
23789
20834
35068
38810
4136
12039
22241
27927
13260
50480
24039
17113
8521
28524
17735
32200
45411
3806
11763
43146
11975
26178
14565
27437
34096
26566
48325
34600
20334
31521
29137
38904
1467
20926
21962
43835
34147
1755
32192
921
17700
5020
13738
42710
3844
26990
50250
49540
39645
8028
46794
37007
43952
32615
10872
18903
40048
28507
21544
32280
36740
24679
21200
34381
27527
46918
19198
28600
1939
32993
33900
41274
16118
2186
9811
5192
1808
21979
40562
26761
50773
22199
36295
4144
49974
4786
19853
15361
16201
20129
37781
18157
18125
32177
9592
48843
13887
3596
29622
28346
46129
35761
25818
41573
36796
2042
49279
37258
16204
27605
32817
5115
8081
21349
10351
41058
39490
37167
8623
23839
50041
26873
40076
31681
21686
38764
32196
48994
18543
35035
32472
22732
13349
49864
46911
22172
8729
15042
29170
50591
5412
13241
10094
44782
10905
7907
11741
6720
33968
38805
10915
34023
21007
2986
34006
21623
43165
14135
19360
42793
35726
46847
41141
26033
37106
43579
44629
18536
13065
12073
17065
30041
27325
20714
37080
11963
27211
27960
44519
30855
31720
38521
30785
47797
23598
35646
44162
6790
36482
34768
25724
43212
21812
19472
5384
1001
15460
22010
30344
29971
38630
25178
39836
12
37182
50055
19045
39766
7581
26688
2194
14708
20956
42820
51505
20909
32640
11350
50450
19468
26513
3231
8004
1605
35282
1286
51001
32237
30494
34397
9955
44807
6032
633
25752
34435
22472
32428
33523
22614
45726
33276
50830
31734
51072
32861
39964
6488
27627
13697
21086
48208
44238
42492
2361
11119
26842
16805
34764
19739
41969
3294
21275
14264
49606
31955
27389
21447
35245
26270
13280
48808
1611
34297
32954
37583
22248
48876
34523
23458
10964
43488
8063
28701
4133
33459
48822
10035
51603
44561
1773
30590
15404
38976
18127
3103
35750
15453
47553
39293
44895
50135
49686
38141
20713
25192
11457
38843
51506
44907
16167
18707
691
13135
48665
43177
21984
45875
3556
3067
872
10797
25656
36506
2404
14462
7132
6523
9231
25426
28643
6989
10970
13091
25291
39958
41466
11476
47993
21780
37054
50625
38385
16812
27289
33603
32701
43593
2520
17367
42838
34655
24274
1789
2250
28707
2339
33886
44720
25513
4515
48460
35199
8152
11784
39676
46173
2230
24973
42377
5930
7714
25957
36907
24944
14033
27837
11298
710
28830
20717
21877
29490
8953
13087
48014
12923
10285
6868
40330
10728
50838
39174
34280
40069
12211
2862
15957
46465
11221
42808
899
15099
32987
2345
45732
37506
13190
9358
12296
11087
49061
46645
10194
18017
43923
16320
3537
6751
51532
44605
47926
41866
8648
26642
50661
9846
29410
8172
4848
44028
40374
39261
28277
10475
10947
3584
21795
5998
46609
45850
22610
51501
3156
12205
23006
2398
50254
40412
35232
29055
46524
29558
30164
35312
14588
16425
47674
28978
12790
17325
16200
2692
6957
19917
2670
40488
51146
438
24734
8167
5499
46949
18665
16876
30105
46830
43368
33162
51262
7217
37860
33247
8134
39995
50620
49361
1814
16312
35605
42455
24023
6286
43654
30290
49108
43936
46251
740
41552
45118
22600
42575
31425
33708
48038
27427
4942
5729
28887
11207
6092
28834
8128
51693
50541
13720
41904
1722
34657
37950
4792
45012
38186
35065
29434
33985
33952
21868
32469
16034
46907
19833
47212
34551
1126
27483
34386
44565
9828
23243
18503
32865
28279
19742
36059
11210
15735
50395
24605
32632
3372
46336
51131
41853
2806
4132
5736
15596
2297
20681
26446
10379
4290
20386
8460
48997
47986
42921
27816
20062
16624
6158
5761
29442
43674
20220
32009
537
39107
1297
13713
51132
1247
45624
6171
21477
3699
27695
24373
17178
35450
44148
51316
24868
16494
14377
35045
31105
22573
49240
6374
15277
3588
51141
3097
16651
47340
16636
32732
15744
22666
17231
23559
16093
21941
41653
39702
33202
38787
24396
32097
21146
48839
8993
12571
37608
43081
46228
48059
10984
38641
29957
18183
44216
29489
7643
45723
1448
35281
44593
37580
25974
8042
16408
44661
11884
7228
14659
7235
6292
48304
18719
7412
37536
23883
1680
45491
24239
5686
2099
7345
28480
21841
23549
4418
44984
915
4143
49962
36538
16379
11296
41295
17494
431
45400
50204
47234
15898
142
17197
23390
17605
30137
47768
45916
15343
12572
16633
45823
44663
34143
38271
30461
42517
10457
15510
17880
44040
49093
33997
45458
28105
5470
25514
34225
25186
4261
7274
6425
20158
24401
29425
49772
19007
11665
45032
4713
34411
47655
4706
35781
20147
21883
20463
44525
3385
10392
23605
12689
2180
42135
22092
47127
18695
28050
40587
7654
38720
151
51129
40287
26948
45313
5084
49346
12414
50750
820
13558
5264
36106
49415
50348
28144
36592
46093
39272
30516
33070
34449
31115
37811
40533
16339
17211
10767
4109
8024
43463
23288
3879
29439
17106
16052
48851
48837
44632
39736
30544
22173
18578
29763
34534
28676
22106
28861
31328
31479
19949
5582
713
19565
16198
3810
19972
4534
14241
41611
18747
14049
7693
19106
29396
15975
1158
46049
39260
3213
13015
5812
38473
12717
1147
5799
