2626
3365
23757
41846
32208
9304
18375
36618
2091
24360
45906
41620
42858
13591
26485
28522
24657
35643
31590
36629
9703
17787
20730
24095
16148
17774
6299
12901
21602
32433
12438
44330
6855
3052
26861
44546
7048
7994
16035
27869
14166
13618
50938
18229
32712
36763
19267
27830
19799
25776
48373
9732
23596
25587
18086
4530
44089
29962
37917
36007
19102
45806
33731
17346
25050
46079
15403
36228
12687
23569
40341
143
26220
27688
4622
23700
18078
7208
21444
47038
44610
1497
23858
38576
47714
44151
32031
47589
29802
41889
23278
51440
34834
49232
42035
49420
28226
41998
4268
20809
1575
851
46629
51184
7499
33922
28048
49195
9557
46230
33797
28007
40186
37709
4135
41317
50103
35836
30280
51572
2378
47044
6140
47763
20702
17161
25016
1859
47429
9030
30073
25082
36830
18534
10441
20068
3715
10266
17851
40629
8168
50709
46742
4993
6847
50391
46287
32777
9848
28574
15547
42883
28552
34159
23635
23191
22945
13849
31880
45583
6107
11067
4721
6231
27275
45886
7845
15430
37430
25222
43447
32114
1005
15803
6557
35860
46312
49665
49682
28603
30112
41512
5672
28610
30442
1793
25885
45588
46787
25096
3494
24889
26925
34703
26745
46948
44378
9439
5407
40802
34355
3661
4327
36211
48692
38757
39610
50917
7107
13784
15493
42666
8251
49042
19638
43705
23036
7171
47164
47917
4096
11473
26993
6818
20844
8033
44264
2235
33189
32935
15100
42333
17711
1640
12342
41832
50937
11445
16427
47523
41382
12227
51190
34796
33020
15466
42163
48210
11730
37946
50311
12148
11000
1348
25350
50144
36648
6929
35935
7466
18821
38806
19907
46673
24151
44392
21245
20704
46775
30558
49292
40653
30815
4232
17850
37243
32710
46132
23103
12251
35376
16855
12370
44272
41695
39213
11770
35499
22663
12932
26145
4536
18036
8445
42999
2252
49055
10422
4339
4643
43533
42733
19798
2372
8253
3193
21521
30980
20449
44792
43882
39498
14914
17764
31260
35395
6602
22371
28495
26431
29791
4165
46121
16562
25992
42306
12729
13421
23113
1022
12079
46655
42662
30317
13047
32181
27742
39631
39661
22811
8229
6895
12466
7007
42872
18106
33506
26413
2408
38068
35764
41888
32173
40979
32542
27766
1277
47165
14923
31904
4810
51045
31216
4803
9920
4309
10666
34628
41114
27029
5938
20367
30918
12696
47287
30970
43630
40532
15012
3168
478
13132
23070
15143
16577
27442
9672
45783
9634
49120
26940
423
22676
44122
31587
12613
34283
42080
18142
11990
24554
27421
33393
51489
25760
43504
21116
4323
32085
29207
34733
18274
33755
33809
42752
43662
32722
12677
26034
15384
47961
2746
25880
10855
47820
20503
1880
40566
12762
35333
17632
19496
31075
28705
25684
22843
49351
466
6157
35107
44868
35583
41693
5539
3823
17067
50349
49504
30806
18668
23971
17893
50299
4209
24064
41673
25235
20571
26611
25317
35251
852
37625
1146
51126
37305
37832
22137
15050
7415
46766
10897
39200
4237
25435
19691
43856
4973
41767
50956
30821
2846
4710
33873
11923
15293
32413
32582
14761
27818
49771
48654
50730
29250
39210
48741
47575
13518
25600
3734
874
8977
14110
10189
10545
37024
32095
20720
42837
10135
40561
38743
3112
43569
18949
43959
39931
12583
1069
45997
30856
4395
24400
42955
15475
45075
4772
11049
49184
3643
31566
51596
30761
10446
45027
15350
47650
33992
17186
46803
43400
5710
10693
10455
39851
48576
22684
5062
27574
41333
44774
27488
47154
51349
25035
47938
46068
43118
38146
32846
51062
17435
43163
24040
18393
9945
27645
39795
17569
49554
28053
37063
13213
10415
44128
45195
4494
35910
47120
5079
24946
42490
24253
27943
5702
39718
3545
32936
39232
27609
47958
28756
51051
9244
31871
28967
11157
48338
28273
48188
2838
23647
24925
48299
11504
28304
7327
5434
7655
17411
34668
46928
43976
42450
23953
50386
28145
31588
3932
5226
45389
44222
41909
33124
43702
51182
25415
25404
48074
23771
27384
30941
1650
7640
43483
51663
39378
19372
31538
20867
51044
30005
43458
45113
10884
7536
2597
40944
40858
1692
43879
39987
14012
29127
5070
30055
24116
37098
45230
26066
17489
16798
31146
50683
44257
35083
48235
39886
33928
41854
45987
39623
17048
913
10952
17663
4891
19212
43873
34741
1892
42722
10836
27222
21490
10017
27496
34640
50779
13941
18497
30985
12700
31149
17412
29702
46704
42960
42040
28545
705
21588
3625
19699
33792
30253
27244
9915
31337
36410
34781
12323
35566
11113
12371
7673
12936
32016
51614
46790
24361
9423
50876
791
7639
13417
13042
18022
25742
3933
27419
26409
4013
12882
27610
8594
20519
22494
26618
19139
40978
35687
18720
19498
25134
43141
21754
20738
45387
43369
10325
46497
46795
16645
50774
51541
50004
33713
161
26914
32385
8360
8420
27989
35998
37257
21563
28209
10394
47722
22775
1528
32157
510
48974
26187
12839
34676
24308
18050
20984
21028
3903
13792
37926
16626
452
30395
46943
27715
41719
4078
32282
33449
17030
49986
46705
20126
15954
10263
50785
35120
27390
307
30690
5524
40490
33649
42721
32893
5132
49867
24680
7706
2035
28425
104
23247
28690
21654
39716
8826
12283
23249
2674
26179
21569
48474
18141
5516
13196
44640
12989
17548
51079
13172
46283
13041
8110
41825
16437
8571
14349
37985
12034
37789
20700
8040
34545
14630
33745
25157
17810
28301
40237
41403
38699
31892
39494
5699
27973
44227
23290
44419
25680
7718
10329
25128
34769
19325
20310
30135
6620
9677
46667
15739
22073
46974
11515
23420
44034
15699
3084
49034
17985
36821
7332
26943
32108
15852
2598
2787
8078
45567
328
25454
48670
50199
16618
47088
45936
41229
50050
45418
35666
23154
47183
25750
21829
2277
11574
29733
21815
41724
17217
21710
1718
19967
35814
45991
22082
8579
17198
41181
7253
45171
1043
22476
38663
6450
47784
38647
25920
31886
770
18893
14131
37957
13944
6506
42902
14819
8520
27291
402
38351
15810
390
42799
45100
51229
38782
2727
8515
34805
33273
12605
43384
31974
3876
16360
43164
34230
21673
30066
35007
25558
27156
11206
7109
22892
37669
233
3764
18731
49078
51370
9350
19781
35052
46077
41098
35041
18907
3824
46628
7984
38868
32857
32152
37795
12017
35955
13399
21260
41016
36451
13505
46252
8900
3305
15069
48005
25980
36694
21189
16378
13562
28128
42607
44553
22766
46815
43021
39885
46384
42510
20851
8833
19993
4357
19402
45413
16568
2031
2449
435
49221
39352
31213
39832
3575
37438
37069
50649
42589
21936
47780
3659
14333
23855
44828
12976
11056
50171
15757
17320
9884
10939
21880
1986
39226
8146
11019
24671
25169
20815
15147
11667
28639
21001
38281
7263
34811
4970
294
11237
23539
28264
40576
48069
32973
28498
24572
31467
594
4435
29401
42119
28186
46586
43729
4860
44583
47663
24119
43283
2402
5188
38594
2426
26854
4867
77
12048
40683
29487
38916
11319
51307
45261
5126
31689
39435
37812
49797
14249
28983
50809
49426
28119
101
4043
14348
37118
2960
20298
16793
45447
29219
20197
10740
5595
41661
8358
10388
32704
48405
32378
50852
41422
34326
32876
10096
9621
29472
18744
32316
12123
1581
49092
14169
9482
41377
49494
31847
29740
29520
38084
38089
51616
9600
35519
2652
43531
23400
31264
31293
42011
22646
32003
22809
14387
21620
42627
49414
16684
3106
36969
18420
48091
18007
14795
19016
30400
37734
37497
36478
17497
41228
38615
49218
48748
41826
33519
30926
50420
47219
44642
37032
6484
33685
43726
20264
7779
2499
47490
12226
19302
27171
15185
11664
36307
12493
27556
20428
9289
774
21702
39815
48228
25931
33394
3477
47465
21921
28902
46867
27991
22366
39231
42205
1571
26970
22462
14188
17313
39677
18953
42647
30114
32791
45257
32645
12327
41081
20699
32314
42109
22852
1309
17244
16561
49527
17620
43565
43432
35608
4927
51142
44426
21730
17060
31500
22234
32813
11118
25772
14270
6673
36136
18515
11954
18926
27848
9573
51125
22657
14901
15630
4453
1411
1821
13452
20257
33605
4965
2579
38037
49110
36622
47823
38130
45734
7490
1550
11377
18996
26337
7115
48276
15858
38427
11217
38064
22110
44348
30736
36369
38797
6527
15981
28677
514
31856
30625
3056
15613
43029
48191
24663
3282
1271
19688
50444
51119
43782
33396
21093
7098
51585
36935
29907
41082
2515
11125
35031
46059
15770
45272
10695
35133
32796
29545
41577
36615
6325
34126
46999
31757
17932
28040
13985
51547
25056
25925
46531
9333
22491
35867
27087
20464
716
6508
36493
21016
51622
19206
42518
20397
47356
40569
18648
22285
34223
8045
32189
9471
4745
32106
6503
49409
34306
33691
11230
35905
35012
13922
2529
46734
14898
32014
21913
20933
49182
20393
49275
8902
17900
8698
51678
40990
30255
36539
24263
13184
17488
47297
21733
49394
33561
21608
40164
30069
10030
48782
10977
50341
11331
4369
35263
15772
29107
36403
21530
21312
16119
5027
40852
12819
33851
6416
26869
35226
37079
19614
15697
49242
30420
18560
31545
47034
2268
51400
34687
2679
33896
37750
9361
30949
24921
21478
20523
22435
34983
7760
51166
47104
4038
26001
10386
42422
1757
36141
36620
12506
841
44575
25607
11033
2607
16692
39425
47116
27499
6584
37022
84
12544
6866
10113
46832
26836
20692
27951
26982
48984
26976
33846
13750
51092
37722
40266
33514
11660
10808
42044
23790
21788
51205
26947
43967
11509
33524
35758
42289
40279
7089
21453
32839
7599
39351
6848
19546
5367
31589
35181
40572
14407
16504
43801
33598
43169
22176
32719
6166
12157
26530
36695
14945
47596
4166
41670
23048
32735
31298
30608
29902
48878
49888
28188
17279
3985
42672
19636
34832
4192
9365
14907
17388
49637
26654
43470
5425
20254
33648
762
34704
30396
18189
32411
38989
4851
48383
34568
36421
35346
42320
24591
42385
14920
24582
48521
35669
9656
25320
15970
42303
44533
46326
21044
20090
17865
27798
2045
14598
21677
41796
51007
6889
26828
33980
42027
35470
48000
48108
44477
26069
21597
41375
20746
13951
6265
23584
4599
13239
38672
8280
18690
20581
17522
27530
34934
30615
24282
5118
37660
15648
21505
29611
3718
4899
33179
19809
24139
31928
39408
42302
11616
18469
8025
50753
49432
51118
12558
1301
27820
11306
45399
2073
32711
4469
36158
36857
51150
19541
26233
4751
3677
49163
31802
34863
44648
26438
15241
16029
7715
313
43745
13118
50474
17778
36983
7882
32653
17635
26811
26247
36148
426
36179
34391
34460
11585
32291
50478
36206
15242
17055
6654
38917
14473
14087
38972
24923
20154
29123
17250
15851
40202
41970
50389
25572
35640
6740
49172
14712
30385
24183
12580
17535
27356
32662
45988
48691
49255
30007
32230
33645
47386
4683
42513
35486
11561
18658
16120
4920
27917
20545
34200
22298
32731
2611
23122
34484
5187
15332
47448
4114
40711
42434
29637
16323
378
71
32162
31572
11544
12475
25584
11425
29115
43358
40505
35136
41411
20116
22831
46181
9795
24898
35602
36865
32123
7950
50553
27705
10756
30836
44251
10605
36300
11597
46199
50652
37654
33195
6647
32863
45218
36169
6145
48509
3216
27669
316
51114
18023
47799
8746
18780
24983
21613
38207
49519
27441
14370
50738
49718
34488
22789
23217
50742
9567
6152
29347
43121
45639
8702
47971
23782
36563
15749
41429
23472
31170
42638
43509
10823
22069
51102
24974
29674
37979
27879
48609
35288
39457
14469
19018
10413
46702
36919
23743
50499
14662
24837
30854
44579
22420
42210
45701
33032
26659
27518
42714
9534
29718
29986
40981
38357
41559
45181
10244
25570
28138
35941
10256
36975
14520
17375
2387
30724
14654
46087
5726
28207
9728
5639
48368
49128
14368
14439
20293
25844
33989
50076
28396
17379
43900
32321
50351
30233
1766
18826
8617
14474
51076
22899
39683
18626
7174
5584
13832
50725
11456
29690
22714
12315
38726
37833
44626
19574
22660
40280
48852
36805
50528
39282
29744
12814
36517
21209
31344
18792
1255
12755
19906
43668
12998
21585
20311
25501
1843
26017
42101
43743
10280
27104
11281
16538
2125
13561
10626
38026
34457
24954
34202
47519
37986
47168
39100
37723
47756
25829
41624
9907
13129
12972
45467
19099
35049
35989
32544
36581
48610
51171
8084
32718
27903
24670
29963
13492
29949
21062
46146
30282
16995
26388
37591
17929
26326
13022
47639
2882
25932
23436
49685
16226
23773
7997
15176
45800
43604
29255
2039
21436
37019
30117
13035
18223
7893
25332
48360
29270
43226
42357
21929
24719
22727
21554
16993
13006
51458
10890
43303
1193
22490
46845
34506
44329
4360
19486
22012
30699
19814
25718
32296
3466
4403
23620
29380
26139
45151
38213
48699
38898
36596
17467
545
28555
41273
6197
16791
21565
46914
29193
276
27636
3882
13888
43503
48881
9444
15645
6060
32867
40447
49175
36530
27375
12778
46502
51612
37482
3356
47426
44097
19806
8564
11031
14118
39152
25202
13455
28059
39468
45704
45361
26081
48687
4115
37236
37695
5447
256
13758
9082
41829
15249
2435
31001
9758
27409
41200
7825
23032
39905
12903
16601
31585
12127
30896
30065
42407
37796
15194
32991
36809
25428
6203
19298
2473
28897
29981
18930
25646
2870
35404
4844
46264
43586
50269
27157
1981
20185
6701
26992
654
27260
40940
50070
3766
4589
23517
51346
40044
44625
45416
42648
19501
14027
3427
37129
7944
8758
43402
33730
48688
2245
8419
14678
34183
19821
3749
49371
28375
11622
27308
2479
20727
12280
47834
38965
37841
25121
41315
49675
6741
42274
46958
42659
8748
24903
9109
21325
40095
40129
42476
4689
27664
18921
36667
33609
24950
30371
44996
23854
44447
23555
33723
38101
45862
23238
39338
38338
39852
22777
19458
18749
45016
31814
16940
4628
12346
13235
51562
45483
26445
6817
41900
18029
12279
31710
21118
2010
51006
23412
21618
20821
34706
15076
25944
7465
17982
11463
15765
28875
38424
24490
6924
712
6123
33503
43990
18109
34087
14113
21537
37706
722
30708
7621
45826
13104
36575
47891
2916
50297
29824
45590
6181
50579
16419
47420
11989
41367
33367
13876
19838
41294
36681
28580
28158
19959
36314
24632
21012
22894
19283
9007
23769
19894
11683
32079
16778
37965
3719
5520
35
5361
4282
48983
28447
49838
8663
5391
5372
32661
41392
9887
2594
36446
48464
18791
24875
34942
25984
6509
16552
19886
11684
33105
6825
5948
16679
16153
31038
26942
37210
7587
22667
18171
40751
24669
17214
35675
44628
12078
36328
49004
11826
34325
27297
21112
20625
27512
16331
528
38761
1751
30338
17463
22269
7835
41325
38373
35532
29593
34969
8425
5942
17650
24779
6798
2953
3808
18324
48906
8624
48990
37558
8383
49720
36894
12585
45146
19943
8403
16853
50473
4168
37588
27993
43885
44353
43733
8909
15669
31230
24231
5891
29169
34107
47691
8485
29292
32127
34419
5806
21851
42332
10623
32742
20643
27464
26581
46747
9763
50488
5609
8141
47653
21351
48636
26246
21803
5871
22334
50859
31483
23684
21221
26951
5242
35299
35018
12460
10286
20329
31118
1156
23358
14108
13151
14524
27676
33006
30347
13854
11055
109
13200
4326
31927
4830
34950
5561
905
26630
7497
51235
31634
24813
18523
3841
20862
25190
24188
18035
45645
51658
39253
12732
13952
28149
4305
5547
1046
12714
38075
48838
41893
18005
18450
45107
49955
30680
23833
51066
35213
43401
48569
7750
28716
46478
47677
27594
26240
19747
37459
10772
32311
41010
1107
43138
44016
19492
47522
21619
13614
13359
7897
45228
48575
2546
24349
827
3391
33743
42562
7702
3918
19935
34414
37934
43614
39561
39072
4865
3654
48803
186
49958
9783
29893
31559
22834
28455
1230
25678
49847
43348
25385
6250
29652
23778
37388
43075
17222
49496
46098
14976
40301
40049
21449
5057
17348
29909
30211
45170
16157
15543
3505
12645
42827
33092
31571
20675
48073
25585
14226
33343
8254
21063
12950
46817
49521
51449
18519
14428
11071
12183
21305
47375
10409
41955
47690
43464
6903
42089
18479
28160
29395
29916
22655
4661
6463
51018
22706
31890
9283
42770
39777
22131
43088
21748
31626
33427
6079
27999
12230
35773
5552
40951
35594
15001
13148
10253
18751
41357
43750
35272
5877
30432
38339
43190
19034
27678
984
31578
37099
45129
40073
3159
5550
3371
37071
1274
4283
15201
4484
38149
19248
33794
2192
19945
14327
9488
41713
39097
45593
891
14962
48954
46432
28339
7361
46891
33154
21175
25891
44580
47840
47471
34056
9332
24987
32495
28634
40132
15714
1420
12308
48935
13834
7652
45923
21974
26537
11124
24532
15240
44726
44858
14414
29253
33686
17791
2084
8578
37966
11265
751
10226
24931
5579
47760
1287
42151
47886
38714
15079
32131
18326
252
43117
20693
51560
82
15711
21881
29772
28117
47737
28422
36096
14780
8779
15063
47507
48085
38279
7736
5055
30121
16850
30246
18249
20884
31926
11841
29143
20552
209
12947
2493
45285
7093
45213
14721
44092
10919
16012
287
20465
36710
31985
24887
21148
44633
25403
40233
21440
38119
35341
9603
44955
3137
18725
34519
1345
45607
36468
45235
11013
45347
36183
7642
51473
22967
44576
15811
21595
27708
3280
51339
29072
25535
7960
15414
40050
35253
29823
4705
17533
28486
14162
32513
6489
1524
41737
11887
4935
31077
45821
30031
1802
12925
44649
11890
46986
45597
2103
47984
4761
25628
14289
47094
38533
50430
41430
45258
6120
1390
18499
50371
10778
1558
42984
24749
14766
46247
24899
9076
145
47923
43914
19522
2114
24240
50650
286
9747
38581
33310
11807
19064
47383
36801
18906
35193
32842
40815
49924
36409
30764
3066
47896
35686
41493
42865
15997
8619
18849
2176
33100
1273
46018
18463
45658
21652
13926
28813
32039
15733
23360
43459
642
35841
38778
19573
14383
13295
9438
8590
45029
3398
18761
3567
13049
12600
3238
9403
14361
16851
7814
44759
24106
30518
26660
1996
45294
31668
51031
13844
11220
19121
6172
48083
42352
10924
51363
16922
21782
3849
2376
7136
43496
30940
27200
24309
42257
17796
15059
35338
10624
28936
16159
25036
5796
43262
23709
31431
4177
2959
26805
25551
42952
44408
2614
38410
13023
22898
33833
21141
22998
18786
45142
37060
25372
48289
24989
14821
15073
36450
24592
44336
19114
48374
32773
37827
48564
23485
42467
48300
30574
38681
8284
20234
16397
11283
6124
7980
32997
19092
9627
47014
42454
11919
18848
42405
22394
6898
30163
43620
48023
27349
41482
47819
24724
27656
16448
4638
47317
13284
7425
10168
3217
39296
25188
25304
47999
14753
13115
35892
24861
746
44881
38074
43754
20498
1060
36282
51345
37175
42689
29431
20845
44475
16219
38370
12223
51432
33977
27777
47453
44918
16141
51106
25580
42576
16748
13578
33753
51559
25664
38701
19745
32912
13867
46249
26290
43920
13559
26780
7589
50860
2610
9127
29562
27642
32113
33898
32771
42203
20937
26903
3201
22681
14990
23486
30573
37385
7661
44290
8916
33066
36394
40089
40967
23950
44448
20782
20173
28819
42818
46898
29198
36251
47206
25536
32360
41848
19375
14173
48028
701
24186
25910
46536
43060
47278
26710
35104
13380
6697
31358
32966
18730
51232
2682
12537
48724
45353
9194
7931
40392
13672
6210
21802
19987
137
41249
22513
20525
18332
34752
11805
24911
46168
11299
39395
22230
6054
26950
17089
19503
8945
31069
33318
22399
28644
24940
14771
32626
34215
31639
13060
14078
30219
22805
2167
22442
21679
30208
9867
47848
16061
38190
45106
5195
47842
34633
6097
6927
35252
20810
32335
4728
1010
36107
18309
9897
2446
17090
10399
3161
51091
45749
37678
8424
29093
20092
49291
26134
39451
9302
48753
49283
15742
50383
46604
5886
6624
41665
36569
21283
19239
32334
20586
28106
28636
14725
35848
34277
519
27290
25442
16687
37150
27059
44740
22066
4454
15665
10524
22724
27634
17721
41640
30892
26102
38758
35510
36996
4612
11942
30201
17032
28832
43973
15324
3325
459
51342
16644
35078
44826
46955
17935
10132
32660
49811
30540
11104
27728
21039
20149
7227
7302
49983
40107
3589
50842
36673
2622
37692
37728
17115
45813
32210
14984
21858
43573
50160
38463
38960
6110
13806
8337
28704
37184
47170
32015
49378
37328
15933
29081
30745
20604
25267
45044
20838
36208
20843
38166
15895
1735
9740
23638
22574
37643
1898
2958
13594
25097
240
17429
24867
20974
13318
16024
25604
47389
938
7602
25520
8910
13283
12699
19585
3462
18677
6737
23292
34304
4371
21668
48425
31998
13821
18660
16639
22262
31168
39554
5478
24104
42718
50019
48950
13263
44459
9493
32553
18199
12840
44071
13143
46447
17224
22036
29152
44863
47218
14864
34874
33123
10059
8464
30959
14442
14560
47611
15287
41769
21354
38803
19819
4320
3189
14854
48905
46533
44846
46288
20923
34451
40337
30826
4861
2478
13445
12140
29427
26472
20202
33732
10735
36767
44956
37411
19213
29967
10537
18771
12384
38836
12680
19226
22952
7296
2974
41088
14074
32651
39318
11630
18104
26113
23600
37855
12465
47161
37665
27919
25258
23936
32115
25998
9070
434
18404
1447
42545
35987
22673
25508
43735
16809
46368
8652
45944
1063
4221
42401
19128
4537
16104
24577
22619
8430
37763
38100
47707
12434
31450
7232
43179
12825
47563
38455
3019
20237
39073
1102
37090
12232
41795
34751
43925
32765
8612
28561
41518
43981
36175
24688
31733
2241
31268
35022
12606
37211
48355
32972
21464
5638
12152
8795
38921
45729
15416
23254
51336
17486
11429
24269
16592
13920
14930
50017
30768
4889
48366
22094
40472
32066
21361
19965
28322
32190
39106
40749
45439
23863
35297
38804
10082
21203
38890
4568
21134
42304
7445
36978
38272
19843
21601
22601
35831
10581
50659
8242
5889
29921
49579
44647
50264
18701
39888
12750
10073
29274
27529
11434
4058
46340
26447
22591
17409
39881
9689
32577
3535
21604
33284
34055
15912
10567
48581
15380
26428
41632
11898
21287
16070
17507
31512
25261
37198
45927
16943
18053
46593
50563
3311
11812
17907
35693
38988
27480
6329
25201
21106
4690
41165
39930
31994
11777
5504
10499
30655
12405
47461
48960
48441
51340
6733
43167
10510
10191
33311
47137
44997
36677
10148
39504
5418
40811
43689
36766
12075
6644
21609
32515
40783
47016
42250
6659
6639
48970
17209
6908
47516
3191
42115
12260
8629
47149
24571
22576
21933
1833
39862
34530
27019
17068
10921
41173
34309
42529
26026
38482
17277
6637
14381
35697
16454
24897
28528
19582
27889
7962
3927
10792
46003
6415
15730
36276
34873
27035
12352
2317
37396
32547
31920
41356
25319
20470
24759
17823
24778
41920
4308
31547
39996
33182
24766
11917
46203
23355
21972
48769
48103
41997
12900
12028
4291
13085
33141
35839
41728
12373
14830
19682
1725
41781
2366
48291
15239
895
19310
46374
23388
28299
6884
21418
34656
1531
5785
28635
989
23233
44790
38649
17539
21694
48937
35915
35527
6194
30082
27731
10708
17389
1547
26900
28015
51373
33019
7382
24230
47992
13880
14592
46398
35148
37898
27357
37262
36121
48157
11731
11166
9211
42272
28691
17045
20789
39330
26099
34995
28815
36143
22773
21197
48126
36256
3480
46143
28653
39207
24732
46640
21487
18020
31140
49666
37127
14325
21746
35704
8208
42697
5053
36979
20155
38384
39549
28543
5869
26311
51372
12847
6567
27479
40782
46541
32837
30748
33043
45820
36092
19610
30648
21262
51098
9255
35427
20669
27167
15996
3525
4018
49210
49364
9750
6603
44766
10745
412
12828
1088
16678
47925
2187
25614
51407
16551
22478
21042
28333
26466
22215
39206
46072
581
48229
30204
44473
48893
19463
16010
35808
40727
30960
17130
5536
40176
40333
18983
40507
13501
6305
13353
45982
12221
346
27413
29498
45899
23785
18599
19666
31705
42834
40334
18092
15243
15412
51366
20986
43980
33594
44526
8657
36967
12759
9790
35323
18865
27434
34007
17012
41699
44989
8204
16281
29136
12328
29655
15848
2414
31193
25427
46822
18514
20621
17329
3091
29225
26358
22796
3491
47037
32306
1395
33348
49889
1351
49646
9793
8343
14222
1410
33591
8036
11714
32007
29627
34645
49678
38531
11356
49620
4075
9653
42579
22733
2970
39110
32767
21040
48550
33899
26287
22698
34285
20950
12156
11163
23930
40628
36017
37582
3885
26451
19898
27373
22244
33661
22876
48717
7216
48835
25484
28358
23542
23404
48183
51353
21951
42238
3935
43215
43836
23832
40282
17825
20814
17051
13670
13433
44949
11596
10898
9752
7406
1622
28274
45876
7484
51668
61
38159
37840
26135
51589
37064
14719
46659
49661
10126
36993
31124
27560
21954
50275
39857
8112
917
20216
37941
37077
22680
159
14394
36324
14982
5913
19758
26748
38776
14057
11773
47159
39437
37109
6150
13020
44991
42294
22242
19329
4370
7820
43605
49925
4051
22729
28133
45685
16762
48353
18647
201
40908
42726
32529
41004
3464
15756
1674
15074
47599
38579
32233
48922
3234
11486
43272
11455
19733
13527
9005
7883
25703
51696
30935
1425
48130
26894
30171
44788
49849
19754
38450
27432
35685
30322
39476
42918
22222
26003
35352
9906
41704
586
28665
22636
29760
37613
41886
22598
29661
29805
43
25833
21218
46440
39020
16351
3064
1627
33604
2451
12684
25543
40833
30808
33220
22079
2819
32667
8817
14299
37776
19971
25307
49330
6594
15564
5065
19547
30311
44109
28608
34897
40794
2552
25113
29366
2271
578
48270
22587
30885
25118
5628
34978
47238
18917
12786
11794
38299
3987
33773
31714
25110
34282
8160
6002
34352
22905
50611
40325
4487
11047
44466
30043
11868
34452
5898
8697
18285
19203
27298
45669
22216
15474
30469
39488
3014
39302
15833
37661
48166
26162
12835
46158
42942
7580
51601
24330
27569
20304
41028
2544
214
12347
49740
2992
15317
6879
51189
26732
13984
13770
3029
23617
19900
43245
18857
36161
22549
11598
19157
31908
22821
17042
7173
3307
20051
7635
45307
23001
28154
22449
13497
138
9822
10509
17830
39167
9676
6753
34562
43292
3339
25795
29993
16129
8490
47914
46774
7020
27170
24907
20530
48900
17261
1014
49690
15819
16790
47686
4813
40039
15546
41115
10089
10217
6424
7958
16094
5211
13064
27116
12102
44566
43147
35977
48424
42618
14538
48161
17563
17722
23848
44703
7054
16522
38013
18883
46206
23317
14600
2683
25115
49333
46452
33176
8357
48236
7881
7153
29001
7470
25689
28178
22231
30605
26363
4709
21655
32425
24830
2654
30299
33492
46528
4502
26590
25208
19460
1505
49810
19351
34274
38888
44268
21542
44847
39563
51265
20394
32365
39240
10207
3101
10857
1881
28694
44072
10309
21050
48511
20022
10555
3051
7924
18721
47064
7009
18606
5804
8021
22174
24393
31477
45678
12749
36160
1957
3752
39208
22981
28541
47956
1216
47562
30835
22502
27130
43701
35014
30130
15882
36786
22914
20939
27992
43996
3335
40218
4941
29774
36168
13385
9381
32833
42631
15917
14343
28017
29796
41324
9432
21155
46670
33636
28239
45636
36566
45788
46330
48921
45642
5270
23393
4127
16357
36113
10944
44370
41582
6243
28594
135
3198
11586
25547
3300
2390
34597
28094
38175
50302
48411
14779
30072
25412
39617
16318
40389
36455
13936
19401
1713
33101
17559
21925
15966
29828
21670
34042
28810
17792
19323
25062
26189
50853
33213
30009
12592
25598
19006
49523
34209
46979
10730
29112
16832
37307
1951
23621
31846
38614
20399
18390
32236
51200
38871
40196
13
3695
25926
23980
8030
28291
38543
39706
2559
36088
25182
28948
22656
17653
17440
28168
40707
24149
39033
14971
45003
41094
30303
34564
24180
23272
44837
16193
50252
34525
16177
6314
39131
25247
23969
4659
39629
13752
1559
47874
41505
27745
48232
33950
23187
8018
25037
10160
28465
42709
29488
1911
19003
31619
11797
8005
30018
17141
49462
38394
25237
4489
47982
10793
35807
16255
25836
27296
34542
35483
24125
5004
44263
17644
30203
42802
5351
8083
35514
42765
41413
3296
35950
789
8653
21407
17387
24787
28841
9395
21825
51170
46874
11938
37471
25560
24881
15114
12738
46526
39310
26307
39688
47195
15800
48404
21383
5451
23920
4276
8393
20016
32681
9928
19408
48135
25150
7365
11398
43476
21770
26463
12681
27100
37994
44540
33011
31565
17861
44017
16267
42031
12305
46411
45771
25327
12219
7913
51005
29051
43098
11466
39590
22704
879
10477
29867
10109
48729
27714
5755
23328
39085
28988
30433
9748
30792
22753
36392
6013
19370
31869
29807
36617
2560
24782
38583
9911
18762
39611
25088
29612
14403
49558
9799
11997
27004
4796
13967
16826
29673
21826
2052
26957
19441
17740
18531
35172
2044
7275
36663
19415
22252
36498
11692
25842
889
10275
18583
22483
42301
50572
44436
23142
17451
33480
41738
29663
18967
21355
37710
51689
24772
34153
39731
29482
14446
51273
13269
21574
38496
16580
46224
13137
2329
45290
16341
46893
47231
44522
19254
47681
3714
954
48334
18210
16488
3017
40242
19417
34427
40964
43998
32406
48603
21476
43415
22290
49171
21835
30222
12881
37309
43870
33303
3207
32720
29277
29432
31781
16974
34541
40574
14657
7410
42220
10084
50803
48239
43544
4302
49553
42469
30166
36091
34320
51571
30559
36303
49837
16405
652
14773
39062
24957
34118
49727
50369
3102
25504
51113
30472
32375
15470
39970
20902
18621
42857
7334
50888
14835
36212
41593
48766
35756
24383
20380
34631
2313
18664
15930
42388
31027
180
30562
2893
7178
8215
21255
2736
25933
41799
41066
36058
11894
1583
50931
20085
38938
31064
30148
32825
2074
1407
5523
38932
29839
20340
40264
31686
37955
10731
39080
47368
28734
42474
14711
39838
18547
49923
34198
46305
22701
20942
33969
30969
48606
24704
17915
36872
45310
16210
12288
36928
9940
44787
31523
51530
20403
14077
36495
5333
16084
33364
1372
22675
30961
3242
32322
11431
7026
24267
9019
39251
4378
17738
3780
17862
34346
22320
4259
42298
40563
1666
21914
32056
928
27751
49927
19430
46131
12831
33088
41408
25439
45643
18365
6262
38814
15841
9209
51241
3549
34433
24528
20860
28120
4089
25185
2510
33699
21570
33297
44138
5336
33869
17010
33334
14254
16030
38297
7768
12555
23683
1649
28949
17145
5177
8694
37532
37050
7121
14852
50537
5832
36275
39593
28428
30776
4153
22497
9009
45169
11508
12331
11032
38131
2088
33084
48018
23844
45052
43473
14847
23009
15484
41398
43995
40644
40126
46929
14060
27462
27217
15863
14661
15608
29873
29237
3453
21359
37276
36413
19459
10350
30641
35753
38306
25029
23212
8287
29162
51557
30756
20900
24210
8223
17811
46895
11795
7335
50005
26197
39481
6992
24681
19406
14133
26359
38277
39201
40763
25413
17193
19156
16958
50375
1393
38548
334
29158
44430
20471
7249
854
42331
33770
39045
37909
2022
45519
49898
25193
50497
27385
26640
47839
48019
39698
34910
13450
28464
19473
8610
2452
33703
3172
13259
13992
25275
43063
44296
19608
15065
11004
26573
3125
2808
43356
3027
2293
50044
51301
40643
12909
36839
38919
39387
19549
10526
41698
47055
24195
41896
49752
26824
29163
17737
38388
48354
32247
39267
46246
4217
50678
16630
21372
21367
40965
23186
27192
28871
38303
5563
9507
1481
446
34148
5647
20344
26237
27789
27202
16107
29032
4492
32021
39541
48200
38611
26498
12333
27257
15084
36678
7134
44804
40702
23665
31898
47574
3939
39325
41049
2112
41768
17986
37433
35310
3888
3326
31516
47670
48772
6859
25599
30123
43404
15859
15985
9716
13428
25902
11003
23442
43814
45238
35775
36040
19452
42813
41442
40701
39337
11889
12116
24425
2109
6616
51305
51394
13014
5800
13595
