45849
45851
45852
45853
45856
45857
45861
45862
45863
45864
45865
45868
45869
45870
45871
45872
45873
45874
45878
45879
45880
45883
45886
45887
45892
45895
45896
45898
45899
45901
45902
45904
45905
45906
45907
45910
45911
45912
45913
45914
45915
45916
45918
45919
45920
45923
45924
45925
45929
45930
45931
45932
45934
45935
45936
45937
45942
45943
45946
45948
45950
45951
45952
45953
45954
45959
45961
45963
45964
45965
45966
45967
45968
45969
45971
45974
45978
45980
45982
45983
45984
45985
45987
45990
45991
45993
45994
45996
46001
46004
46005
46006
46007
46008
46009
46010
46011
46012
46014
46015
46016
46017
46018
46019
46020
46021
46022
46023
46025
46124
46125
46129
46130
46131
46132
46133
46134
46135
46136
46137
46139
46140
46141
46143
46144
46148
46150
46151
46154
46156
46158
46159
46163
46166
46168
46169
46171
46172
46173
46175
46177
46184
46185
46188
46189
46191
46193
46194
46195
46198
46200
46202
46209
46212
46214
46215
46216
46217
46218
46219
46221
46225
46231
46232
46233
46235
46237
46239
46242
46243
46244
46245
46246
46247
46250
46252
46254
46257
46259
46264
46265
46266
46267
46268
46269
46273
46276
46279
46283
46284
46285
46288
46289
46290
46291
46292
46294
46296
46298
46299
46300
46305
46306
46307
46309
46310
46314
46315
46318
46319
46321
46322
46324
46327
46328
46329
46331
46333
46334
46335
46340
46343
46344
46345
46346
46349
46355
46357
46359
46360
46361
46362
46363
46364
46365
46367
46368
46369
46372
46373
46376
46378
46380
46381
46382
46383
46384
46389
46391
46392
46397
46398
46399
46401
46404
46407
46411
46414
46415
46417
46418
46419
46420
46421
46422
46431
46432
46434
46436
46438
46440
46442
46443
46444
46445
46448
46449
46451
46455
46457
46458
46460
46461
46462
46464
46465
46466
46467
46468
46469
46470
46471
46478
46479
46480
46481
46485
46486
46489
46493
46495
46496
46497
46503
46504
46505
46508
46509
46510
46516
46517
46518
46521
46524
46527
46530
46534
46536
46539
46541
46542
46548
46550
46553
46554
46557
46561
46563
46564
46566
46568
46569
46570
46571
46572
46573
46576
46577
46581
46583
46584
46585
46588
46589
46590
46592
46593
46594
46595
46597
46598
46599
46602
46604
46605
46607
46608
46609
46610
46611
46612
46615
46616
46619
46620
46624
46771
46772
46773
46775
46776
46777
46778
46779
46780
46781
46782
46783
46784
46785
46786
46787
46788
46789
46790
46791
46793
46794
46795
46796
46797
46798
46799
46800
46801
46802
46803
46805
46806
46807
46808
46809
46812
46813
46814
46815
46818
46819
46820
46821
46823
46824
46828
46830
46832
46833
46835
46836
46837
46838
46839
46840
46842
46844
46845
46847
46851
46853
46854
46855
46856
46859
46860
46862
46863
46864
46865
46867
46868
46871
46872
46874
46876
46877
46880
46881
46882
46883
46890
46891
46893
46897
46899
46901
46902
46904
46905
46906
46908
46910
46911
46912
46913
46914
46915
46916
46917
46920
46921
46922
46923
46926
46929
46931
46932
46935
46937
46939
46940
46942
46947
46948
46953
46957
46958
46959
46960
46962
46963
46965
46968
46969
46970
46976
46977
46979
46981
46983
46986
46987
46988
46989
46991
46992
46994
46995
46996
46998
47004
47005
47006
47007
47010
47011
47012
47013
47016
47017
47018
47020
47022
47023
47024
47025
47026
47027
47032
47035
47036
47037
47038
47042
47043
47044
47047
47048
47049
47051
47052
47053
47056
47057
47058
47059
47060
47061
47062
47063
47065
47066
47067
47068
47070
47071
47073
47076
47077
47078
47079
47084
47086
47087
47089
47090
47091
47092
47093
47094
47096
47098
47099
47100
47101
47102
47103
47104
47106
47108
47109
47111
47113
47114
47115
47116
47118
47119
47120
47121
47122
47123
47124
47127
47128
47132
47133
47134
47135
47136
47138
47139
47140
47141
47144
47145
47146
47150
47154
47155
47156
47157
47158
47159
47160
47161
47162
47163
47164
47165
47166
47178
47179
47181
47183
47185
47186
47187
47189
47191
47196
47197
47199
47200
47202
47205
47206
47207
47211
47214
47215
47216
47217
47221
47223
47229
47230
47233
47234
47235
47236
47238
47239
47241
47242
47243
47244
47245
47249
47252
47254
47255
47256
47259
47260
47261
47262
47264
47265
47270
47271
47273
47274
47275
47276
47279
47282
47283
47285
47286
47291
47294
47296
47297
47298
47300
47301
47302
47303
47304
47305
47313
47314
47316
47317
47320
47321
47326
47327
47328
47335
47336
47339
47340
47341
47347
47350
47352
47353
47354
47355
47359
47363
47365
47366
47368
47369
47371
47372
47373
47379
47381
47383
47384
47385
47387
47388
47389
47390
47392
47393
47394
47395
47397
47400
47401
47402
47404
47407
47409
47411
47414
47416
47424
47426
47427
47428
47429
47430
47431
47432
47433
47434
47435
47436
47437
47438
47440
47442
47443
47447
47450
47451
47455
47456
47457
47460
47461
47462
47463
47464
47467
47471
47472
47473
47482
47484
47485
47486
47487
47490
47491
47492
47495
47497
47500
47502
47503
47504
47507
47508
47511
47512
47513
47514
47515
47516
47517
47518
47520
47521
47524
47525
47526
47527
47528
47529
47530
47533
47538
47541
47544
47549
47552
47553
47554
47557
47558
47561
47563
47564
47565
47568
47569
47570
47571
47574
47576
47579
47582
47584
47585
47587
47588
47591
47592
47593
47594
47595
47596
47597
47602
47603
47605
47610
47613
47619
47623
47624
47626
47628
47629
47632
47633
47634
47635
47636
47637
47639
47640
47643
47644
47645
47646
47647
47648
47650
47652
47653
47654
47656
47657
47658
47661
47663
47666
47667
47668
47669
47670
47671
47677
47678
47680
47682
47684
47685
47687
47688
47689
47694
47695
47696
47697
47698
47699
47702
47706
47713
47714
47715
47721
47724
47725
47726
47727
47728
47729
47730
47731
47732
47733
47734
47736
47739
47740
47741
47744
47745
47746
47747
47749
47750
47751
47752
47755
47757
47758
47759
47760
47762
47763
47765
47767
47769
47770
47773
47774
47777
47781
47785
47786
47787
47788
47789
47790
47791
47793
47794
47796
47797
47798
47803
47805
47806
47807
47809
47810
47814
47817
47818
47821
47822
47823
47824
47825
47826
47827
47828
47830
47831
47832
47833
47834
47835
47836
47839
47841
47842
47843
47844
47846
47847
47853
47854
47855
47857
47858
47859
47860
47861
47862
47864
47866
47869
47870
47871
47872
47873
47874
47875
47879
47880
47881
47882
47884
47885
47887
47888
47890
47892
47894
47895
47900
47901
47902
47904
47906
47907
47908
47910
47913
47914
47915
47916
47918
47919
47920
47922
47925
47926
47927
47929
47930
47931
47932
47933
47934
47935
47936
47937
47939
47940
47941
47942
47943
47944
47945
47946
47947
47948
47949
47950
47952
47958
47959
47962
47963
47964
47969
47972
47973
47974
47976
47977
47978
47979
47980
47981
47982
47983
47984
47985
47990
47991
47992
47993
47994
47995
47996
47998
47999
48000
48001
48002
48003
48004
48005
48006
48007
48008
48009
48010
48011
48013
48014
48015
48016
48019
48020
48027
48028
48030
48032
48038
48039
48040
48041
48042
48043
48044
48045
48046
48048
48049
48051
48052
48053
48054
48055
48056
48057
48058
48059
48060
48061
48062
48064
48065
48068
48070
48074
48075
48076
48077
48078
48080
48081
48082
48083
48084
48086
48087
48088
48089
48091
48092
48093
48095
48096
48098
48099
48100
48102
48103
48105
48106
48107
48108
48111
48113
48117
48118
48119
48120
48122
48123
48125
48126
48127
48128
48129
48131
48133
48134
48135
48136
48137
48138
48141
48142
48144
48146
48147
48148
48150
48151
48152
48153
48154
48155
48156
48157
48158
48163
48164
48165
48166
48167
48168
48169
48170
48171
48173
48176
48177
48179
48180
48183
48185
48186
48187
48188
48192
48194
48196
48197
48198
48200
48201
48203
48205
48206
48207
48212
48213
48214
48215
48216
48217
48218
48222
48223
48225
48226
48228
48230
48232
48233
48234
48235
48236
48238
48239
48240
48241
48242
48243
48245
48246
48249
48251
48253
48254
48256
48258
48259
48263
48264
48266
48267
48268
48270
48271
48272
48273
48274
48275
48276
48277
48279
48280
48281
48282
48284
48285
48287
48288
48289
48290
48297
48298
48304
48305
48312
48317
48318
48319
48321
48322
48323
48325
48326
48328
48335
48337
48343
48344
48346
48347
48348
48349
48354
48358
48359
48360
48367
48368
48369
48370
48371
48372
48373
48374
48375
48376
48377
48378
48379
48380
48381
48382
48383
48384
48385
48386
48387
48390
48391
48392
48394
48395
48396
48397
48398
48399
48400
48402
48403
48404
48406
48409
48410
48411
48418
48419
48420
48421
48422
48423
48424
48426
48427
48429
48436
48437
48439
48440
48442
48443
48444
48445
48446
48447
48448
48449
48451
48452
48453
48455
48457
48458
48459
48460
48461
48462
48465
48466
48467
48468
48475
48476
48477
48478
48479
48480
48481
48482
48483
48484
48485
48486
48487
48488
48489
48490
48491
48492
48493
48494
48495
48496
48497
48499
48500
48501
48502
48503
48504
48506
48507
48508
48510
48512
48513
48514
48517
48518
48519
48521
48522
48524
48525
48526
48527
48528
48529
48531
48535
48539
48540
48541
48542
48543
48544
48545
48546
48548
48549
48550
48551
48552
48553
48554
48556
48561
48562
48564
48566
48568
48570
48571
48572
48573
48574
48575
48576
48577
48579
48580
48582
48583
48584
48585
48589
48592
48593
48594
48599
48602
48603
48606
48608
48609
48610
48611
48613
48614
48615
48616
48618
48621
48622
48625
48626
48627
48628
48630
48631
48632
48634
48636
48637
48638
48639
48643
48644
48645
48646
48647
48648
48649
48651
48652
48653
48656
48657
48658
48659
48662
48663
48664
48667
48668
48671
48673
48675
48676
48677
48678
48679
48682
48683
48684
48685
48686
48687
48688
48691
48694
48696
48697
48698
48699
48700
48701
48702
48703
48706
48707
48708
48709
48714
48715
48716
48717
48720
48721
48722
48726
48727
48732
48733
48735
48736
48737
48738
48739
48740
48742
48743
48744
48745
48748
48749
48751
48752
48753
48754
48757
48758
48759
48761
48766
48767
49002
49003
49007
49009
49011
49012
49015
49016
49018
49019
49020
49022
49023
49025
49026
49027
49031
49033
49034
49036
49037
49039
49040
49044
49046
49049
49054
49055
49056
49057
49060
49061
49062
49064
49065
49066
49068
49070
49072
49080
49083
49085
49087
49089
49091
49092
49095
49098
49099
49100
49101
49102
49103
49104
49105
49106
49108
49109
49112
49115
49116
49117
49118
49119
49120
49121
49123
49124
49125
49131
49132
49133
49134
49135
49136
49137
49139
49140
49141
49142
49143
49144
49145
49146
49147
49149
49150
49152
49153
49154
49155
49156
49157
49165
49166
49170
49171
49173
49175
49178
49180
49181
49184
49185
49186
49189
49192
49193
49194
49195
49196
49197
49198
49199
49200
49201
49206
49207
49209
49212
49213
49214
49215
49217
49219
49220
49221
49222
49223
49224
49227
49228
49229
49230
49231
49232
49234
49235
49236
49237
49238
49239
49242
49245
49246
49247
49250
49251
49252
49253
49254
49255
49256
49257
49258
49259
49260
49261
49263
49264
49266
49269
49270
49271
49272
49273
49276
49277
49278
49284
49287
49288
49289
49290
49291
49292
49297
49298
49299
49301
49302
49304
49305
49306
49307
49309
49311
49312
49315
49316
49318
49322
49323
49324
49326
49327
49329
49331
49333
49337
49342
49348
49349
49353
49354
49356
49357
49359
49360
49361
49363
49367
49368
49369
49370
49371
49372
49382
49384
49385
49386
49387
49388
49390
49392
49393
49394
49395
49396
49397
49398
49399
49400
49407
49410
49411
49412
49413
49415
49417
49418
49420
49421
49423
49425
49427
49428
49431
49434
49435
49436
49441
49448
49449
49450
49453
49454
49455
49456
49457
49458
49459
49461
49462
49464
49467
49468
49469
49470
49472
49473
49475
49476
49478
49479
49481
49484
49485
49486
49487
49489
49492
49493
49494
49497
49498
49500
49501
49502
49503
49504
49505
49506
49507
49509
49510
49511
49512
49513
49517
49519
49520
49522
49523
49530
49533
49534
49537
49539
49541
49542
49543
49544
49547
49552
49553
49554
49555
49556
49560
49561
49562
49564
49567
49568
49569
49571
49573
49574
49577
49578
49579
49580
49581
49582
49583
49586
49587
49589
49590
49591
49593
49594
49595
49596
49597
49599
49600
49603
49605
49606
49607
49611
49612
49614
49616
49617
49618
49619
49620
49623
49624
49625
49626
49627
49628
49629
49630
49631
49633
49636
49638
49639
49642
49643
49644
49645
49648
49649
49652
49653
49654
49655
49657
49658
49659
49660
49663
49665
49666
49668
49669
49674
49675
49676
49686
49687
49691
49692
49693
49694
49696
49697
49700
49701
49702
49705
49708
49709
49710
49711
49713
49714
49715
49716
49717
49718
49719
49720
49721
49722
49723
49724
49725
49726
49731
49732
49738
49742
49743
49744
49746
49747
49748
49749
49750
49757
49758
49759
49760
49763
49766
49767
49768
49770
49771
49773
49774
49775
49778
49782
49786
49787
49788
49789
49790
49791
49792
49793
49794
49798
49801
49803
49808
49811
49812
49817
49818
49820
49821
49831
49832
49833
49834
49844
49845
49847
49849
49852
49854
49855
49856
49857
49860
49865
49868
49869
49870
49871
49872
49873
49874
49876
49877
49879
49880
49884
49885
49889
49890
49891
49895
49896
49898
49900
49901
49903
49904
49907
49910
49911
49912
49915
49916
49917
49918
49919
49920
49927
49932
49933
49934
49935
49937
49938
49939
49942
49943
49944
49945
49946
49947
49949
49951
49952
49953
49954
49955
49956
49957
49959
49960
49961
49962
49966
49967
49968
49969
49971
49972
49974
49975
49978
49979
49981
49982
49985
49986
49988
49989
49990
49991
49993
49994
49999
50000
50003
50004
50005
50006
50007
50008
50009
50010
50011
50012
50013
50017
50018
50019
50020
50021
50023
50024
50026
50027
50028
50029
50030
50031
50032
50033
50034
50035
50038
50040
50042
50043
50045
50048
50049
50051
50052
50053
50055
50056
50057
50060
50061
50062
50063
50065
50066
50067
50069
50071
50072
50073
50074
50075
50077
50078
50079
50080
50082
50083
50084
50085
50086
50087
50088
50089
50092
50093
50094
50095
50096
50097
50098
50100
50101
50103
50105
50107
50108
50112
50113
50114
50115
50116
50117
50118
50119
50120
50121
50122
50124
50125
50126
50127
50128
50129
50130
50131
50132
50133
50134
50135
50136
50137
50140
50141
50142
50143
50144
50147
50148
50149
50150
50151
50152
50154
50155
50156
50157
50158
50159
50160
50161
50162
50163
50164
50165
50166
50167
50168
50169
50170
50171
50172
50175
50176
50177
50178
50179
50180
50181
50182
50183
50188
50189
50190
50191
50192
50193
50195
50196
50197
50198
50199
50200
50201
50202
50203
50205
50206
50207
50208
50209
50210
50211
50212
50213
50214
50215
50217
50218
50219
50220
50221
50222
50223
50225
50226
50227
50228
50229
50230
50231
50232
50233
50234
50236
50237
50238
50240
50241
50242
50243
50244
50245
50246
50247
50248
50249
50250
50251
50252
50253
50254
50255
50256
50257
50258
50262
50263
50264
50265
50266
50267
50268
50269
50270
50271
50272
50273
50274
50275
50276
50277
50280
50281
50282
50285
50286
50288
50289
50290
50291
50292
50293
50294
50295
50296
50297
50298
50299
50300
50301
50302
50305
50306
50307
50308
50309
50310
50311
50312
50314
50315
50316
50318
50319
50320
50321
50322
50323
50324
50325
50326
50327
50330
50331
50332
50333
50334
50335
50337
50338
50339
50340
50341
50342
50343
50344
50345
50346
50347
50348
50349
50350
50351
50352
50354
50355
50356
50358
50359
50360
50361
50363
50364
50367
50368
50369
50370
50371
50372
50373
50374
50376
50377
50378
50379
50380
50381
50383
50384
50385
50386
50387
50388
50393
50395
50396
50397
50398
50399
50400
50401
50402
50403
50404
50405
50406
50407
50408
50409
50410
50413
50414
50416
50417
50418
50419
50421
50422
50423
50424
50425
50426
50430
50431
50432
50433
50434
50437
50438
50439
50440
50441
50442
50443
50444
50445
50446
50447
50448
50449
50450
50452
50453
50454
50455
50456
50457
50458
50459
50460
50461
50462
50463
50464
50465
50466
50467
50468
50469
50470
50471
50472
50473
50474
50475
50476
50477
50478
50479
50481
50482
50483
50484
50485
50486
50487
50488
50489
50491
50492
50493
50494
50495
50496
50497
50498
50499
50500
50501
50502
50503
50504
50505
50506
50507
50508
50509
50510
50511
50512
50513
50514
50515
50516
50517
50518
51135
51136
51137
51139
51141
51143
51144
51145
51146
51148
51150
51153
51154
51155
51157
51158
51159
51160
51167
51168
51169
51173
51174
51175
51177
51181
51182
51183
51186
51187
51188
51191
51194
51196
51199
51201
51202
51205
51206
51207
51208
51211
51215
51216
51217
51219
51221
51222
51223
51224
51227
51229
51231
51232
51236
51237
51238
51240
51242
51244
51246
51247
51248
51249
51251
51254
51255
51258
51259
51260
51261
51263
51265
51268
51269
51270
51273
51274
51277
51281
51282
51286
51287
51288
51289
51291
51293
51294
51297
51298
51300
51301
51303
51304
51305
51306
51307
51309
51310
51312
51313
51314
51315
51316
51317
51318
51321
51322
51323
51324
51325
51326
51327
51328
51330
51331
51332
51334
51339
51340
51341
51343
51344
51345
51346
51350
51351
51353
51354
51355
51356
51357
51358
51360
51364
51365
51366
51367
51368
51369
51370
51373
51375
51376
51381
51385
51386
51387
51388
51389
51390
51391
51392
51393
51394
51396
51398
51400
51402
51403
51405
51409
51410
51411
51412
51413
51415
51417
51420
51421
51424
51427
51428
51429
51430
51433
51434
51437
51438
51439
51441
51442
51443
51451
51452
51454
51455
51456
51457
51459
51460
51461
51462
51463
51464
51466
51467
51468
51470
51471
51472
51474
51475
51476
51477
51478
51480
51481
51482
51486
51487
51488
51489
51490
51491
51493
51494
51495
51496
51498
51499
51501
51504
51505
51506
51507
51510
51511
51513
51514
51515
51522
51523
51526
51527
51530
51531
51533
51536
51537
51538
51539
51540
51541
51544
51546
51547
51548
51550
51552
51553
51554
51556
51559
51560
51561
51562
51563
51564
51570
51573
51574
51575
51576
51577
51579
51580
51581
51582
51586
51589
51590
51592
51593
51596
51598
51599
51601
51602
51603
51605
51607
51610
51611
51612
51613
51615
51616
51621
51622
51623
51624
51625
51626
51628
51629
51630
51632
51634
51638
51639
51642
51644
51645
51646
51647
51648
51649
51650
51651
51652
51653
51654
51655
51656
51657
51658
51660
51661
51662
51663
51665
51668
51671
51672
51673
51676
51677
51678
51680
51681
51682
51683
51684
51685
51687
51691
51692
51693
51694
51697
51698
51699
51700
51702
51703
51705
51706
51708
51709
51710
51711
51712
51713
