28551
43888
4624
15522
10738
32412
34891
11748
20146
26922
3777
510
29748
12565
21487
32558
43380
8373
28722
10156
26052
41588
10570
46623
44097
42593
22945
716
8154
42522
42043
30782
9784
25820
21259
13704
36398
39716
48008
31406
40514
11009
14777
18724
39359
1107
8481
2108
37371
48584
5891
2889
25017
17378
2025
35794
36288
50878
434
5311
49171
2371
1656
46009
36156
1041
49193
23095
28412
38947
32757
12187
43081
15163
3894
50552
45963
18590
33537
26039
29681
3377
44663
36000
26939
37117
4767
5160
18729
40115
22350
42452
7549
26623
30003
39382
29982
47532
3236
22928
33353
18351
12709
1627
5079
39748
15444
35221
24019
16565
20737
7653
23331
353
51713
31323
48750
3948
47003
50397
1173
8531
48310
28984
27632
47393
39473
41393
25011
47990
30051
29911
37305
26912
33722
1245
23618
36694
40002
45871
22075
12807
37729
16330
23694
24798
49289
11356
45656
5432
1229
19158
49296
46196
43933
38669
48270
10863
4700
43970
36246
34699
27190
44987
45447
19123
12759
7356
20017
20295
9793
14690
23016
36680
1067
18542
48447
14261
42985
38637
32045
31098
51198
42805
49159
35565
21214
23980
41197
5190
49603
26248
16313
36089
29823
8242
974
42376
16064
12634
28229
33080
50717
49432
47473
48962
36437
4267
38155
51568
25631
43203
12604
15653
17853
43646
36154
41463
28751
15056
8932
10757
41466
14746
13426
51623
5597
47259
45350
1892
34727
39584
50620
50983
32423
29677
46806
28209
45692
39004
11750
41399
18998
1291
35893
12863
45432
14273
29302
26257
24037
11907
18381
36714
1815
8417
40108
28926
3636
20210
46706
43108
49613
30980
31208
31880
31747
42957
17804
42890
41088
46500
13519
21968
24719
7748
29297
17750
36984
3113
14646
8153
15882
24977
37704
28336
39023
8514
6912
11532
36139
22980
13458
9336
34836
8877
9163
45586
28611
41617
38320
19840
45028
30364
47610
41053
2530
31104
48597
5509
37106
38449
4501
8750
18265
22589
41257
42600
42860
384
9370
25919
23647
776
32736
262
20657
32091
24510
25725
7139
41807
8120
42429
1402
3755
36926
51372
13801
9238
7223
977
11550
26468
19189
22390
13983
22849
20618
22266
23801
44761
10177
48115
40734
21314
30693
133
47786
16708
5206
20400
11013
29385
32648
30130
11908
43781
22382
35853
40343
19882
44895
34425
49902
32148
36227
20945
24729
39170
44014
925
4052
40830
23223
33956
49490
27494
21681
29914
25242
38600
28834
5143
3535
31536
20902
41436
45660
32485
47180
24190
28009
9318
20696
23077
17372
29870
36897
36847
11329
45090
7390
35660
19206
22580
8695
31346
351
12832
40336
39234
664
6190
3294
32679
26904
46116
21124
21796
20241
46090
40377
31254
44026
48851
47749
45395
12260
26728
28561
8663
8837
51170
10499
21571
14337
7027
45163
40890
13337
44032
773
46288
1223
30817
6189
4873
12949
9844
2015
50581
31225
8956
33061
933
4021
7532
41059
5726
49830
20755
26141
16147
30947
15425
33177
40696
43894
703
95
5442
20243
39615
12950
50013
1771
26640
38333
41403
36634
21325
13765
44798
12339
13076
33697
29786
21794
47208
2322
14772
17361
12498
3176
35240
349
19948
33647
15
11562
34764
44176
38142
47948
23453
3489
19604
47652
33668
7723
17536
421
2122
50208
46872
38544
42887
51285
12473
888
47657
51638
16999
21353
17702
35549
26070
33505
13694
3841
29554
51577
3933
43376
30302
14355
25059
30639
37556
35050
35378
956
28859
43509
43223
2087
16933
8657
38777
48701
26699
13146
26753
6730
22296
33729
11416
38107
47746
9800
50122
18863
43420
50284
39945
48681
48591
41484
41468
15335
51655
40884
2150
46191
12691
20917
38066
38982
39330
47339
2043
17238
27517
25981
34391
25091
40321
19969
37140
5290
19427
15301
47650
27645
2590
31308
13496
26674
45767
38402
767
42395
13061
5785
45185
40334
34283
19109
37770
38834
21879
2810
42660
46583
22275
18488
47165
11806
38548
49075
37612
12874
32728
49457
12044
3716
6717
29019
23883
7352
15218
30076
37654
35029
33489
44155
39762
35141
24089
39456
51476
1422
48951
31337
29872
2381
13615
27172
31063
9519
27814
33818
2224
8547
152
6815
21064
45973
48754
23091
40426
24000
16201
17403
32002
19991
27633
13989
31090
7105
13028
41019
22452
17438
42514
43724
19012
31356
43992
49922
19359
45967
7596
44369
3086
30044
15460
14576
17374
22876
41572
20423
7109
4915
36223
10832
50061
35629
32
47280
44472
29767
34765
32261
42606
34741
12951
30200
30770
8000
14560
29896
43931
3613
28026
11890
47074
34214
50344
1470
46786
1770
27033
45026
22385
8604
552
16319
40798
14431
50263
6365
26776
39949
49910
18526
16847
35527
51095
47365
5389
14660
3690
6837
6204
20145
45364
50196
26010
51016
42102
33728
45255
19749
40038
26213
39115
42189
46932
41302
44544
48510
3682
26112
7231
13237
44516
3662
49243
5226
46589
19738
11906
47496
26830
34949
51525
20215
33666
12334
5865
34555
25263
7990
45243
32786
44723
35799
35181
46563
49851
8037
44802
49478
33540
18279
3936
5204
17711
48116
3091
36541
44162
46388
17574
3474
17875
3133
26970
25754
6846
17966
34254
26635
44568
43515
35353
7628
33588
9143
23729
13389
49557
21415
35237
557
27871
23607
11037
4460
45318
6862
18297
23700
44655
44993
33838
10230
41082
6617
30761
8303
18678
51350
36568
23059
3915
15846
31007
22316
51679
18802
45194
25398
8647
9617
27727
6916
43832
36135
19908
10056
1218
303
40709
43524
43937
48821
3694
1292
596
51443
41201
22263
8057
25667
17122
31253
36260
39778
6659
22143
46844
35777
47283
13566
29192
29193
39951
16258
14394
16438
7951
41385
25533
51385
39084
1019
17612
50272
38715
16843
27111
27067
24832
38172
7017
33456
20871
37340
41005
14802
11403
40463
41116
51247
39816
13692
14342
28640
23715
48682
20977
11070
8739
25882
4339
11284
41473
25159
27601
13571
38064
23808
34112
38688
21456
19272
12623
6023
5499
28046
7946
14183
16207
31273
28906
3485
9097
48710
40916
39691
32798
8496
8137
35642
13754
41644
28915
41422
10131
50601
19036
18630
33393
17643
46751
48517
21931
4022
28855
43772
50280
6629
12182
36021
42618
34297
46108
39076
33732
41935
31944
6720
2120
36436
36302
50879
5946
49533
5378
47418
13982
24111
16489
45597
11619
38832
47837
35722
14570
50092
14006
37461
28233
37259
747
1080
34251
17032
48101
47088
12675
35026
982
25880
15929
44428
46518
30491
32853
36068
5594
49662
42893
17148
49815
19902
22170
46944
16907
42206
46797
10097
37081
27879
35209
15407
3574
39815
10356
23254
40563
4360
24270
28419
16804
51306
43176
46012
16343
46112
15651
49739
7781
5278
42586
21371
46252
38872
13808
27423
25168
19455
11191
5654
12854
4919
22668
51039
48514
30929
50563
18463
1115
26074
5195
12019
4671
18659
3718
41997
22690
38028
48950
46677
37476
25029
992
21227
21299
10621
3393
6284
43374
35414
8802
31030
36950
17616
5325
40497
33911
1558
47217
6296
9281
12509
13955
4948
46213
19789
39235
9718
38112
50403
33936
31597
13379
18793
30239
36921
43118
32565
27061
15087
5489
30328
24952
45359
25250
14090
41188
22864
1698
47958
46660
30819
26430
35796
6557
48941
28757
27451
9821
35897
1544
31149
31568
34789
22973
35331
28367
21803
35260
47893
20277
10886
18735
34148
38652
3488
23005
47850
16546
22235
4785
2973
28604
648
21759
23065
16106
15540
8819
30957
16820
5924
42611
35595
10583
10401
36508
33099
17348
15858
43339
9561
26322
27315
1512
11238
22907
37916
40438
4200
8254
12651
39906
43896
7569
8291
778
30222
44559
30511
45859
5532
3824
6096
7366
25976
29352
35311
35637
14889
31472
11823
15505
41049
50503
420
30831
39371
8640
21310
43158
12136
34549
30762
43160
47295
38366
17920
28964
8981
41765
33518
17900
5772
17882
33084
14445
49040
18838
10579
43882
51542
5279
24279
29228
30290
29952
23931
51695
530
11923
9592
2837
41269
23212
22230
14047
23316
27745
28649
16389
34669
11625
17929
19015
5211
42222
12024
23273
9324
15713
22682
31550
6881
16459
7269
15953
16175
31519
33524
26063
46360
48007
15325
29281
49044
45905
32832
18878
9198
34054
2007
1352
36466
4130
47530
21016
18348
43359
17461
18967
4685
6735
15972
29000
17385
12654
22302
11484
16047
7298
29821
16661
40281
28269
11105
1926
36475
12700
35218
29787
34492
9263
1896
39131
7664
43813
34368
32694
6480
17262
34502
29647
33509
50893
23582
5101
41346
26463
4117
565
8767
19755
40077
43548
49254
46341
29205
6929
16577
20839
44740
30927
15582
28989
45607
44953
49401
12572
39087
11722
25977
23154
10612
40129
29298
16282
32181
36544
2152
6184
35356
16231
16433
14563
20691
37655
12247
7610
8962
18694
46499
12831
32720
5298
48368
49162
33174
18811
29901
24362
27109
24747
43592
45694
41568
31000
32709
32134
40170
26162
10928
8275
11958
20404
2581
2711
14250
40255
29958
15750
48234
30404
32850
5111
49423
11565
2584
46256
31658
46211
6896
50053
5094
48911
10144
37352
34172
28014
25123
18424
17865
49963
19520
3089
6651
7254
10692
8380
2840
47082
22976
31362
43613
33630
16430
48897
23892
15496
24214
48566
135
2632
13738
43163
4105
38855
43774
23877
1320
43009
47303
26860
37100
40032
8728
18589
47625
36094
25463
26254
7295
35395
36980
18686
34593
10215
30149
19774
22979
5877
44748
1863
6748
47834
26446
24188
10857
7087
46651
44720
38022
42297
8159
19300
1113
3653
42149
37944
43403
25085
9900
40407
42321
22805
25889
29169
43155
18044
18982
19718
1984
30403
25772
46498
17548
27964
25013
37354
27125
10042
43598
30490
12043
7686
6388
22525
13158
32917
23448
50973
33842
735
15502
25796
44874
4717
45307
6677
11117
45062
4710
51628
35119
5611
38614
49992
28818
40007
37257
42096
318
33375
51001
44275
48438
44180
41663
12772
51593
29149
30918
10219
36011
471
32511
51427
32270
14034
21264
31257
51023
29636
44984
41570
4958
21935
10827
16522
171
40119
38424
45232
15294
21395
14792
38516
7434
50170
15114
46970
2717
33274
27346
1807
50787
32810
21771
4637
11121
4445
34560
32764
18365
43370
14891
23643
27159
50168
18072
636
26197
21233
47268
19350
33632
21769
31230
8532
50467
44405
5149
37082
14144
44111
46594
50989
7856
8555
41137
17178
671
26532
10940
45939
47939
37399
34320
50862
10876
7749
32356
11671
37073
37862
50711
28776
4638
49771
2292
18184
46478
41503
38068
6398
40378
45861
28417
34504
16861
15652
14911
2883
14382
47249
946
39369
2508
23952
47291
31386
8839
49467
32156
4441
5743
27301
1846
26687
26675
10472
14490
13235
9241
37165
8649
23488
31900
21993
17255
28668
36815
39847
38015
44735
6802
39572
38507
50653
18222
39839
23770
8716
50034
26889
11951
16102
19431
1923
45200
14496
44996
36392
26549
1203
28873
39629
13203
24638
17927
36457
41963
8273
33220
24675
12577
3359
44999
13248
37085
24727
46999
42287
46242
23600
13753
19143
3142
16174
50646
33104
15870
36919
51315
22369
32662
15028
19128
36419
48157
18492
2683
7175
46316
48009
14556
30963
18661
27170
6290
48034
18179
3154
77
23994
33120
42589
36873
26190
28895
36686
12842
42337
29665
40399
21379
11978
6075
7416
44092
30421
35810
44944
33539
12433
23741
34633
15317
18344
44817
18127
35324
12544
48217
29987
16966
8512
51340
46538
438
4801
42015
7176
45775
18421
2544
38557
43924
30774
3578
27687
17531
34855
14743
338
27420
41602
25587
12385
6514
2134
44175
49860
211
48088
33669
50443
40772
336
25046
38625
13019
39672
10787
18745
28710
12148
10735
8655
19994
9358
47166
40058
22129
10253
28373
38940
17754
22398
27560
37521
26948
27685
16571
7526
14724
37345
18106
8206
2162
44041
6920
29751
38260
32087
5504
27010
39447
33155
31886
1750
50256
5237
24769
43659
39219
20128
6066
42677
25508
37012
46695
17976
22986
12352
50030
50661
47663
9435
22559
622
36572
41585
30462
4576
42734
30642
12850
27947
29347
51080
21149
45362
41175
22172
2215
18600
16081
11446
8289
40498
37897
9698
38368
14961
2650
22341
46293
5020
30694
46130
11375
42220
26647
51620
5996
24970
10003
37566
39692
23776
33073
39555
21983
36171
43978
40352
25781
20032
12763
29199
37441
44373
15915
3190
14298
32372
30622
73
46449
21990
45520
3398
37205
39373
37821
591
24187
10627
42741
38203
47033
21575
9871
48790
4686
35436
37657
6957
40972
25286
18226
12647
40632
49550
17657
49003
3773
27554
51261
24005
37547
39072
29723
43412
20950
13966
38723
19526
29387
32839
24605
3379
5291
9677
7250
15874
4672
46954
45127
26447
47373
48484
921
27969
37370
2699
43966
10096
23113
47464
14393
11582
43953
17550
10267
46034
43789
51647
32408
29093
31173
10746
18220
43920
37894
6351
36999
24617
40252
795
11360
43872
19564
29101
21600
37134
6880
17993
44152
15787
16957
16831
38698
26996
11767
24261
32630
39618
12757
7135
26223
20191
35837
43946
6142
15307
47042
14707
25839
534
13152
11468
49653
39806
26089
34977
23765
21249
34667
34140
45488
29671
7964
36723
46363
38091
23978
35332
39941
38029
23670
7002
28601
49275
29262
9299
1714
26233
51199
27461
17182
1377
30442
45545
27819
16628
47412
45944
4536
32758
49485
43382
30212
382
25138
7068
32452
3415
22708
18923
16755
1961
25009
28659
5309
20557
18033
45512
19273
1853
21905
25351
16274
42238
44409
32577
27386
23109
13563
42712
31246
5906
47658
26180
38013
39722
25052
15889
50424
919
11294
13633
15792
26331
9188
39640
25219
42005
21873
49190
22732
25218
2720
41138
42104
34127
48068
5794
13755
42244
47634
47562
10613
8785
37871
13859
31540
3544
18437
35578
14877
23963
33748
3425
51297
49345
9495
9562
37532
33693
16911
38577
21795
11404
12245
16465
47993
490
29145
45923
16252
40763
28131
29883
42948
43274
42316
25236
34442
36027
32820
29583
38863
35275
33957
24663
44100
23153
3722
10526
29365
39902
47596
35789
42386
3651
1596
46557
7694
46221
41672
43063
6928
44194
2347
38397
10411
38164
38609
29756
38154
50705
47384
7712
35253
5025
27167
34543
47768
45541
14985
51280
42798
37341
19105
9305
29172
21090
3818
22772
21966
27044
16918
35658
47715
8979
19822
15808
42978
5516
21408
37773
3417
22069
46524
8395
24613
687
48765
20448
28464
11936
7973
22651
9591
16695
12642
45665
29049
29120
38633
7181
39074
25189
48730
11145
38451
47134
4219
42101
32347
34842
36522
38441
20637
25527
14862
29349
49350
6592
40258
9670
47642
35729
1425
12450
44582
15073
4344
40253
22961
21044
43200
7444
15238
28541
3573
2513
48042
24271
14810
17346
28979
17872
35259
47004
41645
8112
36716
30054
36586
32536
25901
35428
25925
6851
36515
41208
34241
11559
18355
40122
31704
37534
46121
16579
29675
4789
28208
19519
48520
15645
13079
15293
1620
40722
29225
38101
3269
16989
32314
49011
5466
29355
33337
25118
1823
25760
49055
15044
16060
14437
8493
32695
39388
10104
42466
1642
49756
8246
27608
43732
12426
37900
11738
19010
47064
47022
47108
19064
31670
38098
31682
46640
15404
40550
11536
47512
6491
41557
14974
45020
25224
46474
22583
43377
32614
39312
28120
10404
2870
19097
49951
26649
46937
16928
14040
16723
7716
49286
17758
46287
39961
27176
32093
574
6528
3255
47219
49112
3150
9598
51076
15973
37413
51031
48494
595
31446
33171
8188
24561
13492
45926
12749
21835
27605
7734
42573
29892
30231
39405
1852
20906
707
20544
46214
12415
42224
2673
26101
28025
24024
40196
2058
45335
4035
44692
10871
7435
45391
7251
14016
20697
4343
47769
41078
22624
368
7061
8314
16749
19594
36599
28431
31478
47946
23230
6168
33178
30010
3469
21268
25662
20645
37503
42387
27917
16972
335
28410
45603
26289
25605
20302
26373
48564
15614
28069
18525
3416
24524
41131
46814
42049
35202
42305
21890
3601
6768
14770
2354
9155
47976
11030
8554
19885
29182
5029
45616
38276
41825
45037
48582
5642
45399
47981
28028
18408
23704
18864
29211
5482
42795
42828
3097
51201
4458
8477
8027
41548
13316
47612
37515
50119
40906
47588
35676
39309
4173
42018
40520
20008
16785
33133
25227
9612
9939
49258
27717
1068
44015
37722
11612
33205
3407
35827
40080
23675
5870
7338
43628
37003
17844
51422
21696
44968
19767
22463
49954
31288
25384
14056
22270
22717
11401
21609
29812
44243
48877
28289
50335
33649
19819
46492
12289
21400
16337
12330
10170
34036
51154
16262
28937
2687
1150
14753
8553
50704
3977
25247
8336
48128
36394
44963
31661
12184
35622
15129
15783
8041
43540
18560
4549
44061
37514
1349
32227
25710
22038
18389
29600
15727
47116
12270
14527
35344
30551
43735
22239
3740
27669
44502
13317
17973
47087
16264
12613
27412
26301
23206
3938
35021
548
897
8682
20284
12644
1205
28652
17977
36324
14141
51626
39225
46405
18342
19723
16827
8869
50327
21580
24030
49925
9120
7650
21737
32597
22736
34605
7000
25291
21381
41525
7445
44344
18940
48476
49447
47571
10674
27031
25814
30780
18090
4417
46868
41827
24181
15116
28453
22502
5295
16371
35668
22467
35034
42639
26967
29508
44146
45985
10463
50465
29195
11495
35670
1474
35077
49366
40076
44954
34939
46625
41271
51665
28303
30991
29393
26820
41913
24366
3736
37912
9769
26048
15481
41273
3884
24641
7118
49260
34351
47334
29690
38642
11143
10919
48794
25107
49220
30000
27534
5898
127
2445
32014
48141
17142
28633
14520
21862
6373
46703
40649
12766
11781
20466
51594
26342
50255
16150
27449
34809
37520
27631
31441
499
10048
44964
36809
38755
44965
23125
37468
4731
42485
7210
30446
4673
15689
26196
39285
18897
4378
3876
1159
31926
1404
15126
6198
2039
25978
28385
10381
42443
5674
16412
9035
10626
50001
41771
36870
12015
17274
12630
2689
9212
32137
30230
27500
11079
29442
36447
4655
6867
1396
48398
8025
38961
11757
444
41805
37252
6495
41081
40658
35245
1274
17109
4625
5413
11330
25829
10460
18645
47484
32369
42179
42471
28951
41703
2726
15441
24652
42183
37365
7292
38285
5680
27726
29260
19325
5886
43678
2527
28753
25927
21629
10935
17652
10030
6327
37007
29918
13649
26536
16115
16618
40703
28747
37945
2455
45282
10016
48614
23262
18322
3250
25589
12811
33764
35948
44282
38907
18671
8511
41745
13105
48371
41161
10629
32292
11994
20823
39771
23950
5991
12351
11418
51166
43075
22197
34439
22673
39022
27082
37419
7343
44700
44816
40922
19369
24545
26330
25460
39167
8950
46811
40235
18326
289
1821
11587
43874
21393
3994
8136
34186
25179
44889
10709
7789
29753
45369
45743
26186
37221
39670
9423
47730
35421
928
40500
43623
9154
21952
15512
2125
30566
43699
33459
9059
23537
20751
4690
20580
12422
41495
43775
38430
13224
4530
45673
17588
51058
50802
12186
4102
32337
46245
27912
48538
12160
36547
2737
48257
51517
36682
34478
22730
20844
47816
26130
11740
6306
12627
40783
22983
24577
3048
440
1909
39151
36879
24494
2572
24216
49177
12300
34256
30650
9889
9799
35852
7971
30827
2320
49864
29426
4763
43870
22964
11697
3333
10665
36738
5754
45736
45987
40891
14994
39310
22632
32880
30204
21647
31045
29693
27532
3386
35391
13429
44060
6294
13133
6759
32115
48499
24354
38671
24445
46479
16949
12389
8559
47729
11842
42221
11595
49807
14310
22843
32492
22383
21160
11500
39898
4778
45268
40960
35416
43001
37998
33857
29025
33290
10800
15283
38283
2258
24562
21255
43856
10542
50462
50630
37360
50417
49080
30210
41368
25922
4212
40022
23816
44270
5908
13800
963
7969
43191
50410
51429
22542
10121
33098
32911
30771
45123
6503
10999
37065
10449
18882
11860
17968
2178
5897
13965
36067
29024
42922
19752
31541
16583
19541
31113
35798
24945
47582
23663
47861
32053
15184
25622
2403
13185
2105
50794
20829
8369
41553
7976
31911
40506
39450
49435
5200
8659
13608
28491
29277
32193
46987
6170
25175
14243
47796
39102
15880
38078
1728
25599
50996
46445
27231
31338
47483
28534
7680
7897
15640
32162
17595
40521
10223
2998
5405
44046
43193
49983
29089
9224
39813
7240
42347
37126
39993
34738
44301
33811
33007
31785
15208
9074
29273
9484
25449
21129
43843
34385
13249
13787
195
3360
24365
30659
44143
33037
39696
10868
28362
14758
4563
20174
19264
37813
43865
46199
11609
3162
21611
10362
4224
31134
49383
29887
50266
30158
7515
42695
13084
34544
29588
23111
40419
433
7957
32176
33315
11095
18034
43083
45631
11287
24651
12943
15264
31048
34778
13420
28220
34626
38508
28553
50317
9997
31318
12308
14335
39999
2232
26544
39513
5617
36910
32011
1485
42320
16244
9575
16742
13716
22031
22839
30522
13740
39455
34325
38959
2987
5544
35989
10522
29562
33754
36983
21757
5605
8494
30949
30162
24934
41784
17731
14044
18154
33931
33964
26742
16910
17446
18417
49161
28263
9048
44245
28104
44543
36561
46193
36380
45135
22063
13365
23621
41879
24281
14101
4863
24431
29897
38596
18287
43880
13154
2975
26920
32600
20898
16133
50494
11955
27209
24250
36109
28817
4851
21327
17366
6642
9364
51437
33821
21035
9788
42058
47216
25792
32382
35917
49897
34044
34310
28487
26132
51105
15103
5021
33704
1623
49911
8196
13513
32762
39891
37212
43259
24340
50291
42237
31261
22343
25097
28552
542
34438
21486
43602
29917
21311
794
28605
17661
44321
18639
8327
2456
27236
46320
6058
486
12714
27955
18656
6200
21649
44033
2574
27020
10536
42764
4681
41411
31196
42780
36590
30205
20394
14518
13456
28800
7331
12835
14634
36745
14217
6406
19687
21808
19996
13427
22861
11518
31325
3051
20245
34107
36500
24858
33185
23311
33846
24674
11320
27926
1958
39260
22250
21907
42302
29827
33036
13903
9245
6089
11397
9259
14807
33726
44844
2010
41546
4375
46748
17864
42857
28307
8079
20715
40849
26632
35819
14085
32352
36524
12724
39895
50123
6179
36205
24008
29908
43572
21859
48176
16707
1646
11001
25176
19175
10689
27200
51356
2416
38937
43258
26237
24415
42645
18637
47966
40549
901
45634
14885
3390
3935
26413
14865
41763
49309
8644
9137
30938
21674
39300
28595
2448
20874
51191
19782
13338
7008
14220
5783
6953
38143
18012
32365
20851
4621
49670
21239
30882
15590
50686
25727
26264
50325
7724
3187
11511
43913
959
9950
24487
34480
24998
46149
23539
28386
27880
28765
26328
8143
24512
8715
764
4598
35531
14025
14119
451
28738
33392
6834
10386
36410
8205
32094
35023
46197
31765
15347
50202
41686
44329
31660
24860
26627
40564
41309
30849
50540
45991
44928
32116
8848
46741
22332
51172
37564
16266
38370
45611
12328
28368
37924
20370
41858
34849
42392
43142
31549
45796
30182
44830
40832
19835
24026
31705
2396
11482
44611
42648
2751
549
25767
44552
2791
27116
38783
29912
13886
23680
28114
35661
41041
31190
482
36779
4721
12135
11754
33947
18581
30633
19701
12128
16862
12645
44948
8211
32717
41145
34892
37935
28577
39111
40282
27701
19553
20736
28340
3699
16512
17728
49379
13315
7289
474
40864
2388
22379
12111
49409
29421
16205
12126
29259
48093
4161
49524
24578
44696
15471
10079
43395
31311
38010
38284
18809
29510
32568
34095
34718
31508
16472
10037
29842
29497
30481
793
1604
24032
30675
49196
23147
38843
4955
1325
46602
44101
32887
36010
27006
32544
46041
45646
30636
49728
28788
32668
28294
23479
26219
31927
50174
44870
37037
28883
48659
50177
42358
316
7744
25972
2971
37931
26185
46161
18459
32285
17629
40191
51303
21444
28968
13077
26338
28125
18167
105
36455
22028
12494
28326
4110
39345
7513
42580
11358
22949
22018
34419
28449
37652
23999
48737
32886
43340
26697
8486
41516
22917
37575
29608
25304
34071
50945
14114
6561
23850
7320
42636
34637
38365
36733
7775
11011
31521
26790
18973
20554
16082
47631
5982
32058
35251
39635
19366
6978
6827
3877
45548
13030
44426
30405
308
40686
33180
18049
3037
30188
36783
49811
13756
36191
6583
41319
11250
34783
35360
29319
4195
20724
31343
23810
15222
2932
33646
16652
50077
14651
16715
8965
6883
21512
38565
22850
45803
41886
110
31782
22600
28760
41029
40430
20787
13578
15986
23474
8011
15572
6965
30268
21772
29571
23904
14149
29737
31752
4423
27034
19352
24708
31551
34201
5930
20015
9190
25670
50275
34482
21263
32231
10060
18714
8759
16786
45676
2686
16946
13486
20847
11082
14092
44268
33968
23032
32425
16840
42482
4155
5344
22339
50599
35013
41297
8098
5675
18100
11005
9902
42565
14359
32901
50460
19389
33343
17373
3711
20077
38791
32009
17496
11707
38340
6729
51650
48080
23240
43903
27542
42007
44342
41885
28259
2210
42880
32126
38604
51711
42402
23138
22658
17651
28771
21933
30223
44623
38540
24692
8912
5751
48541
31750
51361
27643
44956
48361
17874
12404
24320
3837
50254
16145
5039
44765
16881
27226
2738
46588
7216
50216
42747
40441
39585
38006
5990
6685
17395
41089
9789
30070
37308
44140
20144
3804
50445
29513
10476
18400
3315
38852
35505
22231
48408
25850
11676
42637
13441
49952
22820
16570
35054
41605
4146
17568
19798
43297
4930
18847
28
42596
24715
1300
36216
7688
30098
25374
17406
41625
31968
49545
21782
11689
50642
23312
12061
372
4100
26979
9460
15963
51046
37466
13323
32025
40284
8225
42103
23481
19446
21101
18835
40452
30527
9580
11359
43753
16559
1400
9689
13914
29893
28857
40214
50974
16807
3529
46381
50227
30052
27288
25752
14470
46709
48173
24014
18161
27719
9602
34209
11828
805
11792
51357
45883
32993
37009
3759
27123
6324
21760
1884
2020
32442
28420
45855
44352
8635
37671
21638
4961
18994
24657
36308
4540
36887
42313
3431
13993
44619
13927
30732
17171
45480
30418
16492
47020
40094
47806
492
6366
33613
15726
3396
13836
8621
16895
11438
11800
32822
7323
46744
9171
13341
50025
31922
19059
27063
7117
32421
1741
32204
13797
13664
17409
13691
11087
7358
7422
12491
41434
7248
38887
22494
18253
10982
40480
43435
20701
39133
29341
6593
24795
17050
19957
33761
23619
38093
995
21060
3939
22032
34603
9496
33921
47987
31706
44110
3713
41315
41091
42689
3125
50064
47704
5011
25742
11939
5174
35406
25627
40732
37314
14356
45187
48075
31952
48291
16404
29620
37753
28293
37545
20534
26775
35016
9371
18436
46781
9913
46158
3092
6285
50150
9021
3169
25194
50002
51167
12149
33039
23823
31742
12373
36545
20854
42527
26059
23525
29141
380
5878
10238
23638
19890
39784
9073
36487
21847
17428
36441
35045
20178
22927
27367
13668
1114
51690
46564
43197
40204
8452
16440
26043
35270
23247
65
13063
36596
47523
41439
23161
20136
6513
37596
46809
29381
19932
37479
19560
43222
9816
15950
39139
24273
11049
33791
22944
49194
46156
4722
30630
19114
1677
23358
35328
49802
5134
30845
2483
31810
15721
30730
40408
28861
45698
47983
31954
34183
18509
30337
29792
1523
6728
42658
35884
9657
50960
43206
22162
40145
50798
29187
34149
31760
24705
10673
26060
29044
29022
10033
4288
21762
15965
39492
29890
49664
10389
39148
36116
19797
30020
24655
17309
17935
4393
18145
7459
40488
24380
40779
23744
278
21198
16141
29518
5038
4773
25358
31775
26229
22130
5159
36103
13815
28304
23227
17621
15780
44539
14444
4980
92
12869
34082
26157
21697
7849
9976
6430
691
11292
33476
9151
28852
39602
13213
7073
42038
27740
19748
24102
15543
39383
22761
29291
25041
8939
40476
27152
48180
38995
44247
39223
939
20057
39062
49216
38136
50489
6571
32133
4323
42417
46102
13463
8842
30265
25260
17225
28440
45908
48464
17483
18007
19876
24206
32066
37430
27822
31024
28761
5803
9659
48901
29357
41724
36540
25904
37114
22004
39183
26344
43072
37494
9217
36830
32751
15250
26473
4192
38278
10517
15943
10430
21917
24297
26621
19577
33504
49058
33170
3772
12742
4527
13405
1832
42835
13684
28931
41733
47301
11693
14788
25
14136
35102
8374
26773
33607
16275
36575
16109
799
44554
3028
12000
33873
31867
26901
39451
8259
20863
15712
46763
42491
34406
24396
43384
44323
50813
33700
21627
18003
30704
19043
33285
38560
22734
1834
589
7645
13391
3838
11253
26419
34676
21165
48751
37266
176
45838
49186
25696
31083
33640
27942
16998
9971
36770
51503
9462
14436
42854
20270
23298
46893
33231
6115
51364
3739
42462
48618
12036
9444
27429
12580
18648
18722
37954
40161
7598
21142
12335
25393
38682
28073
21308
40715
44708
30637
27598
36053
23719
48003
34978
40274
27865
30713
34066
24502
37732
45941
5100
10846
6329
23472
5950
17986
2392
27155
41438
35239
21732
33685
2865
6605
6855
14913
10256
7814
30035
32766
23674
23369
16852
20635
16906
17919
44938
1256
36085
41616
35085
32033
34689
26973
9135
19787
33332
34907
25724
37123
51017
50265
18315
17840
19868
9884
13480
48875
45762
24802
11657
50166
4508
34422
28908
23165
10971
47934
31438
26914
20729
7452
36238
8626
30296
17068
30915
31210
34327
33941
48107
48456
39039
30635
36230
29900
12780
25392
26558
20062
28790
42526
43474
36749
32823
48685
26312
23636
7704
33005
42866
49057
15542
4359
18749
27953
4895
16327
38702
36327
241
47155
2777
29542
25542
28266
1778
34852
24915
45221
45212
46275
44971
26568
15756
38740
4169
4366
18855
10162
21872
47790
22679
30258
24368
19269
4081
31728
30492
28379
43958
23329
5913
16128
48525
47370
6948
12761
32501
30107
47300
46881
47673
11725
40641
42749
30261
27940
22672
1717
16799
32955
42199
42824
46678
9274
20825
6548
17421
23279
27091
39509
30352
47147
47960
17063
11377
30861
43521
2545
8361
18084
27485
27092
17340
9710
27839
25642
13407
24646
49643
8918
46761
45681
16036
44461
45877
24780
42091
42836
46166
15271
31575
3307
8934
38140
22630
48896
4262
44436
810
36995
14080
44051
20658
20719
51251
22574
36689
41670
36698
7189
43725
36896
40383
5490
17022
49215
22962
21448
7896
25383
17778
9468
31710
43003
20652
8542
26779
16647
25791
40391
21320
37656
18792
30486
21336
30795
12862
45079
7924
17046
11405
17485
15097
22474
8822
47913
1539
50990
39979
42998
20280
12745
710
41024
32651
46359
8654
3708
3968
6331
19406
34099
38361
46502
51676
3506
18658
10749
6213
44327
51609
32272
19601
43336
38538
20355
3388
12969
41095
8538
2955
7963
19384
25101
12313
10779
17896
28260
48585
35554
22965
28150
34536
8117
19003
11279
21811
25899
21004
45637
42626
28468
19665
27552
22906
31711
39747
38200
27297
13303
34019
35905
37536
40354
28758
2360
15825
30416
17781
37645
25531
24268
23160
36360
11349
32925
9764
27546
23461
39646
19218
28687
9332
46774
21323
10398
7910
50215
22647
37721
30546
8878
20604
44672
39519
21266
3853
4739
51674
2788
46223
35010
46055
2739
20342
28945
5216
34027
22533
2897
45826
30797
40542
780
4920
26279
5092
26362
24567
14791
23583
2111
43424
24291
17143
1856
32076
15109
25908
37013
21937
42373
4885
5022
20860
10736
6766
12283
23043
3956
22686
3530
20932
47965
48657
47228
12913
31652
36157
7665
3127
45394
11768
30203
45131
24997
20103
48462
47330
3665
4965
49631
48072
49795
40304
8054
12014
33357
18846
15339
18804
14695
49712
51230
10258
17450
35808
42363
21068
10661
28923
11331
21613
44169
4645
27185
8067
27721
46124
32852
42136
