93539
502470
269299
208878
27382
453193
500401
114831
121212
349304
65496
256904
396823
416536
96368
125786
144131
123307
335486
143191
236695
503927
408703
504624
302698
117245
521713
177957
470366
108868
514355
349375
15906
355950
71702
274352
383223
58367
236271
32870
289729
142889
463802
147960
24194
121331
415920
104881
73895
473564
186890
371243
87622
231693
321904
417795
56326
146312
224817
5132
24228
413117
139922
61501
50035
90571
483074
476937
206765
321841
372454
17472
36473
271277
16633
181595
265223
284474
310198
448633
324088
455784
186383
18379
471437
497956
379451
8098
485204
290529
457024
212550
321947
160671
438972
223673
241855
484275
253958
216677
200765
418028
235410
126920
286189
28488
95740
52840
113993
477096
35275
202394
436501
40160
185686
399910
200584
161401
249762
266578
194909
341391
353248
11790
20751
233134
259288
91082
41023
433785
89511
92297
200990
161859
518092
213462
363381
521464
389933
175637
300971
310708
273011
524603
471784
452477
172645
42558
367557
80242
21902
320424
394816
159590
87491
10012
520856
111656
119969
217932
309584
178029
242126
154857
224583
194558
394108
444874
16536
137718
480697
220606
322806
474663
224322
473602
284660
85398
387991
336853
306919
358248
215812
158327
477715
333421
324512
431271
248375
501933
102398
395109
325977
26321
90786
255826
33370
90425
207990
230262
352911
132717
481582
253963
515939
385064
345331
416309
360134
288653
264154
387742
94266
436568
301928
55450
430984
532991
412127
249928
156160
286856
262542
319043
212090
249432
177779
463291
426127
157178
142645
187259
487286
438383
252946
80711
98280
80118
453386
501353
140765
382064
401967
69734
270373
88600
318497
300832
86884
341019
275816
115372
140187
94719
370552
134037
22133
225587
256209
530223
464811
390107
436319
416113
51914
17048
183075
412113
127502
282611
497718
325253
184591
79299
177967
181346
428448
150951
497887
330271
479066
181111
507892
214361
268103
508405
298142
419607
37172
460648
341555
118517
347098
476818
37122
267555
429612
384090
457368
506820
291621
338021
219998
362367
495146
208937
369453
518750
114588
67565
168582
305779
407969
121837
471849
307410
482872
39278
387098
84877
491808
40484
468797
535274
252486
357492
326577
339398
128409
155183
27309
292006
184829
298143
340192
282067
406521
127638
123550
2084
457923
399047
398738
91180
272872
235823
404410
270358
240293
313313
358702
475454
18180
126542
374121
82235
51399
429759
181009
223805
356755
467475
330477
346925
12029
301049
479775
160174
229187
479035
131177
514759
339541
151969
304880
275558
417129
176663
218115
79546
343347
106501
260891
497502
413994
98776
330479
195156
399596
178860
208458
427874
184440
165302
516874
403926
479714
309475
179733
442124
345550
234295
184431
19139
310866
433987
498166
411702
320056
454952
475926
169708
118103
424071
292613
454957
134108
499092
56755
507949
456812
353219
515801
298037
278993
417152
311487
498481
170741
250223
356681
403952
233349
518757
432252
59928
230105
420985
501670
13185
517996
527702
453412
383124
160750
35570
87268
281235
198436
180176
125885
301392
365325
43519
313086
141199
13981
200676
125807
119508
150516
494442
7008
23984
387397
234432
133201
115377
483947
96040
179358
67408
48265
449738
358619
473655
331825
209664
163583
174794
197092
374640
90399
356697
242648
352061
31126
305717
310393
394056
502561
176228
1943
4283
226418
302576
191482
429547
223237
118858
370887
424590
86648
535466
212294
386311
145946
533070
73739
465542
475119
279400
531469
474303
65840
290172
121686
56440
393823
365608
93892
522970
115461
432779
170405
199941
525186
451622
8500
356706
79814
323451
374392
91661
237774
24928
398660
207559
523154
92291
448082
224591
192790
301316
5003
489575
466167
133701
386535
93295
62584
9796
143852
489436
382714
218599
241919
476179
238103
396932
396476
343928
167310
159449
261136
155770
80897
355816
240241
459520
99842
281987
395714
178088
456334
278254
38966
239215
509246
363175
287288
287964
167244
139327
51240
136405
495471
71299
38084
435401
378955
213424
442245
473221
120239
263442
137326
533958
27642
247332
440006
215133
120803
394221
166073
44662
410036
72351
300963
152427
345928
280879
476247
311148
130823
70046
278350
405843
210689
118542
515531
143275
213603
336959
297288
386259
237274
431685
337019
190234
487534
246118
14688
154928
237
315252
247445
312164
53433
97243
33803
388981
511765
201538
6187
197719
89462
19272
92997
493960
344569
332486
384018
381209
185261
311985
10574
381496
513057
172635
450054
24594
1220
178387
361750
20674
29855
111770
29879
500288
195286
188960
80219
307887
115129
214807
474793
260791
355970
430219
12140
217426
429775
293574
440991
390294
78589
246300
246568
338222
185075
118968
531922
473
13264
443381
451487
210004
460075
289043
161575
235569
260652
237263
283601
257085
176004
29757
249951
244162
312663
517852
26428
179640
211024
239586
299428
356982
493540
228043
432229
159264
263785
487087
360444
399514
267235
128608
187143
530337
332676
524428
293343
272735
103288
77830
464824
292572
40904
161577
325407
401677
38192
408773
406856
531153
322994
532238
134302
420382
266858
415236
222715
10489
208689
22573
67775
261624
481015
129467
266614
369540
259417
176614
481769
334677
306182
86608
309090
184338
368400
509918
529612
228335
322038
514883
308945
479331
81468
43428
179142
305308
98871
96811
324118
505067
338724
273878
37237
341200
443958
330282
286170
446725
424152
25746
487381
111141
365037
449003
340535
248767
1374
334382
149490
177696
487771
343616
379009
491555
417434
29256
485784
469431
272574
511248
443523
288346
471577
147247
304060
70333
163088
169818
467196
386371
93852
244753
10265
220018
438090
141095
293747
278156
413910
156602
333848
159525
490910
375977
157529
487266
33254
472795
30285
178542
216356
365193
358941
303550
99286
254247
406386
239251
504715
57738
437543
479217
170504
444005
87084
17360
532061
73622
259056
172512
76855
352374
514855
505976
410617
366005
297294
40051
332431
419635
257823
149026
308598
535185
278104
47617
140106
279234
270740
329273
33412
482322
187294
483401
516942
127907
224845
350997
219119
513926
5792
379140
256892
499169
409882
357866
527594
316989
237799
314614
304522
277926
434129
150571
201097
441868
343450
383938
366549
500503
224843
262617
92606
391145
56182
487236
398089
251009
185119
268365
67647
22221
34451
529441
240983
17357
114240
139120
500537
321298
314893
141202
307015
155037
187698
443844
320934
221217
38751
471763
28500
239127
278136
53171
126250
529889
225010
37253
146880
123559
169026
234137
365080
199004
161441
230245
385848
163417
419782
343506
236616
41391
494759
159030
458697
495875
340941
239727
450074
390881
368398
440069
100430
519818
284070
127149
264881
223172
382164
342377
524062
40077
64432
296013
360817
112584
142671
513341
476885
441099
526571
243149
282567
117204
332452
415769
301914
334624
215285
316891
526275
231991
429301
58738
249346
113080
201445
12172
364670
282539
40116
526941
336455
217048
252941
208640
197502
250358
29060
355882
499588
380661
269972
202614
201507
90784
271288
205159
422736
170581
233804
5419
478616
241266
404726
24149
444412
340987
60050
10935
468774
388502
416418
360852
278992
302937
159722
367431
186304
396934
359719
287116
7895
172790
532662
150294
453489
423955
9449
235357
136206
273811
373025
222040
14549
46430
197870
321161
515358
305583
453377
158935
277367
275338
158198
524500
179854
199116
175014
284097
126376
485941
260462
212820
338672
100264
393996
205532
380677
322997
305298
418843
508370
253889
86661
134804
244742
394503
412762
294197
335176
103674
79551
521505
141981
50614
179108
208728
298754
209076
487444
105679
219739
397762
477628
487327
56972
514543
518436
232683
278069
342073
460506
222444
22821
340887
504567
471395
9229
11455
112167
87450
532287
11123
288412
333338
60040
346616
66340
331736
388853
228992
494087
230256
48683
153112
245704
27469
502377
384016
103231
122380
454636
246923
257537
75296
45701
121645
212729
228642
375882
518171
297574
85163
238750
46415
92532
139313
24146
338013
217957
56577
508788
248616
8811
116805
227777
44477
82175
333769
292219
19761
462315
186348
248783
91312
52462
168460
63189
258087
519702
528204
455959
235813
91903
511905
344796
169408
135411
293184
213485
191964
126245
435313
376567
259917
159352
17977
476911
117230
298831
174464
265383
389969
47522
126677
281409
324991
106384
461874
408871
280989
275374
448256
339310
58372
374185
138289
75289
125520
494139
479636
75559
186067
375608
187987
402303
133887
365616
85013
441977
369076
303780
285940
126325
182570
486936
481368
494562
57407
84310
131912
39994
375001
21277
126758
388627
97134
239895
263702
197174
462595
211157
206520
173153
296897
393255
155806
428246
67470
240153
309743
171287
453621
149163
75322
311759
10266
75020
272887
311629
4336
15643
133616
57844
461403
339371
60620
134787
93221
247558
367101
508936
308392
532950
281479
319550
259618
238416
201325
142350
152585
65386
380753
96141
35951
353293
418544
285384
390433
504440
286751
367406
524685
181389
194588
182934
303645
259155
71689
86042
137429
449465
76589
304229
77189
316215
402683
125678
318500
155956
365142
243347
267931
424574
383680
51009
520465
62782
434925
289129
354852
444914
113968
255891
184516
496845
299952
253128
48394
48399
276260
293946
327631
105388
234463
342181
150999
337726
334565
191518
136843
126763
427777
450338
445680
112617
94802
300383
226400
184434
506420
117419
329277
218705
106258
295031
227540
390678
535755
62053
7190
120085
192242
452574
123100
463734
316742
310215
475995
9064
268865
26646
225019
324721
182699
92704
36058
134206
474689
412492
63536
244007
235286
374256
180976
253999
358760
159235
486340
27804
444045
111051
124024
443493
58393
112406
288774
234037
513102
518699
398590
98418
237993
54597
276142
397462
292095
372449
331424
356036
392300
159732
517308
489552
335210
135157
46201
492699
108803
317313
406720
153331
33861
386183
120261
38432
273946
301908
41591
525369
213817
83990
340108
523521
226736
39600
473880
351115
181811
240409
421062
404256
220410
180256
424967
486063
12713
91058
485764
3791
127653
466277
199054
326085
516267
175719
261141
144614
150819
356917
304418
349231
45644
514922
189150
383850
12297
37939
267623
468962
308749
375607
228835
180155
207074
151483
329874
139765
180014
317743
340833
275760
179789
471133
358078
316026
181787
489102
442472
103666
32209
504133
423616
81194
365098
72978
150675
464549
178415
104492
465161
56753
116772
486871
286628
524153
66337
114576
335110
13175
8021
487412
213527
493288
371088
136166
360831
82478
385691
220139
419545
509723
456360
302482
271017
5751
320267
527811
136576
79506
407028
33863
444928
280074
178477
40846
71651
336195
425969
432686
96247
404267
431428
141441
258999
354212
95717
53416
342832
228004
283859
263430
114595
141499
422075
44589
119660
496504
178926
23482
313070
381874
353506
121183
397607
2726
338620
290706
396708
58366
490604
447236
17351
165588
151973
230153
11847
489082
160866
382008
505845
425333
228188
100359
522117
177406
80428
332392
88481
353596
264793
453215
356080
129496
73738
441413
303857
267952
464410
19510
112739
166757
124398
108346
304213
49262
127107
88563
490424
188550
262201
177064
202888
451756
286671
242457
266490
120900
166674
380874
436406
24357
106652
451972
435221
66116
165101
145589
188985
287857
19152
91879
55314
485990
313977
465312
289468
297221
470888
330620
136123
1262
344773
135107
494118
67263
407085
158116
231544
268271
287792
114721
287428
22165
120302
158025
32656
323091
49450
85814
386434
368137
378572
434747
212829
214233
365722
364584
272916
523090
389535
475800
450943
532450
251031
124921
114635
34487
79195
94911
299938
529899
465892
72135
260729
90651
108168
453898
402310
204190
162038
289381
445422
411486
70931
369793
300319
217211
126430
177069
191705
405466
442995
139316
200153
304178
406065
401764
253789
381735
142348
413572
195312
492204
129393
427223
190452
82553
177662
41453
42384
110366
323604
433852
332008
296734
473395
472183
517677
475671
140581
94119
122402
337926
274896
21007
516801
201748
139315
39966
375603
413391
20931
424859
502774
113219
40319
429523
89296
359134
325597
397332
315608
280391
270516
157870
63680
26572
155247
80449
26467
397811
372262
148242
456409
309053
248733
86466
102058
292907
295653
368486
514902
494944
180539
468293
255842
187026
7302
53888
186118
369996
513438
522312
499179
64461
44144
345521
134460
414083
393656
78038
214985
261254
2436
286645
525514
18186
249229
162361
242814
288377
440231
480218
463603
74444
230289
8943
296800
399825
389829
434644
411935
263363
323605
120436
355885
495571
140915
288623
69414
154576
223078
480716
230509
171151
144065
508518
312047
474535
232666
109204
367098
166737
368680
246022
228402
454417
143172
423914
167686
384043
74799
166151
324369
482534
514856
376638
10477
170739
424484
532243
75049
405772
234731
354525
433269
25424
337284
254856
433802
2733
496549
259070
154587
233567
179633
217337
16721
255926
314237
449827
58902
268805
491491
20446
410947
209439
279919
524455
481580
214617
268462
179431
154293
449300
382297
377186
179761
491495
404218
436064
242372
399709
63396
368647
487328
502956
99843
300893
226927
142576
30650
202264
523803
274505
459014
422053
53498
260331
491541
320151
530597
292501
204625
513909
237240
106218
417478
163401
528952
77962
358223
285541
58130
520493
75740
5188
398556
193154
377940
247997
433878
218678
335113
420614
238140
456801
521677
355224
279838
98201
270565
511915
75975
240922
280749
389700
318660
101684
182601
245753
300004
8771
428609
481599
472177
240564
223377
243798
181941
464460
212207
176430
398281
197080
305641
354427
64436
412207
419308
503355
219520
406710
70334
420707
474276
30401
391146
119879
2880
419146
231111
310859
369964
467532
460684
262900
326231
124635
374815
519418
32263
393990
402762
102647
222078
288328
497155
142300
73143
41911
55925
529245
331056
337180
315710
12896
2743
148383
280340
322921
392646
31610
490270
204818
220701
196609
403155
263280
305645
400074
364168
263707
53799
450020
426349
159279
128735
240419
340314
429637
380188
517682
379052
362768
86024
246739
23258
42292
531650
485351
508309
498128
489947
353365
204824
248618
174297
411405
57968
103346
49104
422355
163400
399422
281054
356200
473807
37249
371799
175936
384432
38625
293529
426503
229287
335924
324770
99422
181666
183852
163045
447590
293881
77971
316444
242414
186042
490525
287303
333265
207975
344972
461545
399137
71767
377899
344364
198613
202585
93958
125920
471492
426477
173361
185045
118040
93267
321882
167309
430974
40271
522737
498955
336927
485120
487573
92314
528345
213696
97259
158354
142294
456975
381210
324413
203710
504034
114401
496499
267674
195347
505718
123164
165769
90523
249868
16279
345633
453825
264646
204570
211227
521066
31406
203384
64629
260212
478521
344278
168531
261729
124508
28265
415586
511857
509925
401721
416172
267985
401724
82492
282347
220789
426313
124538
228585
13642
108450
177970
421667
274142
467408
393420
287060
436023
501393
104386
459888
470874
443315
419254
269331
126484
425257
298294
211490
244920
415967
507897
122262
453894
441864
125051
319070
185913
443758
258361
356826
130366
226252
336593
209633
148571
480183
240270
186551
226619
521995
423585
532362
173793
396240
229953
495980
382122
313901
396079
19187
494454
381265
89291
488051
531416
393969
404565
266605
170751
251952
310598
483774
376171
127322
417360
83070
95901
154234
223268
223445
379418
194139
248040
350467
322466
351496
472847
367654
71147
386565
334748
392656
186210
212310
260985
404264
300376
43164
171081
333010
461385
138165
209256
75351
438234
394805
259631
292971
7719
297595
152658
338329
10074
184422
225185
5310
414753
376821
130492
426137
174509
525215
335122
522614
255673
21059
2459
51277
368485
459110
173964
307279
474184
261886
457050
435812
213472
399102
338301
234207
105842
192333
323631
390854
410039
390899
326476
176800
468535
280874
404523
335408
343768
71469
64742
364947
514666
461949
126515
128539
146146
227882
194322
471078
485910
160291
472768
189936
316212
468219
70109
197238
416390
23374
175331
169077
169678
530931
311898
304005
159569
244771
253419
224804
485011
21377
347541
222341
442295
484846
210868
292295
362893
450754
316356
276582
518943
257399
337703
170329
32043
231170
49900
15850
40895
8353
123163
531711
352905
136679
329707
155365
493850
139729
227814
378144
245305
534634
522399
322578
440288
459582
218448
339040
224150
107622
143
294768
490751
339565
397438
276945
498192
9244
142584
174374
123904
350527
43932
439445
311041
443274
446744
181486
240438
454717
224587
74549
131295
535548
299348
262400
458460
503412
254208
341524
223794
203357
330802
323720
444008
457670
39442
488430
299903
313497
342364
135205
174435
458313
46354
150252
69993
318248
403397
439736
86078
127234
393660
55317
263033
347946
36041
198382
244837
371698
433391
454892
87553
462651
383898
407034
321803
173278
530022
6790
451290
9289
375024
131082
425121
134339
513336
34831
246357
297109
261116
12399
74416
326799
244355
264911
396287
38007
508062
513279
461806
370340
132735
32783
268969
345570
328600
498426
261309
180795
521784
248170
368098
421115
320548
57026
498983
103302
529836
38040
53967
71231
413700
47834
205584
508938
371604
403904
403144
109281
466395
413407
133156
179482
348423
6456
106444
312599
457621
115808
250287
529554
153780
120878
405803
28674
466407
489254
322902
294512
489432
347608
147785
382304
201954
422440
253272
417344
193261
515626
151707
270718
296342
363716
313163
153849
308048
458612
76819
317351
496269
344662
100901
34645
366321
443911
498160
441552
87629
529854
459923
120418
156693
306937
54221
482922
379842
508105
448958
299927
379656
421444
248225
108176
213427
178020
474804
165035
130298
160377
348631
104253
430658
193854
76221
63694
533050
257923
487387
140994
418152
63496
399458
131844
473349
212885
115754
96949
511361
162053
466271
112505
11225
5339
15875
505969
406415
155472
337919
264092
521211
118642
457916
1831
113845
179693
37859
364730
247773
494145
202581
401693
355349
128410
178243
64235
213723
26541
373629
288737
151982
420182
254188
522017
450032
280724
411707
262512
102930
62800
303131
438098
200896
21026
465138
81947
379090
291425
292425
48097
408678
107356
42436
531380
162532
181925
413189
350585
202980
253650
241147
431184
268152
386093
345196
142844
128779
224262
516404
21705
483649
86511
296533
203188
200761
349810
412651
137133
321449
10271
101093
500721
94707
212486
96613
324817
359780
183667
79164
11299
443984
179759
157130
43984
526996
405733
425388
385997
371592
186539
337109
348583
497135
337286
292816
104950
458405
96982
203664
341044
2629
334505
468886
95274
364734
405045
31449
78636
61968
333640
183017
479072
233018
65262
348561
191831
226313
265125
756
175346
90401
158125
337443
394946
189505
142120
174119
409524
27605
178881
344779
134879
301696
318130
485908
295106
118713
327040
496271
122915
322008
536003
125464
469271
284253
197644
110575
66098
403981
431596
184952
290293
437115
472118
93228
254350
496315
168908
286197
397144
493218
258552
229727
24849
335363
517652
78863
87354
206872
283471
489749
59201
375481
181999
506800
482605
220599
360011
248301
379835
147702
504187
127267
450208
356862
363136
307284
491800
35803
292899
520092
326933
216379
158105
217331
44199
386328
384501
346542
77549
78994
446145
77390
190627
490596
64610
156531
242033
412485
532321
153254
97166
76818
304416
227293
291695
447967
367188
337815
48347
416653
353014
125277
167214
306997
370576
168587
293579
525042
139161
427134
377086
531891
341253
64326
66754
278912
384035
304081
337645
411015
65251
280751
37163
515378
153763
19918
170419
387222
81104
120031
347994
502264
7042
72207
123829
487349
64541
230866
208113
530225
171860
323828
256003
246882
56320
166105
348370
345610
44853
332752
418984
46281
40591
361930
226757
131272
39645
116239
478587
398146
473443
231666
16629
420068
531393
263517
493080
436073
336136
473184
374110
307878
263948
434877
404625
141200
64709
234506
209875
429116
173123
489658
2620
305966
211270
245449
19932
483260
295125
119296
269000
177725
28325
268175
170401
281010
257730
318827
411754
26128
186037
107747
496203
38399
336381
162941
307540
351993
25832
528007
511177
459527
344787
508591
322773
3278
535089
362623
456639
269020
286777
355479
270773
445644
390943
298115
87607
170675
306448
48053
423707
11506
224940
428101
251555
50719
461415
156
418322
99759
253085
26573
527518
353709
535732
305166
6168
497149
140125
528738
121882
126861
189831
227731
274390
98425
44510
148965
175709
26192
63002
129488
379366
162636
162933
99376
446291
97683
37500
355098
200148
131985
300890
63501
346109
184616
467904
139960
161359
485665
530059
120909
287368
169640
410583
455060
108846
203846
225975
381785
32254
425227
240567
290370
199653
491985
482907
341602
373515
57687
154966
181123
316790
323913
91872
358638
354976
224391
483305
531630
518567
465854
337794
94995
169194
459160
80149
160266
417419
432702
105779
98032
179389
57551
535435
214470
432499
73063
527413
430307
244424
84193
386257
398086
425618
115404
168964
318954
133552
74222
479233
267019
432955
225876
395666
428977
177503
357069
211006
245613
483372
448369
272413
351581
61801
133491
465707
415154
425288
454899
440325
47418
17343
245814
334048
66641
170133
186981
200870
377467
326128
340315
470367
299482
168217
207811
158673
356772
494376
484422
86401
321683
360251
492590
454691
449148
323268
287159
118373
144049
385283
427005
457905
314556
353061
446105
391458
429597
460203
262367
529701
277517
241951
264682
392511
263451
189785
30245
470339
228369
497745
306892
444663
496509
224178
393338
448409
481395
276686
287926
522757
295746
247828
220022
407468
118814
98868
28417
12553
462973
155195
298604
425329
506746
239445
147230
399272
486106
379981
490468
139084
483265
459141
71443
392716
192786
521460
467814
130256
170661
382616
107875
494886
387720
299969
527361
455022
448732
308807
500095
318499
296424
476030
372215
45715
436822
392506
4401
283167
318753
399341
420644
348165
358571
303931
182907
396532
187320
135819
511135
478696
289696
427474
21921
35298
7675
159456
168138
382688
476347
331745
524709
67757
50609
458736
285408
313439
341461
153914
410588
38268
234769
36727
391289
99121
85551
313581
86076
133917
388117
82361
443181
346571
175176
420919
307547
157771
503097
13589
493556
271295
154922
5570
230329
256742
125015
135895
276800
32008
210048
309396
407241
482337
333877
485543
509845
427520
313058
292050
479545
315289
529327
144403
308176
419076
327364
45336
329183
407045
238046
455288
241153
471234
207657
87529
524530
362277
188123
440262
131718
436078
190113
196321
534330
94550
467767
231024
377307
12007
360538
40581
458704
32609
343372
224098
31001
248594
513789
66752
138594
340880
90368
209175
164532
419789
80319
15916
284144
250236
406164
151373
532723
507159
57012
412925
54558
19284
67625
107289
285608
423396
348059
205585
6822
317438
419861
125006
166477
263155
516154
387392
201620
175028
54264
284551
337391
462421
314064
92856
389058
159288
503805
162680
219089
71492
534267
173030
52074
231235
170002
227432
289474
387964
488209
419078
222739
532895
114979
511706
164372
68937
114786
6677
498424
530309
290155
105614
78851
101038
408948
53058
522057
342074
489415
429607
140475
58283
109559
435562
518613
318058
246280
520120
179581
296726
315058
110549
522426
378775
339395
61672
438812
207426
8294
207362
195779
449876
271819
221503
99575
331761
25992
6245
420361
289236
320906
490826
33272
121777
493602
29357
107230
38731
401830
330910
101120
431296
519739
218481
165861
489859
241511
202689
258233
402422
145325
489094
470843
256430
348672
297852
148008
258375
116873
535500
493393
434215
297247
176873
24994
490703
96808
458569
173938
67634
440951
477163
270733
358888
499537
132895
365863
397601
454658
287959
429626
279467
200047
406388
140052
278320
193434
117360
258205
378023
423565
210556
401287
98482
366732
215634
454762
326961
529610
314952
424056
524044
259574
248820
289366
223640
72141
160440
125762
145814
520223
522394
9475
429888
322757
403864
260051
228210
493693
191672
420535
516861
305773
114955
165671
117031
425324
422555
483855
448952
489105
93331
473182
17834
519982
533888
83588
247261
98753
254847
318649
183855
452552
474547
505630
168880
314328
346071
162967
377495
384854
278737
287329
824
495709
106255
180768
486233
79432
394245
431661
351431
2387
466769
427030
394127
323312
220096
352469
493905
4492
398927
269064
446765
426965
277116
506664
530556
490471
314170
63901
296887
439568
285946
340882
335514
22990
51574
520665
258909
473210
196632
436403
283428
71423
176247
193651
86635
184911
318678
212451
77212
346592
30209
180396
110642
145801
53015
348123
527391
425082
151726
445323
525282
166249
228382
70478
326975
120249
15132
91889
430523
315086
530018
500631
182751
173693
73060
408140
296128
226741
348303
373537
372276
280433
346664
92161
190641
315069
274882
67641
151762
78493
386376
533491
288526
500117
278884
215178
434890
293205
393703
52221
508373
117844
207556
352871
90064
532151
236138
495329
473345
66594
238506
306558
24875
120767
266830
48935
263624
153824
476359
78978
475858
449281
430083
492004
185209
278230
464817
236718
194894
228257
211805
157474
51948
507091
138718
150098
372207
72916
296289
393087
274779
228171
216448
246766
522954
58840
66011
117796
317766
296555
279922
22057
233224
13535
350020
507462
67419
116611
434079
243132
481739
254580
347776
425554
260214
397825
495570
206222
68935
33410
524298
494920
430486
358616
76218
508010
205109
304238
270025
522081
14567
228786
324815
12355
424788
322528
75794
393858
364037
406134
230834
327533
385656
250964
213611
183733
512310
262231
533961
367822
446308
342839
192280
419434
362814
259554
177524
211480
207634
274737
459370
58776
40310
352369
188828
42417
147611
508940
262025
303083
96156
93990
472594
299171
233225
195127
206240
478108
525490
36202
417897
152524
359657
396665
1446
472661
378485
275109
428643
206823
262258
198837
398947
349098
319538
118318
287963
360895
495436
47372
214045
305768
278809
285313
271025
308512
185854
52193
214553
229880
534166
327871
108299
490408
371900
395061
448844
310353
258127
3842
208523
410763
365035
282966
367848
458530
381926
342777
307473
429542
37828
113807
255590
280701
148755
214484
256795
252349
9400
456982
328770
164754
93309
448201
68371
272396
415320
184937
2218
489817
520540
200174
305612
175539
391942
504610
358892
130638
211496
316546
358727
190004
474729
469908
511041
95319
23293
395102
317996
158540
281950
487614
2104
451620
531824
250591
476468
307276
495544
425639
507229
519796
70224
190656
70903
488113
440002
353809
224900
346313
280228
117658
8748
372860
167404
431951
63294
312464
166758
535284
521523
503167
86243
275644
291893
119039
213733
71725
323962
392803
71648
522904
286791
318377
30756
533889
244782
1259
149448
217112
400881
310577
488514
136389
399534
333331
220782
317523
433062
170050
191182
477881
143113
321475
223904
512715
445735
188373
154825
367745
509496
207413
202544
389020
472800
238822
69969
166979
467645
144102
315831
227000
158931
457567
261292
331606
171724
450305
62636
356094
255483
153276
440308
28421
258467
120866
520742
4984
58382
172468
323708
333432
55256
90116
28631
356438
76161
45776
459644
280558
243671
317833
297315
95665
45297
337219
148306
102042
521511
17830
172663
528487
366742
57394
111238
380242
177013
319376
26018
152108
109828
28959
373018
252592
19700
60361
111395
303162
513515
145670
354083
372775
157758
501134
471267
257096
31983
388402
54574
17167
125948
305140
386052
126773
253974
257451
402017
333177
249511
21842
88561
298966
461263
299037
466222
354654
163980
528418
43656
109489
300400
360225
82784
424297
109211
288929
533218
278506
45970
20374
253450
168215
29288
464773
153994
464134
479211
456823
145121
259221
145587
322569
63274
83574
498808
178362
278849
500309
455188
7043
175309
107653
284832
116579
334891
140111
523780
106441
167873
505049
238605
271708
425891
496108
48973
73170
465269
56720
246037
532206
78323
266759
129913
334821
414647
259033
370240
208509
19020
442606
480679
259825
443992
53701
290003
41182
99486
104164
248468
345673
418002
163543
327904
115709
379352
484722
351486
325062
36391
297354
426809
317203
95424
215489
499241
360627
445521
331221
220332
270969
11950
219215
158423
512611
486512
368693
210285
59348
518522
265071
294628
418425
328918
91088
390240
327775
131494
425930
34867
285552
436451
113711
365938
115441
168308
72716
330545
472268
983
490947
65667
494906
333911
477611
120903
455896
488558
334496
246635
398809
16793
168965
402031
327315
249152
92868
76419
530625
185933
149972
456187
208016
172260
66540
80125
55776
191840
173701
463287
85133
138106
346581
311992
140144
453221
482672
30237
494452
266200
272158
486918
288210
39719
54437
303927
202707
408882
391643
513857
237538
275078
512454
153807
397646
229335
524009
25980
379558
253486
515094
278479
30388
93808
355191
236819
226423
412616
7403
263512
346294
94880
53947
373562
123150
268816
532825
297419
78494
501432
166424
262746
64884
257333
211063
477914
383448
414069
11993
20657
530436
287412
40176
150090
76126
222397
461013
173279
482128
143132
50756
474815
88610
243664
65975
26368
354502
48630
209069
190166
215774
397406
407903
20010
475621
399243
535887
45581
398254
177474
129898
323295
453105
474428
405636
121116
209777
229248
235555
392100
129677
295092
315542
118147
147680
170544
376456
423325
124357
362270
406064
302110
455752
503573
252168
435408
215509
282064
46866
426631
254790
314450
269744
295898
165422
201091
269835
94555
388120
375516
408150
511864
47244
141949
517703
420748
390282
207933
503070
468492
8425
137266
430401
24191
497939
157732
311195
496404
89852
488783
460982
168292
322124
529204
427713
470544
125423
518030
129180
440901
403373
163733
453058
108585
432607
188154
74340
517263
81198
368262
531541
320512
51698
439003
236102
182472
469301
250209
289838
25727
46022
412352
148465
180272
486130
354002
239418
530804
160777
30631
455317
89190
246113
125602
181971
438607
220546
159883
292124
64841
81720
14806
85861
433381
453721
354098
143869
476202
138039
504627
447429
309979
288518
124598
304737
137164
315615
287262
281376
164986
431864
52282
167872
182863
299529
300498
352775
523610
435324
227807
261038
283826
129218
67874
28661
218235
344727
453309
492171
228127
277832
33414
378507
89827
485385
421813
468648
529990
27089
45572
386306
239102
516330
87355
146859
98361
462025
170811
203907
428127
3023
90460
413257
40530
359098
399761
97483
254073
241976
240626
92074
241297
525392
67629
268004
135330
489411
49469
171675
25456
37663
193656
297293
5974
107652
252487
536024
38663
206255
100070
347489
450840
46389
501970
404040
531995
505793
32658
118380
194096
351671
329366
316919
366460
216553
267180
343424
312603
338534
492543
535017
38604
55589
478129
219249
188359
270536
488598
324963
528845
327573
454316
511412
395787
338803
150218
57558
1341
311063
62469
216171
209366
319351
62484
429666
12790
198253
80496
63547
291417
262320
77465
456868
94078
244500
510633
247287
377659
369054
433926
361227
293511
143812
352400
55738
208595
34076
535813
486852
221161
31364
492483
278037
519935
519138
313726
119488
113060
506920
250564
328759
248810
117863
68245
171601
259292
23075
430010
479565
230194
272901
411466
289581
113432
210649
347371
293903
261827
142476
17714
435795
239395
183220
465133
174322
242617
207487
338118
190884
19345
533840
23321
37869
372004
163278
267163
95320
435983
499085
89575
176196
382275
528083
203344
458305
319924
60236
370866
49314
17889
206871
174706
185293
68594
80785
515746
37282
307600
336953
21319
411827
19037
326261
412002
30468
355532
49309
480787
263113
400658
89674
17903
64229
235589
294662
443855
498776
4276
207965
324820
96478
29948
319350
497960
195578
13561
250904
241578
496850
20274
62071
406932
387410
417753
76546
267356
425194
433131
472824
115449
47905
385027
19984
345161
235510
202135
213186
323082
354968
375102
68749
449435
283113
494388
366795
35820
14286
407817
229969
272659
109385
436681
238792
76228
71716
4467
230510
347450
411264
448329
132929
366959
46061
481895
240906
123494
30052
173848
41617
325033
416782
336744
299385
216970
431451
185416
445873
268261
502329
367864
160258
83772
224298
137824
142096
201701
326988
443929
472069
220544
280939
119537
308199
195325
96852
307908
180596
27488
51654
20994
320820
234150
30622
435849
390396
452668
189743
383790
425994
290824
451507
532247
509138
158541
387079
223349
512535
48628
504596
149624
345050
408563
426165
79946
335929
21588
430129
341763
463588
129116
190084
76247
107719
397600
98095
266203
69327
90580
411334
215967
32710
408687
449883
33868
174607
246414
215792
507524
261554
178116
389781
81436
23598
316506
519045
455986
470523
451758
277535
296749
338144
421629
2659
58975
509521
303736
152764
247268
267981
270164
270139
256464
172447
338921
425229
504259
456893
150097
156463
213962
148678
330697
41220
93225
171166
524129
130193
366852
85763
94587
121224
497009
121250
205620
347822
211676
56490
5710
447083
2077
391564
343526
321395
85568
267672
348252
213256
261442
314533
173658
367988
360814
191407
365063
87693
64582
265497
293785
248200
200098
359988
507799
103677
20587
78024
271875
11146
176572
304714
477800
148923
527132
243371
354352
294220
379849
161530
416835
224792
388983
25566
451436
246814
238770
96198
470567
151442
436576
80648
473081
173049
315206
71998
73892
128292
42615
461923
428296
187804
73706
314653
342090
452875
372614
184556
179903
404187
182804
478480
530728
406024
223132
44458
429814
460857
507189
61551
168409
170830
65303
340145
160745
120470
302899
467447
103588
172003
365437
264982
7488
12440
6704
286483
125665
154497
514614
499165
474828
57337
477802
37581
142829
298857
39241
87987
492068
343673
467147
136310
337500
80501
364802
424868
149467
461760
241526
5754
382634
234229
368457
523018
93200
87602
310110
145253
99287
330461
346281
171169
288809
380815
130956
356602
87395
487498
100058
231476
447211
353287
129330
109261
519065
85893
103822
196649
493529
381054
247488
352904
76910
113736
326339
215096
162554
77098
133166
61229
120942
364477
99151
334743
425744
261092
397859
521540
507694
74698
106743
471927
110149
478402
299275
1056
144776
381310
350089
29999
153287
203645
94161
61785
407484
158226
427758
513855
121917
201449
347210
260273
331584
340948
358889
105024
15390
513291
41762
454887
322333
26534
134799
274056
82811
14367
362783
363315
321272
412772
271761
203833
395302
344252
7034
521571
498546
406794
311031
527715
94672
97176
126357
144203
378305
163600
221536
85946
331594
396403
171660
212593
336340
438795
40499
298549
236504
475211
11701
272755
307016
222376
344880
402228
49602
291285
307460
27777
222478
111373
23790
76592
458624
367695
354803
149143
509317
326545
511904
68911
510809
438031
114142
509580
333982
422977
264662
42778
503982
211416
78614
3702
235097
398850
33136
532160
222357
433267
330111
82914
454955
166377
313074
412511
373740
145721
338481
480886
121476
179721
364836
196955
210151
342289
482906
466738
278513
268545
177062
12381
34865
253078
77239
171136
308652
391434
456748
347958
146788
275957
517980
12959
195802
267258
286748
534740
78826
169084
258593
443522
393876
156225
21478
251618
270844
454480
94195
327547
237622
197551
109726
398121
474454
481454
84379
148583
338757
385142
535155
31494
520035
469852
488781
56482
283812
483585
188152
183792
210716
55676
501335
404306
18122
451744
240577
353246
415380
255805
279129
373782
385431
523747
320070
165824
44212
56239
14922
332461
244768
173587
180982
8037
524718
344649
365578
69777
355778
346455
460125
15601
456733
203705
420651
256558
67383
292924
23214
142351
211494
231988
86584
465626
161730
394256
373639
395904
393723
290053
90911
295851
236080
267677
189184
370254
360241
529703
90478
468234
442902
144758
454860
370190
469534
328607
188659
467467
48236
174469
224101
224267
389234
99257
283832
115073
88810
357648
190387
319598
156414
478973
454876
41479
480574
40990
52767
162301
136969
250147
342399
38042
5237
150007
167467
378953
145536
243031
304523
99817
119219
188626
283118
460408
457496
350339
454093
478561
314587
31794
78706
102601
489646
46243
450534
524332
116771
3217
477692
528369
521
149376
310459
141196
287525
75184
114040
214979
298788
38903
231347
383243
272359
184707
68956
245365
132203
219484
101304
473523
327317
469335
279990
394164
256169
1194
126589
165097
399244
446312
249538
164679
28741
110751
205851
147938
356601
46698
501167
146399
368045
213483
421262
455515
9159
512859
140045
198557
451340
375559
126132
134616
383153
137932
32040
263561
257032
161836
269490
134201
198948
46448
8633
436195
38383
4609
393305
151932
400986
438705
489484
97765
171471
376028
302299
396721
443899
411042
304731
98098
29846
245385
266407
3166
518079
425233
485012
332032
199887
221583
516709
219810
327140
196809
46877
244661
77597
176303
177528
246328
442031
152220
347324
232960
401339
234564
165049
30446
142918
475677
301570
16412
125241
189891
88329
382033
175686
342641
276330
519916
294745
21421
276154
377790
257939
495031
452763
294136
358481
60403
355330
296740
430368
324910
499641
95885
459576
445589
60706
30550
42373
493827
424863
469772
305353
13635
67345
314713
278268
92586
217439
269198
23338
513445
67073
434988
24047
343757
93884
268999
363554
152331
393491
484353
258787
425898
162889
312860
35143
472998
79775
62473
403865
160811
176801
447514
22911
483904
232375
198921
349928
4259
9917
39530
203695
314810
197405
118450
407419
25494
416305
472505
372323
370218
266675
165589
379815
397655
520013
333130
503989
270568
290258
51364
461308
44241
388339
506002
304357
271405
177664
201327
193456
256028
164832
353771
105931
111687
173597
14976
525391
443516
114580
533038
13541
155680
242338
442634
388657
534637
153522
510045
535554
424602
256546
81979
438559
252223
153743
404731
84437
256243
233191
359096
476049
15952
186588
972
186324
169345
24672
482521
168106
42064
33757
57117
223171
388058
282847
420555
20825
216027
328227
170406
449763
282798
405174
161069
472196
84797
475259
497227
487272
519133
337834
329355
496192
139262
462679
196720
387103
139001
466754
135861
308604
437235
479082
122226
35960
192764
390845
108859
27759
532264
28340
349324
441770
13924
488384
457111
396292
488795
335012
137238
502842
83712
166044
281707
319393
396498
443272
299752
53449
309590
125337
492292
265844
183331
23418
102546
367911
92104
110283
347280
52022
69995
368684
277323
237109
166868
235188
90407
228429
226351
340854
391304
498169
141933
471890
190703
134917
525489
529892
423302
485176
26772
289923
313395
286371
162403
475282
158281
416420
122002
16939
177849
113963
146904
214854
415394
375877
118786
238611
205593
303132
269466
148793
507997
366057
106452
465462
16380
271692
215279
460441
273996
66734
132202
260087
129869
224286
350759
499721
507281
262956
277584
45681
412136
433594
205918
242955
253740
535214
213738
267813
210125
303579
39527
430343
411081
141371
17501
54904
534820
486150
81363
248196
453091
300371
411404
449501
92857
385204
230580
213102
135549
514456
212722
402475
23540
173454
386388
319422
253616
157788
150156
485516
218157
135395
406749
39150
95192
281526
384778
360685
426703
666
462977
367893
282496
332727
516904
305102
396366
336537
234546
474790
185603
509808
442023
37782
354921
167918
327520
30802
323854
324899
227991
11475
481086
416171
79534
20645
198303
168623
192456
459064
197503
434871
78685
503853
287607
14416
454598
45872
255413
158676
410653
396677
524660
533052
100924
384002
129599
477214
498519
530361
516284
221222
267538
357938
68200
300450
259811
24413
382818
88790
322693
338113
256762
176012
418240
366378
252631
419870
57633
238917
273303
150480
244551
291445
19908
457138
76
333846
425352
149085
486577
407833
69407
241806
393237
201592
409076
516323
215815
91604
231625
34965
270707
163578
227078
511393
182923
81473
101949
383719
331924
144042
462905
383711
224685
510240
524708
106145
26195
350472
55411
237331
450016
28480
173792
139664
325116
109306
150642
223369
11251
432555
477425
64911
265939
456155
414506
407281
344615
410765
26525
435551
507998
47831
301671
530801
159341
241982
266639
131077
28204
426305
474314
59342
368114
354703
17038
115452
457186
229102
278680
186556
272320
282213
344054
176075
99415
156979
515376
256139
342985
429419
438281
346587
141421
156876
155322
119526
274464
191113
424406
277526
361815
207723
226582
533628
45083
136074
129101
220284
73342
381686
503274
418187
160655
113548
159664
183094
121317
396448
93369
64912
93052
491916
436975
434718
244293
509564
322231
61983
375050
92115
458938
531955
526345
337821
317022
226799
358201
282200
222932
83974
104649
309985
342066
154874
316512
488141
469229
431044
48407
463036
420852
425686
70232
515046
331994
520500
453943
431501
171159
170920
497386
415831
181119
301923
494291
222428
242447
345985
126789
415152
325042
36289
115035
469793
438780
409216
188421
35007
126015
349329
504395
289052
478221
130028
418403
52060
171007
495552
197200
341408
121815
236557
66364
264183
245782
