473866
60346
249401
261113
463536
391696
380327
333376
195100
524117
186389
390706
433703
18117
27472
441924
118853
202063
158352
44961
243358
284542
289646
297533
231728
323324
513603
42820
406328
139551
532490
12227
43606
55337
283053
264011
19960
531985
322827
209523
458684
160067
322605
99092
199565
484349
237273
247505
469375
124908
113701
118222
146557
361340
117152
412286
306677
22987
321793
87419
305227
263549
224122
336249
493557
301635
491735
166878
425039
465357
80687
459640
29833
533643
97733
211348
439194
64125
85539
264779
4510
328456
535058
481315
357734
166385
489599
17355
159609
9687
75549
488417
495295
495437
451281
253033
58230
64616
158246
112663
22276
167392
361570
247563
138343
214559
329508
305128
313932
85140
61519
444686
31866
650
233203
227629
203160
64740
205929
315416
325518
78264
196122
67696
480674
462099
134141
28120
171900
141999
313625
495856
24960
212576
349490
312801
53060
241681
166364
477471
304159
23791
514008
398672
433471
287016
494253
486289
62423
424845
234725
362819
364471
367083
454629
75429
166205
466779
108637
16508
199661
68339
392012
343786
490783
37622
187410
52419
89723
428110
488223
118493
80833
216411
266656
434504
386825
414287
477341
443704
36374
326973
336810
358650
397472
11480
326160
206152
384880
450243
283787
523429
222746
145266
292717
173223
219104
283442
126508
37623
403376
161702
12520
127851
320710
377761
272228
431042
228029
184347
455258
104201
78251
373386
507476
528753
53471
370719
79163
199593
135130
117579
348278
39313
215934
293838
472895
138367
11902
494224
156990
8501
189529
7300
186432
506393
72553
512234
279754
321495
381610
313230
291916
416823
428799
470043
358720
65474
310150
371901
360004
507571
437411
162163
291163
516691
419104
184558
335859
106410
470807
405407
37139
369555
470461
4650
447935
437033
412145
456023
159668
448946
78652
255747
378477
280241
116348
521292
101504
278318
280005
69528
434483
15155
217286
534670
146993
522259
344817
315966
287620
499145
242856
58722
488525
144760
387799
457570
107005
85469
133169
464801
357115
377548
517868
467359
231575
501090
123468
83145
54710
33437
254154
230296
6123
390083
312415
1045
333549
458303
257122
513410
49222
359234
185047
251491
105593
419373
81933
252390
293425
39987
460132
334943
40025
296317
518341
97695
297572
405127
41706
173294
360729
477797
525883
308859
119140
486466
412982
184371
520115
378459
509759
8977
173275
491599
485573
214251
88780
440097
55357
194006
475904
436053
317851
494022
204253
115340
292778
76257
247208
115135
226226
369396
187058
439457
8668
510842
535823
10435
433657
524233
456986
278459
525786
177417
421831
81645
356824
433420
464458
109941
417557
191117
51439
129738
375386
222797
312661
416967
504068
332883
463271
497712
42426
153936
140283
463565
256849
165069
485546
109741
186
140491
76313
457537
92911
83817
275251
415066
127869
238240
487352
89792
306365
184113
45582
221649
164192
275318
395306
322627
96409
249939
368737
377404
462085
220363
332916
174081
344715
474232
153606
459409
101065
422111
52178
296322
28774
399933
269709
245111
194982
339711
367692
427498
181651
256646
290221
102609
233519
353494
225701
187218
115624
22400
202893
73651
367055
82455
35484
382825
532228
168290
432038
73391
352512
259664
329683
94388
343932
28677
479173
250624
3825
30048
392957
374876
413197
300452
478083
51850
435266
54371
49904
290075
470976
192707
80396
109835
136171
526387
465553
427948
251891
319302
287549
172804
475315
395627
284341
145955
71891
49191
227135
118740
459922
218118
400819
256032
466219
363677
452819
117114
433631
131415
14390
341237
132816
484021
459177
363809
150197
86467
185467
500682
27326
414888
451872
336894
20350
228456
451478
179505
255111
458840
164222
132684
263046
535851
409570
398669
66108
479053
369279
490717
125991
147695
323890
469406
516016
285540
321276
12358
533365
482589
497936
406240
332666
222876
107513
113608
115995
490870
415665
154627
476435
522169
6368
67555
225706
2586
34041
374275
55802
136776
261772
177236
455210
260617
423245
348906
188503
455982
518330
244276
518928
183171
132754
185587
402969
417690
130105
472138
327358
531191
109510
95469
111142
264632
286379
429377
372887
173754
307008
431122
212530
233435
152967
333411
312455
457691
380896
369603
47001
15126
231873
243544
318084
178091
319727
58264
260965
254681
290886
206378
328547
114727
74055
428874
483418
388106
341601
72160
90187
422543
143654
414708
292079
6470
134281
334832
91436
365458
338814
54635
188235
53866
434440
172814
271009
421657
136453
328026
462760
533423
483090
438694
470514
242154
350827
477940
109028
403266
398189
262906
108981
445832
102160
354328
155637
281358
502471
171052
388569
399862
353766
468307
81853
204485
121909
406786
343975
404525
151291
440640
42649
437702
35902
392246
337908
184055
452677
151722
227722
427277
352097
228266
93500
71683
445493
141869
101164
74292
330960
316674
265964
386440
449989
140813
215519
243117
364395
380862
196095
338641
526743
474149
290473
168354
311380
45747
290027
214690
377861
273777
204496
416277
304457
504829
289925
184079
454522
187434
510343
422718
174262
26954
395642
406432
341363
361729
501597
208588
44158
229858
73301
292131
159780
159488
412773
159137
106954
345232
503487
305312
361318
241887
330633
70087
363277
301626
390819
498910
415637
368660
76828
125531
349882
130006
423224
436880
14409
485407
515712
254304
421763
494357
24180
322037
343157
113502
262767
189491
532693
124983
12724
124177
281726
487713
313291
323848
28703
272362
154450
366465
245564
207869
504661
233335
283845
375566
529329
12757
317986
277247
378529
38726
36357
19320
206214
218005
490011
74972
142010
365633
174483
217351
151425
224949
294602
506082
194658
285505
425323
157262
294867
520723
103359
345054
197178
363072
426595
344669
126229
86095
257807
156215
135732
366347
328675
220146
17675
516817
15278
85578
370419
405570
1589
253639
108125
391101
52144
46783
253500
275360
74244
476746
181191
491951
221558
434042
137470
336415
20150
198335
205364
323692
289689
172388
460138
64373
239338
626
410762
413977
264324
443141
128069
407286
462784
154633
22550
115120
511582
207029
161369
66784
193626
386217
191987
286674
264327
1987
427352
68975
127220
447815
18196
303913
401062
79892
533078
471483
436002
243262
497723
146626
138680
434217
207097
492009
197094
61372
419466
313084
43266
169674
51060
444469
346814
111147
107125
378607
370755
4233
197442
389435
426654
193554
401350
188329
4060
132808
129091
504098
87164
213216
281079
502020
380947
214420
204633
288463
409097
19413
308232
234061
442806
533419
422608
299528
54640
112675
18441
374591
156713
65833
339735
492363
206906
128203
455166
263888
136778
396833
278828
140720
301070
15413
169205
198289
288582
23429
345442
472325
247002
481430
69282
351851
504769
42023
473251
78514
5408
3986
200794
63711
276104
202499
15973
167672
83010
141038
204739
288129
245454
511017
8120
155447
528477
331432
165729
282668
92851
527560
4845
507472
89426
249291
326234
313823
20045
136520
40884
444554
426951
441395
450331
462572
182242
247759
459805
401489
96519
160129
488607
37522
447304
63611
92969
114024
382801
154465
179204
398034
125451
317831
4456
366790
447939
435476
201371
188094
296822
198705
198553
3445
133663
290095
202480
216964
76837
535533
14051
262378
450153
378889
114516
269143
522673
296688
182854
272455
374026
316654
42729
277392
219384
404925
233229
180247
167748
480775
460051
475033
379993
252240
454035
512874
169032
107204
196421
135097
135448
375161
398249
273506
347651
414252
193693
121757
155117
175911
23180
321031
173651
361910
267612
70563
215732
333061
374124
188453
478347
21554
221409
179709
237003
74944
293483
14670
175278
220333
31930
34099
434514
22195
423244
390786
271714
277943
16468
296634
30982
132856
361019
296323
421586
247741
455614
362751
263636
172848
429319
463257
153281
183670
421431
295841
486013
227959
314047
2416
320304
461377
66691
205492
118787
277569
424540
365586
393502
119027
33707
95024
171871
512747
453681
35669
498164
371867
335177
243891
90628
167170
246320
144917
473298
400822
467326
225924
512660
348414
194303
505220
383080
67076
82503
14373
163926
41614
173269
402194
297969
45697
71213
533144
435724
84055
334884
267749
425351
406250
61362
10312
297826
448438
248024
27462
456569
31031
186202
279108
185617
104457
299358
419049
195254
71191
89334
321766
21503
462233
148034
365815
396408
475463
531005
436787
87405
254606
520491
405041
55898
325296
192246
418920
434401
195044
265500
258372
417976
531880
70205
423264
255789
511379
444144
121818
105874
247846
476892
321933
263109
3545
67202
225614
483229
378131
116613
80333
33378
147122
261112
375297
160416
185062
138792
370641
93904
130508
98989
265423
311547
205553
382284
397341
156375
34960
52962
365377
75527
385952
64868
18776
427351
345352
410535
473721
37706
384507
511861
127742
317781
636
75349
291898
75489
447506
265484
390148
498710
37570
474320
394926
465506
479365
89365
248051
510545
59985
88462
409985
195368
132396
265388
96299
137664
196859
307062
31928
272862
419766
80424
517562
287269
71995
58590
232796
152351
307590
78613
82042
180966
92822
320815
115534
23136
59707
71416
385419
45918
195251
458870
99278
358367
433817
45526
79727
209160
275062
288525
479361
136366
189736
287892
197006
127944
436359
412114
151569
199314
285889
155677
416966
114418
400798
527464
91952
17935
203668
217520
229645
90355
489899
52468
340283
369542
449124
62064
47964
342650
482345
371391
106681
148709
459880
469761
182027
319346
432280
444004
89214
464727
465180
522250
445918
438635
192536
339511
308479
148688
466670
81907
493338
310547
86149
246011
81179
413927
393633
63866
376110
493163
281132
307
348845
368982
529785
268554
55186
442113
322873
402633
357333
497237
173790
517589
325731
483371
509792
56516
296324
64251
359897
209200
253937
482992
100754
221614
472638
316669
136469
212126
82972
372058
366771
472587
147041
59946
426311
52407
78879
10187
403545
28989
395253
208787
531000
386457
466049
60452
449105
218753
57831
129737
147887
193255
412233
245628
507964
282552
172356
193489
468034
302009
424465
363147
534861
335618
334858
314708
535099
361655
323554
192293
51034
115548
355344
187146
96577
108054
341523
342276
114709
154384
183635
249675
290184
357747
489126
374130
354224
16554
59736
22690
334687
190367
285544
456399
7670
181468
235399
461425
450540
20432
65717
173714
282321
35176
58343
464724
291173
337114
177889
344135
52461
1815
240454
347625
197856
223844
343087
307306
423268
139949
340961
430597
371442
490885
195840
241590
398878
152880
68215
388516
456566
95104
331387
86231
276186
367857
241017
58087
70626
270011
139235
307355
229741
135166
427509
241617
209573
449336
85953
150499
411848
49646
353185
149296
210981
139047
432769
349743
368034
13345
430917
259537
277972
225508
407082
529577
360386
88712
60921
99225
498624
446573
458401
181543
459546
494101
117050
130929
303296
153489
256881
254737
326807
1147
292051
294646
116464
472093
157845
405601
439367
154516
173433
477252
397830
505418
58593
345954
68797
208061
431795
53650
35314
507357
221157
226291
535901
476119
196530
194266
318399
521781
497101
337254
1844
101105
36653
127775
470675
374188
450895
360800
425250
2699
284820
394674
492752
242205
407783
137061
470963
152410
11678
167501
274587
164616
33465
200058
127874
157217
388219
285176
27232
165157
99785
413668
21049
333578
268061
236235
56075
440215
78403
257792
46601
365585
224424
107848
279868
510066
252666
300629
185206
440893
207784
6377
368086
22921
295795
87151
184075
350009
322325
158349
353976
311326
87058
383329
1513
241190
453552
336048
240967
274636
226526
155234
58989
238304
284668
322342
282052
414761
107600
6916
251456
350252
184232
374842
442660
422070
510211
487044
317321
176655
32479
336468
328851
325930
346996
451248
348606
449438
242303
375274
476765
290194
213579
521904
284937
424167
171378
160329
373055
342309
531670
377644
486119
271869
343581
316682
465350
452197
310626
1685
511520
93177
241778
123753
492499
246728
261472
148520
292779
305048
316955
320042
46471
126942
493897
511767
140312
353975
531355
442426
31167
292360
164200
280406
357726
44675
226448
524115
327340
482811
295816
357820
46633
3409
146077
419731
464900
519795
380374
225837
490786
407092
70369
96551
407936
64925
3889
154263
490157
324726
308077
200172
153024
281632
458635
211617
64756
359573
49717
189413
148443
332689
98782
519300
19034
212048
399588
258989
321168
138582
416020
346784
462153
231640
67394
502595
458679
39372
301009
532414
316731
45294
355388
477024
430584
211098
396854
142784
75427
390064
417111
218228
6654
327788
410216
108291
485128
36482
335517
387802
490388
269497
177965
433498
437061
56525
465021
381259
357009
267454
213573
496497
222859
288619
420269
312895
115839
97285
441053
445919
184268
87010
157201
420194
15090
508278
240036
27523
138801
100046
389063
260162
150135
454938
19693
435960
258803
306008
316751
97373
80481
292702
428097
515637
97791
138631
489841
175413
305621
427636
473840
503383
113843
36073
376668
63419
243763
417805
22840
373940
96238
279581
157555
345812
34136
290153
411632
459079
489821
465629
201486
398445
343496
280723
221873
179410
503410
531729
184416
406556
156322
355007
98511
315748
207014
380585
515716
392316
492298
440540
318030
130352
362348
392443
150959
301083
110513
469992
464441
482410
68469
501891
166157
364796
443209
507733
45300
378703
216205
434840
135835
370950
474983
456599
125627
109516
270998
156336
174756
430080
44950
136608
418565
152757
416084
436323
189285
329935
222506
61041
85029
315148
300645
297441
456159
230320
188249
427839
402355
473488
485220
470801
511993
286173
164144
287710
77033
106118
22487
3046
218109
301246
276948
190788
403871
36454
233672
80743
89925
474789
440359
27542
445691
154902
12721
45372
361890
69105
485900
87383
454616
60036
305789
270309
198355
523919
199587
263842
272649
390409
526148
212880
187096
23813
347143
6711
373663
50919
470728
485274
317418
2718
403158
184111
198299
158903
426177
367906
122111
532889
518879
162055
145629
506872
162516
220279
299147
323405
267772
369144
393334
89944
49232
59090
156685
449039
150036
522969
420414
175980
34267
389966
304156
404003
180668
510021
328724
407336
171799
299086
483275
511062
478850
246434
234067
232090
233726
525943
385090
515497
221540
262261
305925
339780
223615
63208
506036
119513
193810
185503
411815
232809
447880
490452
70416
316735
294931
107429
201270
418316
368184
130245
110799
298505
159877
209043
434201
203765
8369
96898
92423
285083
41541
300712
226786
2347
119102
129662
443533
307380
158348
347316
287149
18818
244180
394490
235774
372643
225218
206770
364323
123892
159326
402817
480892
159942
177401
513985
212168
90459
431036
6570
512577
377678
260687
108875
52079
140403
121734
483748
31698
333122
290527
300087
313935
282734
485443
130937
325684
14300
397771
163128
48063
234326
298620
57473
269623
289340
309818
348345
527558
494541
63849
107726
53095
156661
59491
27281
49640
291351
231251
488754
351842
244047
408113
114688
89825
37115
231155
423987
101545
69036
23118
442717
523032
120757
206466
512433
514251
419892
331241
508775
113349
25805
58368
493510
36177
226242
123179
359700
202819
98036
199507
274089
356702
288199
154029
496945
391958
27729
142111
61832
440839
417004
408003
529718
62929
279609
3020
248551
121618
21983
107975
51852
24089
404081
459909
471834
488550
452767
469677
185044
22182
404133
415224
512892
10764
186157
229614
185559
15564
471041
340740
461768
472435
214541
330719
326796
242069
115780
32171
398478
121698
267139
180822
283809
107139
82212
296707
387926
63178
202866
304636
100471
337600
211372
376296
219247
198269
226284
483051
231921
142518
99215
398678
41713
103076
165904
188561
150720
388609
274752
40123
530136
45148
295397
35227
224636
257443
75436
520209
331623
487618
12293
452291
79806
419275
137320
32478
481808
330096
123204
207162
219041
48436
50357
237706
188615
399351
400867
188272
89105
306405
459500
80563
353304
36293
111540
244829
34739
439954
2044
336013
286966
130266
440485
304725
486535
56237
433461
188308
456049
523994
155785
101695
476723
169709
347043
73798
302351
11220
101862
283201
70275
506372
105468
126547
34753
6459
34182
494089
236610
408396
512219
293045
45036
322177
261526
382424
126078
374235
225621
479951
398359
523650
321397
366013
424423
427152
483892
275788
149613
47679
310566
403041
427032
7371
109763
18620
250639
185627
254116
23029
349847
178078
178335
497542
405801
125508
474299
109639
292368
100723
285021
473080
69265
293558
2174
50139
467151
116587
130761
462609
5104
178920
66171
163308
238510
208403
479291
197341
120827
81138
333641
520023
126811
416471
286838
126532
175408
183226
449275
221357
388327
456042
414691
393301
244756
145749
339217
160184
433857
266458
427843
195902
64261
241228
370042
32064
298772
65237
510802
358213
346151
387353
113160
523425
361520
320171
482635
405944
60906
419532
380445
443281
168614
148947
319128
416285
35923
377481
306560
158684
65304
180726
90881
522378
11654
342320
96151
527603
296364
316526
293973
74831
314346
232261
32392
53825
494823
288109
451317
118304
441109
424121
1177
26121
75689
496174
391799
210914
381617
445624
146324
213675
496878
24772
37583
491060
259745
168043
322454
230126
321890
437620
466818
64166
325710
288681
147379
174812
283879
87262
189415
16009
89708
144322
159625
320189
45611
389536
414522
711
330068
290229
2979
224454
161879
443159
487649
337260
159273
521024
204655
305403
397815
420413
311930
491775
127830
262888
257177
205946
270911
376737
109037
504494
145871
25680
499211
447497
142591
5207
250423
419883
10051
42762
163162
25096
277837
148390
57279
484677
365328
69264
98758
69490
326597
504718
311996
422632
91046
61407
194773
466382
241073
147213
442429
454673
77454
197522
116204
377217
309544
40557
282266
188921
84381
271215
312320
195586
95707
467891
192128
195343
422218
395977
518366
280203
306015
403555
95994
127151
279032
142017
507438
194406
415246
340592
344133
149418
137832
40059
361854
133889
57575
359896
244755
136352
337245
519380
271845
299174
475064
422418
7152
475062
352644
389397
393366
204998
91592
193883
340045
165258
517827
518878
58836
405173
501506
46595
178764
156123
766
44327
21829
377857
63463
425816
462122
368775
136313
11969
112262
33477
59586
16601
250110
168076
21583
62576
157273
385668
121184
359140
11137
307204
488600
317899
384927
509094
65406
126531
315974
152688
526585
252636
425088
247859
323630
158097
409079
55728
378009
183638
171321
114673
385092
481207
42166
335158
423115
163180
424943
466043
320634
246092
430444
228621
472673
107027
265657
421632
115699
1193
73081
102322
16795
525061
170202
422846
489227
127337
386260
5917
459030
78975
297723
260354
267253
345116
185749
434969
430629
460483
282923
164251
67474
192312
298989
182522
138407
447744
52546
338875
524366
309800
501045
367199
455062
313952
308739
231487
84771
511926
3768
234800
142753
261579
208997
425137
39456
487540
4155
74724
145550
89512
455806
364517
163177
482368
176469
296517
14191
99638
62191
439832
313843
531434
476019
25574
68361
95210
507232
124777
471176
396685
286388
513958
748
172025
126634
269246
170156
53918
155269
323060
136131
112112
17971
2308
416363
320288
158691
302081
55290
175382
16702
263563
96970
330052
121941
99004
411054
360109
39970
362888
215059
186597
90435
334664
347891
497093
125910
391635
364501
527574
264721
478562
431135
149996
70304
421512
369372
365780
204153
354046
142279
77705
232003
517118
69034
396502
87863
410959
313374
149766
424156
373482
440801
313881
437040
493873
533925
457868
498791
410314
519894
308485
225771
507407
515729
473196
181117
118193
504683
257903
310178
5240
13611
167028
435752
22611
277757
420237
483907
158149
148329
392255
277505
157951
105117
337829
168456
272543
468829
115271
319071
56478
450313
205317
453994
331792
446462
196827
119514
102287
226289
358197
95644
205020
35527
15617
132312
250785
185216
366293
116332
161421
65706
276225
168472
521319
108059
207248
331332
110921
192631
455886
382584
284364
59320
275932
150231
315843
8740
142921
64492
391258
397025
484517
373779
460981
531439
214299
528589
320859
4807
275902
123411
211749
242685
12879
94564
38833
191616
190251
233593
227640
275169
207898
415781
195945
293246
373224
9477
363867
326700
22753
319748
156842
400519
374772
23627
391802
409887
124794
221749
418302
239312
197014
410398
385863
179701
261135
125083
80636
387216
413130
44732
14825
433435
9807
477043
181547
80158
367866
148094
167179
517432
349924
405631
54035
37349
228278
420042
27445
119201
4977
473409
504396
57566
74342
390672
399922
343880
390356
218871
356153
521893
18233
371976
139433
119566
478622
229573
411453
174950
367525
418068
136529
13778
45387
151758
37495
323621
417681
489577
351773
463914
125315
447013
392222
263000
491710
236549
50178
145719
478186
98114
385116
150051
352286
29773
403468
247053
419017
134447
35764
365824
454313
31962
504690
368428
334003
8409
345001
313576
12281
50340
329484
158823
295070
528653
117068
533303
506202
80839
130686
298580
501102
133677
225305
259837
2059
127098
163504
316
397732
82081
514983
424580
173601
288810
62235
18009
112817
398953
227813
3517
435641
164450
118586
267856
116594
237175
164478
187433
175715
395391
58214
243127
210535
514092
218362
284748
277812
242752
95611
42407
267246
368534
357759
425072
179871
303933
280562
179291
61141
359177
363406
243581
455960
102860
178822
479769
383579
199081
161331
117045
300142
451530
450451
306165
456084
223063
44626
423998
33661
193306
535454
409000
593
44297
227747
366361
96430
521241
530708
425516
514888
371751
389362
88000
275817
368925
490494
132185
378303
72561
475350
415216
493831
386303
446541
11940
269503
352930
288799
398014
360664
189640
448313
370936
218630
126123
68426
216049
245173
121846
167130
177143
371319
16787
214354
369720
266129
364786
89161
436573
210512
257264
106160
291032
178631
504857
472211
360868
471638
428809
363723
443285
284138
484127
377740
524482
286823
127981
510492
128743
531378
284006
301276
175587
453504
313749
141776
32540
357896
434186
135684
434816
298903
385613
271564
444096
92171
143111
309526
191071
257198
33971
204661
56565
470982
309602
48071
389540
466813
429500
201767
304468
372389
144433
473750
304824
417514
211947
83834
158801
411792
260835
510829
85774
429524
181069
330705
526047
113969
170015
42580
434878
192379
345395
516870
364071
250125
490899
109175
511624
487741
113858
340660
23328
151495
340693
418839
430201
163854
44043
80600
239733
188500
108538
105879
107093
23080
215077
301359
215590
60155
64687
82428
360220
242697
169544
454149
299496
94056
253197
465954
279695
170412
77589
312483
370909
326706
26649
262162
481165
106616
2787
269363
314469
101885
226467
106127
186329
414861
77533
289097
153433
475523
114554
146618
174415
330765
506073
331968
44393
152413
513136
73408
293101
247021
169045
3227
273460
264293
123556
443685
394407
450455
93819
330762
503490
349963
97426
178614
47536
408725
170977
268314
110930
311088
469124
9374
328094
227077
466149
479734
24209
260738
521531
330636
189178
34654
75421
166469
303734
303937
419900
395727
207308
270235
68406
205012
36010
130012
209294
229767
101456
260043
21113
925
207829
257676
157219
13719
374181
315183
348708
506107
522640
246857
117101
230905
443206
232213
437939
340095
397656
38249
307792
96614
161433
29639
134930
189481
255212
493133
78878
225237
439972
530307
181812
237542
404284
190433
366375
164258
142974
83475
329162
257137
498218
389597
307671
336335
484460
328790
296086
9221
142673
303638
481514
46718
236879
494626
12601
505073
451156
161075
186423
300156
51541
303900
29423
277987
303813
345443
124595
519251
493337
342949
302931
361666
401682
381950
372415
426423
344536
337205
302772
265930
6465
531994
60401
474523
351095
133706
354810
426025
19691
169955
8925
248477
415648
523370
211900
265507
87571
59255
274151
452101
279265
374196
48704
98014
170651
120237
358076
498075
205309
425876
60153
299245
35694
173816
173877
165451
222897
504841
103287
87740
338250
126079
342254
10957
404312
258371
464836
306418
175770
101590
245399
448071
40732
382713
213482
530365
446947
303467
346190
341501
145693
66118
300223
306920
350601
524017
211368
73053
498656
504014
50094
486084
532620
456600
177190
226833
38005
133575
58610
230196
99434
62848
406855
336481
512951
8438
60868
201891
373721
356064
349343
90634
53716
161771
91843
197668
135826
213490
200412
461711
478452
111315
250291
167277
130145
97424
75136
476067
397943
220986
4720
169363
393302
283387
372518
448099
384614
65104
162346
423335
420567
274213
315302
457578
175216
94629
70527
203939
192574
77169
17628
476114
340544
132011
522559
414351
322395
192217
344034
124089
149654
388007
253258
74662
23309
508912
407838
111491
309129
253267
29762
126100
425593
165889
415817
389424
108342
322969
494805
314565
523556
252907
313062
244011
241057
341141
192223
344354
287843
119067
413262
57039
356481
445088
67375
522529
70107
90581
236756
191746
251085
76883
315910
274156
224184
42438
478196
514538
353428
381484
77730
312773
471151
188391
472043
399103
246927
162566
309728
98529
510263
416005
366664
75222
506474
117520
206510
217687
321306
523046
32265
131878
361699
256767
236823
302687
278224
181792
72943
134493
329050
224311
357540
465749
464822
349687
173358
149175
263600
320215
465811
58142
478507
497635
387143
182551
16387
243797
107553
75776
273301
496012
157924
145867
326660
523888
195474
112966
361029
466246
190836
452283
185357
388741
348045
377184
34333
41827
479738
285276
492626
479862
518363
394482
388673
407681
338462
85997
302834
62037
60237
528198
83928
248995
170911
501223
301283
96229
69452
217186
3788
397897
308034
63732
23249
15965
500126
243057
242053
68373
207880
154181
419068
518228
147225
125849
524859
436767
527913
314025
402245
118238
34845
190130
253069
245758
357003
316312
31478
428147
393872
496620
469328
428344
91199
228629
222468
247169
143432
271927
287051
42720
463960
380006
453347
444328
221237
133641
329262
461261
492956
237134
23064
386124
113792
364701
422936
399177
407094
13329
95213
267028
368199
148882
62472
329196
359330
224363
118798
186516
95159
123623
50459
84405
223091
117905
206109
513169
115436
280226
472722
8167
1991
367883
412105
328503
354616
382581
190997
393070
421789
62896
504706
231234
63374
18619
209491
257861
220371
478335
216759
333816
326575
473116
454237
283029
31333
190572
494035
72676
375207
105819
270972
182810
34632
163015
431677
247521
303654
23916
81338
371665
488269
274107
182043
313020
468186
222545
126686
164194
147007
344232
446917
394017
6098
482154
433138
130041
257665
453480
492025
422533
71112
212972
306616
119511
520869
440614
413935
236713
277525
376644
224076
395023
523400
119622
94874
74663
150916
334890
214360
534563
339985
511033
188587
498715
1955
126670
271904
242643
194323
448960
290654
385967
387634
523796
387182
10402
180243
172149
385385
434926
250028
197010
310249
232413
6593
345409
241428
424743
282804
102707
446745
233570
296914
351258
447937
142878
17688
197317
191438
430311
333611
118003
387765
406252
139070
283452
524702
471630
340217
436922
457671
384283
129549
21667
28888
128701
61586
237108
458350
199898
457616
486349
461003
102249
123777
89256
155827
330858
344910
73573
95235
66401
160935
342872
185591
488638
343477
126063
253433
346704
412888
385991
301997
506636
315281
250700
302886
134010
305756
440244
15196
343216
181656
366796
462484
414904
527617
67899
338350
363935
204876
219427
5122
34245
30241
293555
367562
3915
288757
248434
439584
8290
315411
462804
12592
324846
226092
278566
443948
405401
388925
195973
79907
440347
38354
534219
446049
36399
101048
474627
510712
151337
171887
308489
19863
61610
484400
359878
265923
526610
97563
152828
459919
19797
224785
146098
126247
363378
522105
270905
204635
185952
268517
27530
206304
93465
27693
183770
224129
77384
266638
324072
359310
310237
372843
389426
516694
312410
281385
32000
297941
282746
257185
461236
242757
121201
459378
413376
29606
162802
364203
413913
104854
521714
473549
385190
76769
457639
438133
160572
147553
78857
438876
129422
454078
1065
394655
410326
283877
375514
515833
302317
409871
155776
356198
54024
343031
57438
53412
45769
234292
53425
10781
366107
268383
456052
220258
353512
440348
190012
38640
233001
187133
186513
80453
343910
195186
9097
384616
269260
346304
122404
27001
491567
22055
481788
336703
298846
119030
388290
69473
28199
164343
35778
498425
244225
216230
531493
287916
365073
436641
255123
305838
275137
350926
297038
377187
45670
402637
521854
304688
493392
310396
131301
62429
263315
162340
480641
156330
17059
86854
399382
320266
304850
452173
192002
473775
360618
25668
445652
286346
61875
531405
201324
224100
42754
251354
41825
165481
497259
459826
254827
6282
413803
188908
188538
330185
532746
316764
514929
383010
170983
324082
265692
139479
441468
217983
223376
215217
466173
302885
365291
408358
63832
373009
366929
506266
14684
177248
6061
248241
339770
432517
471148
429097
81525
425804
311056
62111
211003
213005
176170
359024
13774
428243
339741
98488
516519
211910
437317
121700
18489
462367
110585
138956
242096
358099
324264
365244
406933
327518
95656
443217
497255
272047
302290
483511
16060
31674
401563
250046
200827
187081
7827
149590
407151
380344
241489
146451
246744
97060
530111
528396
8895
91474
341281
201403
404265
106387
412484
457212
146197
18995
63777
301227
162872
288720
344375
405345
390771
457487
23659
530817
100094
413413
420176
119714
414858
267799
26537
97638
466740
223767
177931
312185
365158
269063
38813
240129
338320
348085
121492
191173
70339
82007
331042
434751
433250
140574
82115
390698
359693
381993
26354
4147
267326
518100
451370
269651
533245
168490
240913
211502
60055
207755
359610
85219
73724
365194
297959
90530
125093
33195
227510
112134
275792
83904
258446
326184
93552
465401
184476
322470
453865
102395
125965
396733
190207
452682
465415
282528
207538
475481
115809
68666
65435
115285
338841
513363
427785
23304
33722
129607
101844
347352
374787
120793
327925
92944
403992
96548
32741
27204
201221
192076
158932
342360
465299
442413
492802
375972
439352
181491
267067
17345
237469
234276
95539
231267
159653
183012
90878
70570
380792
158231
218443
151854
40656
210062
63445
137494
508126
334084
44118
522733
289163
510697
392678
335568
310832
387821
441032
81987
153884
268259
467062
86486
273892
307692
301926
324618
48498
532079
76029
215548
251544
483335
44537
190825
490668
153159
453383
164646
527546
366342
476069
413779
247995
102959
74040
455335
346124
499603
369399
23808
382543
267363
288560
76884
58889
450461
328630
517787
79821
87815
240732
196780
52772
37823
184505
41662
528889
73456
217068
237335
200201
393514
113018
404704
12800
102114
424144
274050
35468
288514
390980
76409
387918
487150
169585
474201
383952
254510
314601
182065
244512
282100
442180
444439
151622
82289
512778
8379
55675
299267
274520
284089
155859
280376
73568
491283
414931
484523
368010
329790
132554
323508
395873
505333
162048
391281
443312
72987
82576
81521
118636
311323
280720
61237
194074
240302
326079
459801
520094
420349
376084
167977
481645
50314
242402
254952
384896
519976
137297
231932
288292
173467
70757
157698
297942
17821
207433
403946
13293
94592
138818
11426
9594
513974
349677
496999
494603
77111
26769
9718
164916
107624
71753
392271
333802
438613
5645
322083
11017
148182
80599
252683
135244
205924
168969
186816
164055
473154
45407
485613
354669
266300
90438
212273
220863
69607
149989
319898
419734
249451
489128
98628
239605
21565
36670
297153
49911
121395
302404
25515
276761
23936
302198
54525
105815
250476
249254
367202
92778
487945
476464
320871
217748
190876
61720
186889
386215
370669
442066
266296
45511
108963
209158
532218
241401
249638
167740
81106
466257
37946
7208
502212
210337
344999
252957
9706
466682
306414
359127
155649
535263
87362
533646
256535
280607
522792
206604
455012
124210
316783
166479
272678
393417
395611
987
503611
191871
97917
325060
243087
291353
315866
472817
107368
237239
11277
467817
210110
430176
142318
485433
488115
294392
431867
406586
271532
174216
86595
239140
110716
458856
272060
456747
86417
409402
242258
424226
138142
48612
438700
225384
94502
396345
427326
176557
160712
206268
271072
337672
196668
319270
175355
491006
17433
301179
122025
455790
451582
522541
411951
467754
12949
460775
283726
85666
351112
145276
58149
56747
148904
66320
5998
199096
294318
146709
179117
289386
223159
116572
151117
227350
46859
23707
110525
505778
102722
486478
119871
66233
172573
488056
426578
309648
255819
317842
109431
524611
45630
287034
80628
524071
524804
208713
333936
359832
15557
461730
201734
517452
239423
251464
263103
395975
151439
46076
81475
505293
91696
26457
16786
193101
519241
516523
89936
447478
314885
4557
146384
2135
305475
33647
95369
102362
175279
67393
212497
130404
40352
17651
477889
210842
208616
282460
162705
522258
138690
483064
15021
115770
178546
18925
486231
48992
526055
172209
167920
445327
207475
372027
450470
388965
48905
290375
313271
202052
307593
522539
464380
332143
452015
128115
451649
140675
29206
280328
162157
244363
193823
1765
205430
103873
508047
41678
141311
409945
39416
10173
233136
147047
381126
312278
516185
289832
9544
187269
496418
282126
139369
399549
245526
148928
131644
232243
138345
70084
605
452842
38222
339762
23179
351336
137882
168261
407672
241479
396135
217904
516247
437296
56315
70192
109444
164210
54894
173472
246763
502496
91793
489771
145830
530189
516835
81593
134563
255770
436384
117815
438310
369802
203157
182469
87923
108407
473621
462495
348621
349604
165896
518087
196965
444249
471021
175810
459490
515516
508479
194093
283489
295009
93561
122695
77087
460252
123899
379007
371139
181916
394343
493357
508391
377207
414509
416488
410440
399541
43782
383803
160931
271608
503680
253390
394953
198761
236522
63307
308546
473079
370074
69938
347578
233222
105129
371836
115832
316948
258037
358692
284178
36200
31780
137540
62124
272450
230357
235732
360484
173119
475762
133453
256665
18027
206314
316238
242354
525117
408803
196797
524785
406284
103740
265272
209054
280958
103795
91358
57657
383830
