6598
22921
24943
19916
46016
23964
10127
26223
3097
11672
21940
33945
6881
29778
25477
51176
42817
37849
660
35872
22066
43228
28044
14515
37023
24090
19273
28280
41665
47499
22120
13304
41569
43738
46201
15547
13138
17926
11888
46501
19476
19719
38412
46878
25746
48675
46736
45396
632
49988
40273
39360
35724
31941
46181
14083
2165
8984
36289
7675
42130
35868
20348
11920
34644
6072
48501
48664
37707
23388
9936
31024
10445
8766
29747
14075
25334
41626
45015
8057
36622
42926
12219
13525
8158
28692
31985
23186
44062
32341
1359
9525
18293
12015
34451
17267
20599
26130
17457
27009
32550
6849
44536
37648
3976
25045
42148
32216
9931
14138
18668
19189
15410
4475
37516
36177
23294
40497
43360
19346
35299
5121
46936
37444
29180
41563
28446
18870
30561
33671
44198
8873
47335
12790
40786
4031
14530
48840
3389
1187
14702
12819
26123
32207
27345
50758
10696
1476
5060
16173
13395
46034
36894
16693
51064
22956
24040
42264
10480
34048
4478
42743
48816
1997
34229
13262
6213
6555
31063
41573
50007
40901
17176
35284
23240
16010
45073
3985
11401
14500
34434
7455
23849
18957
6453
296
38850
27903
33999
32327
50176
29278
44008
2007
48524
46931
4486
49538
21531
31029
33378
44940
37571
38282
11721
22662
35579
45773
24282
13981
35451
24932
34883
6309
19040
8404
10570
41106
19511
20715
16879
51622
28633
33394
43131
50646
36932
21316
29246
47957
47862
26736
44606
49856
45129
41601
18986
2121
907
4695
33036
34387
35626
3169
42835
17433
21251
16363
49763
19900
23484
24719
27344
50578
27448
21141
238
6979
12763
36070
13635
34654
1348
33116
26029
9050
14378
21511
27375
2510
31738
47506
22233
27852
32970
41764
44603
10735
29672
14630
38697
46967
28437
41887
2800
11474
43080
46503
44331
15075
6450
12237
24134
23468
36644
1827
26940
18925
48938
3245
36537
33577
3070
11084
21244
18704
15295
13873
42669
45353
48188
22922
42742
42098
49773
43659
38165
24455
26143
30453
21216
25539
29966
16139
41220
32220
38704
27620
30827
45794
3807
25040
26302
5711
25613
3443
34390
34320
51615
43642
13652
42733
12113
22800
41146
25213
5833
27921
31802
5560
2620
40853
32323
3776
7530
48711
9414
29557
35129
10827
7174
31098
43842
45071
15930
2199
12233
45350
40939
35612
36352
6106
20423
32506
6282
34522
39116
40704
5579
18475
2092
6305
29326
29053
29911
4550
43770
17337
927
33379
18430
33314
12941
30501
25026
33922
35442
22129
29685
1196
17969
25822
33605
15287
4772
10308
44022
13384
25506
14079
49418
2773
49218
36708
35531
9372
15143
40675
48850
13156
19711
27217
47209
12477
38983
23109
20471
23161
25319
48576
3657
34356
36475
44189
18404
46734
35460
18143
31246
39215
30619
46962
20831
7330
42209
10205
1423
7013
22779
8143
8293
27749
38955
21795
36905
3772
49822
21422
11377
44963
13377
15668
21445
17727
11307
8424
30787
50071
51501
35694
24668
349
32281
555
11
26400
46530
37362
11833
6546
6590
40121
30955
48744
48681
39197
31773
6621
7844
34604
3734
19514
19654
22018
35140
9603
28122
39752
43179
18938
33650
16755
14427
46361
32887
28591
47937
23573
37986
28457
39079
40683
11906
50942
49
27529
45026
37229
24877
14250
8240
16250
37885
2105
44813
48667
12416
40204
18114
35869
46130
10988
20300
22784
36073
49725
31949
34938
44079
27994
50936
10837
45671
47855
18548
51610
48124
28739
40294
37134
34475
14718
49882
17122
23460
11076
18794
3145
22785
742
39228
12264
40647
2186
17200
1332
2401
51410
25142
6449
49881
42529
33201
20810
15218
8265
2091
15553
14911
29105
26645
17834
12656
46469
44308
27735
16265
46960
22733
31430
28326
33012
48391
41561
26755
41836
48388
33433
40281
50303
5346
26314
9858
10305
10488
19244
20040
34189
12859
5428
47440
10583
3777
26811
29898
20955
49240
6343
37095
8951
15826
8539
15792
5687
17495
8667
41260
6839
35784
31347
51304
39996
39514
38322
29983
47669
43142
46384
32657
5493
15611
2342
39159
23019
7334
898
42378
33832
34490
20730
39148
17975
34426
38042
38845
12310
46467
10432
40245
21853
30525
10548
7070
49516
39906
12822
29029
11414
42280
22482
12277
49695
5078
10485
17884
49930
5710
16398
16853
23396
21255
5490
21542
15998
22343
18400
19076
45762
8552
35948
21031
2736
20650
33969
47887
354
51183
9262
1855
18266
9434
28696
31157
44201
41292
3441
35494
48502
13916
13786
35224
15355
15050
16357
4859
26573
39258
17763
46052
38357
30528
8188
36260
2137
36801
2252
20898
39011
39146
43188
46572
15842
45641
28270
7101
16587
47650
492
40570
35749
31337
28395
8245
34302
13479
35635
35220
13658
39913
13858
10439
37637
9592
34324
45103
32264
51101
26506
715
2796
5012
46272
48523
8514
33837
26973
26210
42259
6780
44180
50627
32755
3888
36399
30806
19110
9294
4035
15074
18832
32951
47799
17367
7007
47147
3872
13031
45066
28313
4735
48509
5863
42454
28663
18977
3805
30037
2610
47324
6129
17822
38387
45204
28593
19075
34980
17746
29006
7317
661
19873
12573
43497
5984
10813
22300
9368
47090
49166
4030
12448
39223
18959
40375
22789
12773
19021
15669
6118
7734
26147
39848
49741
8597
26591
17488
17085
24761
23598
30258
22224
38657
18766
34696
17903
13286
12712
35963
16671
40714
19177
33674
31906
38271
24537
11818
39963
20412
31005
21556
22656
40905
2354
42654
21147
11022
26398
36649
49056
2409
31010
1934
43593
10836
44848
28999
12425
27193
79
48761
39326
10042
48726
7487
35466
9776
38148
19944
36381
5530
20876
10557
45875
4701
50556
1960
50048
1770
7784
1972
24572
40009
30906
50335
31951
30919
25879
27300
5273
32377
593
25052
13424
49525
25265
2017
18033
33054
4023
1167
10869
23645
2025
32596
41079
44825
735
9758
10563
21754
11179
46800
36417
6570
45177
45462
4455
8284
16304
3881
1207
42970
27346
26133
25596
28188
26483
24287
48961
25687
32503
23749
46265
26256
10616
5865
1744
23249
15216
8169
1703
24302
1114
13907
36750
38126
5806
1751
4706
48716
30479
13821
34581
606
31023
18104
40791
47648
22493
15965
35802
46418
38199
2883
14993
20788
12190
40578
2964
40351
39823
19700
20054
19035
43803
27276
5519
4688
3781
27652
26172
50424
37221
17226
49358
44886
44059
32416
30488
28895
33857
50016
21110
42040
14128
29409
46360
4845
43505
14910
13624
46172
24724
25807
38067
20277
23370
25100
4957
42913
46992
17036
18745
28649
3466
7547
36142
46268
30508
40288
22425
12081
8683
47387
20549
40537
27421
12013
37423
24597
13710
11845
48967
38026
17430
14835
34740
1699
12996
3528
25135
46939
31889
18323
6283
49448
15714
5700
35931
20358
51648
32285
25445
25504
43317
19636
28803
1633
26276
6226
45507
28946
31510
41712
49021
16590
1862
14558
3705
28838
3063
2494
22297
7119
1189
35086
6930
27720
11159
7904
20734
6133
19622
30926
50607
17849
15620
33252
31988
12251
20050
47171
30299
33550
43636
29436
18824
13679
36315
2949
50685
36486
10116
39173
28831
51382
23518
11389
24262
9581
24630
44202
11893
678
42053
9337
22531
24543
34344
23088
24928
4359
45604
42077
37336
39040
20284
41929
30254
44747
49011
47676
29774
44221
6862
11963
31852
41186
38876
25288
11104
38641
7098
5798
45572
23592
10665
17691
38686
32578
3431
41666
28625
34733
27794
48133
12428
21785
47866
20462
31873
43717
21653
43214
18982
36362
23604
9995
33597
5028
9473
17239
1774
40326
17092
44163
22488
10365
8585
47450
22695
32997
181
48505
916
46413
1615
29930
45664
4395
25043
18031
41989
41803
40110
5283
19642
35744
5216
34085
26508
30444
44923
36664
5277
668
35359
48060
27884
51576
32783
51298
32740
17032
16183
16127
5929
25301
11131
23138
9207
18332
46309
3849
23944
41629
30696
4563
12570
8812
51381
36280
26136
13523
45480
417
28012
40898
35003
9281
3301
30521
47442
9274
47317
50656
36748
2655
21734
25784
28784
6367
1537
24903
20342
22721
3866
25466
43008
38305
8737
10401
9563
49113
17108
51060
29214
40841
26293
39656
18205
37723
43388
46733
5924
42067
13545
48301
27336
36388
48029
25593
19696
1500
19436
34750
35610
32957
27503
3121
1172
746
24804
10189
48393
15885
45367
7117
31624
40856
9777
49933
3761
10340
1908
21073
49192
42050
26298
46932
30296
11093
47184
31045
26507
1345
15418
46243
51023
48849
28175
1884
40614
50759
12994
48525
39142
4581
18662
51061
48875
51256
37935
30396
25545
11972
35107
18830
14221
25027
4389
11694
38810
33992
43442
10342
34683
1179
24647
20367
18315
36633
46728
31727
38956
38811
3022
34056
11729
8499
50061
29652
998
12585
46625
8280
1279
12249
7615
13606
41794
550
42425
48635
47041
19989
199
4410
13222
23246
37116
7125
42942
13937
33029
33697
51218
3941
8132
24273
21029
47568
27129
49749
24004
23047
14640
21039
38971
24317
32213
41714
44445
10594
9630
24506
43602
10981
1860
46200
27766
15407
31340
35745
39285
37556
49600
22241
50161
7221
11687
33990
44893
43160
42963
10919
4632
26974
22075
35232
29173
43929
644
24969
31590
45605
13932
16727
29827
8389
13230
40484
33267
42851
43703
5958
1055
28009
43650
15445
19179
35471
2279
38520
32622
31027
20483
44238
16469
43862
5827
51334
45027
13226
37654
12597
44542
48134
20565
10385
32193
42491
39067
11247
33595
33403
11722
40356
6765
46890
7763
2350
22201
42641
29980
10259
39395
30289
33359
25589
36209
51280
42322
49755
24104
2981
21335
1737
13895
17855
10895
39536
22552
43870
39969
19500
21310
33348
20592
35378
36604
43612
25745
34559
24688
27029
25965
16239
14053
16608
47757
39621
37020
9731
8701
8471
21640
3494
22002
13047
3071
30751
39193
5357
15567
36371
46006
33188
14036
50027
4016
42907
40696
28513
15734
3096
22771
1406
4197
28872
38389
3435
6122
25474
10678
50105
49669
28310
47469
9250
37408
16288
42468
26317
15710
42649
8462
18010
21807
23075
26385
4551
14240
29816
16465
23536
5157
24056
44103
49046
50154
39772
41790
47914
43167
40140
30568
8592
48911
7200
24054
34334
6176
38736
7348
33007
35386
31726
9206
35448
20533
22036
24614
27553
1743
14552
25322
37895
25089
33758
42712
27904
12270
47956
35841
12380
8157
4437
5342
21327
44250
11014
44553
481
8022
3473
7462
43866
1481
42203
21678
41780
42029
25046
20818
44844
1963
28499
985
35513
37806
20243
30288
24080
25971
19656
25817
23471
6005
48609
10425
18664
4289
43400
49117
38184
34188
1821
12144
50710
2500
49039
9722
24803
50930
13764
44479
40392
32597
36221
26443
16327
30843
12473
16008
23263
49447
30340
42401
10330
20682
22408
35215
30743
28330
37868
1362
28525
29791
32560
21136
27035
3828
36528
1306
42767
34169
44515
12923
38084
30100
50392
1877
42863
30902
31243
19737
31940
18200
26784
27699
33477
7236
19748
30047
40077
43463
788
5298
25630
22691
22210
1965
41622
26853
31690
9146
19218
41765
24772
15926
2762
38017
1155
47381
18763
47690
45528
14099
4537
24224
539
25612
34350
30724
21748
4110
37896
3084
2053
34477
40397
29315
22433
24200
7638
34699
30729
45390
33361
40849
5778
28937
11016
35522
13765
4555
25773
42499
47717
16541
48671
4717
28728
22504
16666
3668
8191
14308
17951
34041
6153
21490
30464
19228
5880
16280
9681
8363
41022
20037
16154
306
46616
2460
17009
42588
1148
30156
5677
26600
40925
582
30118
23815
18086
2769
38375
6073
29770
20273
26700
45001
37302
7390
39248
12979
30112
25986
26653
16022
10584
38234
20276
17846
44419
37925
46295
48119
1914
4970
10715
24301
32399
35382
16572
6698
35480
42522
20393
51448
9028
46381
24684
11685
17347
24368
47088
28825
29018
47211
22088
2525
5341
37884
27628
29241
22162
35967
14491
10088
32638
49214
49481
16077
40342
7102
16229
12549
31637
45658
47004
16858
37253
2169
37662
32475
9432
41001
31490
2234
19225
28718
21060
43403
30775
50616
48697
34186
29970
7025
19789
9388
8898
48540
49492
48874
30237
40060
23487
24998
8436
14444
1863
30366
21691
39117
46659
42255
25994
14155
7139
26948
24988
36265
10627
5820
918
42274
27873
36336
35848
1235
41278
12980
50164
32658
23300
43925
11239
27443
3764
3843
13382
3525
5488
1806
25735
45625
42119
4328
12304
5398
62
43155
4325
41716
28055
39523
14012
30197
14695
20923
23005
22767
30070
6779
38529
10027
38402
46137
10828
20130
17228
21501
24522
5204
9007
15303
18411
27178
39364
31432
29864
26040
20874
35547
27783
34701
12624
11837
35099
32312
26466
17760
25266
22131
48007
41787
7865
19530
36244
30241
9243
9251
35135
33045
50322
1559
10543
38427
21475
26656
19295
42459
26636
139
21813
19734
40346
27915
45101
9323
3359
30925
48200
46456
26918
15011
26922
15532
45757
36227
10479
31788
50021
2472
30647
23636
29481
2511
4143
27963
43744
3896
26438
48446
46248
37034
14528
25715
3098
29526
313
51464
2408
40258
48707
13943
38644
42267
31512
4129
14813
44043
26879
1810
3456
40432
23718
4749
26206
35642
43630
37641
3210
18790
32872
34862
20238
19882
38691
29633
14339
5571
46161
25329
44361
12179
23412
33337
40750
27147
49019
17135
41881
30818
7717
38465
18370
9622
1705
17907
30069
5089
4186
4910
21583
45021
19150
2058
24130
26434
23510
17711
37288
35177
24165
14851
43249
26871
40045
25407
4015
1008
18241
34601
37089
37680
43852
21673
22459
46922
2459
50187
42167
8345
16573
51603
25656
51315
30158
16419
36578
1710
34348
36062
24304
49491
51674
47613
34570
42783
18641
27488
11621
23629
51034
26278
44493
1178
4391
26215
17860
8353
7265
48123
12162
9764
7902
43729
32473
46479
10891
28316
16603
34376
6848
11342
9228
2380
12772
16841
21833
49992
8414
33002
16151
48062
11427
49957
18279
603
14506
47723
28138
44417
37499
32444
49800
32924
6413
49568
13393
42279
48793
22298
47232
43699
19183
35178
47692
29485
5628
36635
49072
3204
11545
47981
24533
20328
20617
26488
25649
49719
42759
35198
6001
5638
31717
9046
7257
32367
12662
9656
13610
22346
29221
20786
38025
36726
12211
10951
31412
13192
27187
21038
8831
26411
33504
2831
29117
623
15078
42169
41696
6890
37694
42493
2482
18142
49402
47493
7600
36763
29306
28855
17932
17369
4971
46350
11994
47424
35584
46450
15091
49283
21140
34435
12054
38627
15755
6371
27280
17157
46895
26238
3782
1316
46781
27191
11503
4442
49931
7666
24821
29866
19580
49340
5478
51591
46673
33263
2429
42504
32195
32279
10851
11871
48661
1808
16284
23169
46957
9029
7422
37685
4470
27218
14984
12393
771
8230
28123
29263
12955
48852
35535
43324
5936
462
32258
7783
34184
23859
22007
41603
29350
47097
22470
50292
2952
48172
38257
23897
39618
18156
31817
9674
48194
42670
13186
38753
16591
18032
50229
37183
20507
16403
20891
3027
3195
3490
13319
35562
6602
30470
3040
8381
37521
45358
23304
33318
44601
29882
18456
754
40957
3094
45346
27886
23171
38527
39631
9200
11771
35533
32044
26239
9727
29859
26228
16974
43233
6042
16374
15555
23766
12108
43498
5382
15353
5368
20828
39889
51229
35333
51423
41077
31038
36672
46704
40914
18818
16261
32787
33266
33329
32514
40656
45084
17315
37863
24935
24329
37468
30880
44021
44343
51477
39386
48158
30717
8203
20881
35353
17100
10187
4645
35654
48118
3750
5383
17698
25921
24387
9271
37025
31523
49048
33844
847
24512
13903
37847
48337
36060
16965
26820
29521
1373
41904
17669
40159
13787
4719
32446
42476
34745
41527
28751
8986
19234
23338
30991
25307
25363
34135
37194
36341
7923
2134
44849
24596
38689
7551
31639
16676
7517
39925
29619
29044
26036
18153
3783
46990
22304
37561
39118
22424
49110
46168
25194
8561
25394
26709
50415
51548
13964
13734
25390
10890
21295
8116
23906
31595
12732
47614
14226
10695
39401
21072
14670
15413
18714
48835
50872
5353
21671
20014
24390
31702
16054
49064
2523
25468
16565
4944
46973
3230
491
51403
22351
11272
28565
3377
23089
38413
37011
6169
12174
42354
29486
35984
29336
15203
15777
14177
4871
1687
6833
13956
470
17494
18935
23529
4869
18367
26225
23610
21818
27387
18635
51296
47000
33284
13220
23092
21613
24567
49867
22501
37125
26145
30000
28527
9796
26692
31067
2697
10146
41434
28237
22200
3861
34836
28512
38760
584
44036
27435
4716
19374
42875
5896
43900
5858
42430
41426
15472
12217
34022
3929
7948
49323
19805
2680
46834
43223
43327
30703
11988
27943
9671
11598
14169
50256
36743
19875
13823
42244
49547
49558
18563
5609
48390
18683
35408
46622
1998
10309
4585
290
47927
22053
31522
46134
5213
28363
35589
7571
2777
51301
23055
31401
16998
1035
34367
3000
3017
32554
51668
30135
23753
44809
42840
37498
30562
20623
12244
5223
30526
16522
6181
30
26757
36973
1135
48353
4691
21719
41151
33495
34096
4985
6663
13990
3061
45629
3369
31211
13486
39288
33197
22369
7706
33738
30082
41286
50909
9374
16185
20755
7158
4969
36579
40308
28673
13449
33333
39779
44860
36667
42243
18806
40146
47642
7300
45771
14371
33798
49416
34849
26332
47492
47029
19896
18552
23900
14271
10095
20293
7957
37719
24948
778
1428
9055
21621
50144
40720
46063
40416
34769
25674
14307
6805
9231
33076
48091
13276
19972
9479
46742
50274
48238
22856
27299
34774
29622
4204
38580
14180
45102
39166
11850
23731
20535
48482
16382
1020
38702
40624
20762
13745
14212
18550
37882
1289
8137
38418
48992
2937
40910
46455
16103
44452
17787
3681
17801
5669
39500
37999
14347
35474
18691
5264
50066
6905
30924
24366
48322
28707
26897
19777
7451
9909
15758
50729
4171
31160
7972
49593
19650
35336
32094
35278
42635
35211
1832
5882
28340
21559
37826
14674
45046
10573
42136
41142
10063
33557
6369
14664
14771
46847
35599
47210
51459
25648
35213
43417
25938
49174
41739
41243
43877
2207
33312
41206
12565
20972
15206
8290
7897
2477
9736
47007
31178
40643
21047
44485
28104
13127
2450
46987
5006
37934
21599
10032
13113
16539
6830
23865
29496
1182
48930
12073
26060
5913
2663
21436
15963
25788
45975
31580
13053
14753
36984
22040
38948
11305
15148
16486
16850
20390
28917
3388
11000
22860
45501
46376
26598
46315
40569
49919
2965
4937
44112
19050
14294
12303
40824
4388
22708
38193
49654
21187
13246
14312
3599
47220
22888
38516
9073
16763
51659
12913
8838
33732
50046
12167
34906
20528
18924
359
45958
29100
43933
47508
17909
31679
22520
25518
9375
46104
27116
50299
35194
28427
18306
36127
16844
3648
40779
8079
15571
18079
33026
44181
19124
34513
8102
34933
25591
26498
39650
37937
19208
37112
819
39191
25450
38536
14188
51046
5103
33366
31787
16455
50596
8768
44158
36853
49074
19560
31805
21385
38673
24905
47241
32708
35918
26840
50095
7683
26375
6247
39562
34026
9145
7635
50914
49571
45145
24601
15667
11693
5220
24406
17836
45058
25234
30687
46173
49317
48607
6195
15625
1004
26786
3816
20224
39632
49486
25439
39846
39080
15467
18451
50273
11851
19502
872
22240
48084
36834
4590
5703
38705
24852
40694
28264
13813
29179
11060
27805
25419
7973
21681
16221
15641
25681
34926
46416
10482
15112
14476
42339
16807
51265
47074
49626
32294
9785
24518
31015
16425
2055
44078
8066
43339
26448
50858
24820
21777
29390
39141
47346
15592
43363
42380
9871
41453
31158
46510
17808
7856
38214
45087
28089
26234
1996
14106
15915
20784
24750
11676
8526
49036
12354
41449
40425
41050
31628
41683
35011
31074
36728
17862
9565
31521
31771
47818
32363
7494
50354
30030
2916
31839
44858
6018
46628
49963
6596
17667
29499
4492
30812
7354
9868
51384
18261
48160
46868
41210
6560
35166
14514
42686
29163
25255
3959
23384
47482
18650
33683
4641
29186
26504
11067
34359
47453
46126
38808
29678
51168
26158
16615
18492
32735
30327
25507
19313
11962
27143
42925
36036
46032
48834
27391
28509
6872
5877
3724
47099
13804
1353
6828
94
10725
47561
26721
1384
25417
38508
37547
36994
39833
35532
50438
40551
3425
13427
7477
37842
3191
4611
9160
7109
1097
46035
24314
22037
9956
25310
10923
41409
42806
27895
51153
39458
12358
46174
35354
47289
8771
21369
31431
27261
31327
28545
46809
30051
5870
48219
27549
39452
24128
38297
41837
32732
28465
44881
39218
18464
28034
42576
21055
16846
33088
35231
13884
17974
38856
48498
49263
14948
47459
30432
4456
28656
21367
27826
25388
39143
5224
50155
43695
3745
5746
30045
36160
26677
19288
12467
4270
50679
50100
25967
12846
25362
26096
12542
46538
51112
28839
26486
18420
6556
41457
13169
46575
20792
36408
35436
2340
32239
33886
10903
51635
28422
15912
5586
45038
20903
5535
7553
49168
29851
34198
7409
41693
42503
22119
3658
28263
309
47766
41232
47965
16583
17603
45186
38438
17364
2162
12771
11671
31531
4209
39136
27302
38022
5606
38055
48595
41937
49014
1521
2761
36044
17481
27734
26718
26116
40943
38171
41163
11157
14360
45138
25843
14807
29130
50428
43355
51214
51107
9709
20666
20542
7278
695
33286
1520
5876
39155
28675
20303
14639
32033
8693
31933
40439
48680
8836
14914
12404
20963
50571
35251
29915
17169
20622
40556
49018
10077
4331
33391
43410
5956
46686
32183
4373
50311
28730
1694
2962
37706
5200
11508
43868
21722
8978
19241
10593
20826
50943
49785
24678
13085
15496
5319
44145
9712
17502
5783
11100
49884
49904
21036
13341
36351
2795
45718
164
10554
51212
10384
22834
7511
43253
9246
36995
43019
46119
10606
41451
29338
50138
9490
21024
48779
36761
44408
34493
47017
38286
25358
44375
4295
12022
37494
8914
11094
40627
42535
36567
24144
28592
19020
29577
20322
13517
2895
36027
1682
7808
47309
46238
26087
49678
41289
4790
28544
220
39783
16328
416
36880
6806
20883
40266
50576
31475
501
27293
9505
16244
22042
35711
28879
13466
19926
48583
6208
12431
16890
44539
45662
2869
45407
20292
5664
12437
12761
21004
51155
25318
2363
10193
4506
30155
25435
9112
37399
51149
22314
16223
48734
406
4989
8343
46247
856
3717
13277
39424
36611
18388
22738
2083
29719
2575
26001
22312
49701
35136
26294
26342
5633
19322
11798
1781
38504
21017
8367
15334
4036
2171
43003
21898
27708
33644
40418
39755
41264
48309
32234
275
38511
8197
50689
34944
48139
36533
10016
27451
42226
42142
15072
10154
6029
10085
39252
41082
43774
51564
45823
23796
14592
41689
7623
11741
40153
25420
36103
12788
30334
24014
10496
23087
14277
13533
33685
49747
16484
41404
45475
28411
33912
17393
8963
20373
16206
31691
27066
1377
36000
26345
49471
12341
34333
30106
22145
34547
4913
37345
1422
8651
7063
17278
34004
26003
28967
28808
4047
32466
36121
29421
51255
42899
19750
34649
26805
29236
20878
1514
26352
10353
25190
40705
5384
33626
9312
9586
8219
19837
44075
21971
31573
28207
50611
14311
11161
25793
13306
30335
18273
34932
35894
2505
16007
33120
286
38045
608
38309
18817
35320
28384
5460
5484
33899
36069
23121
46863
5483
38548
43798
19302
8805
18639
35572
43478
15034
48248
45566
21107
3398
40365
6100
8335
27221
34626
21271
24636
12984
51161
6096
452
2377
27454
47559
43506
14539
28862
43088
20661
29040
18712
37382
10469
21544
43366
38636
12069
27614
35161
45907
203
50174
39574
16145
19185
21085
37913
20428
12469
11082
46779
1605
37965
36158
12126
2886
5472
20951
12914
51405
48565
28238
51485
25698
50020
32781
32093
29211
33755
27338
35757
25123
49830
19321
46133
32106
6583
18116
29605
6825
34067
18096
50724
1505
50633
31520
12787
27242
47013
50397
8753
39954
4596
32079
46496
2730
10335
47418
8572
17447
51682
21225
8899
20152
10419
14750
50579
19481
14827
50342
48915
8397
5446
18749
29287
42330
18072
37495
8605
15694
45014
9923
20023
27697
15855
29907
22264
49202
4748
50475
18741
49841
20509
46988
21106
39306
24483
8909
9211
36781
631
27967
14098
45438
51031
18458
19256
26597
26683
1535
39617
25655
47657
30019
3685
32953
20329
993
50526
12026
38817
35331
12679
5617
35305
49034
10202
4195
9260
35835
36986
14065
41040
42691
42105
44612
39591
3051
41576
11020
179
19067
2194
48356
2901
22876
13093
12553
45277
32634
39433
30457
38990
41123
7942
35500
8863
29137
13957
11380
17601
30314
41536
21502
10875
43054
10126
41862
8997
11623
5561
12161
15610
45394
35569
32491
13231
770
50169
16060
15763
48804
7404
38277
49718
47888
45716
40883
19646
12337
28109
50052
33243
17339
41367
22212
40539
36089
31554
41078
35794
42746
19159
40723
3024
41324
2579
7395
26825
18827
14537
8773
42502
38897
42793
29971
6759
14906
6244
10099
19118
47502
28865
41177
50555
780
48936
24707
43969
17943
47352
51075
25324
4152
4337
45843
37893
20081
24001
16521
39120
3439
37263
44537
1003
23394
19473
2648
46374
19120
25258
45454
49094
17351
7460
22437
41238
48163
36938
38500
11762
20524
47149
4873
1891
18188
50028
50099
31925
46213
46902
22104
382
7689
6507
37172
7431
19107
30173
17182
1328
3564
12298
24320
3156
23415
43579
14316
11817
15327
2167
40462
4784
35511
3178
16992
13125
13316
45785
10748
42524
5781
36953
18517
2466
28459
31064
46757
22436
23587
25332
6798
26388
22128
46094
8390
36875
20449
45301
24659
23192
50536
1247
44214
2923
2986
39189
17201
6612
51475
14669
18786
36457
9698
31715
38961
5151
38640
42494
3784
32537
32941
44178
35229
45150
1075
23347
49661
14774
28642
8283
32313
27156
22765
18015
10821
12840
48092
6441
50257
5347
21318
43329
39771
47721
18725
38200
47922
15684
26190
44090
49017
23960
40725
13238
2743
45337
1151
12495
2660
33342
50419
10227
43692
13044
15816
48109
48791
25751
14969
23883
25871
7985
37064
11400
49035
5207
9711
45308
28198
16533
16345
40477
1950
3267
30896
17162
3631
43887
17062
37469
45460
2760
45125
34368
23606
40065
42415
31406
40304
24335
23873
40123
21721
3694
33991
20376
47920
35669
43082
36109
7385
14125
12937
44252
42909
20824
28463
6407
22980
24294
37734
21067
45254
35243
17536
22354
11030
37428
22505
34538
46071
4521
31934
29998
20256
49827
2282
29735
39048
7708
5796
8520
3788
23826
35102
10315
42618
7568
5010
43826
37725
764
1095
12651
45450
13405
31678
42145
44084
44816
30660
41566
26590
36918
10140
24587
15946
35663
48081
6274
4940
46164
47970
42782
5405
6503
13612
42265
29267
42248
49976
24211
46008
37670
51368
18990
31861
25047
6052
10887
27271
39511
3432
3427
14487
25527
44750
18694
51700
30111
9521
49835
41072
26773
12185
39820
33963
5581
40831
17017
48417
38890
22629
3393
26382
26956
43382
32073
5209
26481
48962
16364
6069
18578
3719
29606
12518
412
38868
36729
13392
2439
51508
24106
10561
23637
48696
32452
29072
38113
21683
3971
7885
22101
18210
46989
43752
24841
13158
16713
49304
43234
49768
14031
15270
14685
24167
9610
43348
31850
24835
6454
29871
39393
3837
51009
31673
7339
49857
4899
50653
39474
27273
1036
29383
11293
383
12024
41345
6515
24985
48759
32369
11720
15904
12097
28703
33652
43915
40170
44312
1022
28191
11769
46482
31305
50477
39727
9808
90
30597
37857
30801
48658
43959
11170
46633
39302
301
10395
40420
35157
41832
49815
49394
1976
46517
31140
41067
32039
15873
9102
10054
13818
22317
51318
44003
24410
12079
9066
4380
36798
43312
8256
33533
21668
25913
27055
848
7980
2241
12743
13705
1000
1228
49061
28274
32170
29918
20835
23155
14504
40650
9625
22023
24360
36080
15229
35062
5504
42304
25982
6819
13647
45936
10984
3416
13972
8088
7076
32611
36471
14513
42734
29467
10389
4960
32451
48870
17863
12435
38519
35865
20741
17790
50129
43613
40185
43957
18357
18980
51099
48833
18112
16167
35264
4905
35050
43705
49863
50870
31101
26099
39840
10878
27540
42352
13064
21408
31313
5804
2634
34177
41183
40619
28783
48042
29197
28888
17925
44073
46476
28345
8781
18637
36259
27160
30808
51704
11459
13678
43913
6949
2737
20546
38778
35174
32262
35150
26315
30489
37510
29513
2383
1876
48145
47064
24854
27945
7227
34130
6964
51371
10430
6304
18155
30081
25315
11683
9453
19586
22274
44749
21247
18340
44217
15753
9458
36366
5242
7821
33291
17762
7569
2784
26794
14832
5029
50931
662
41690
24180
45457
16940
51285
26738
23383
41107
35775
36367
13942
22666
9094
28622
22306
42452
10280
41923
25479
48628
21312
294
209
32673
20364
17072
37797
42311
10153
36067
40469
35916
43261
23274
32259
28356
24404
44772
16091
33682
29608
18610
39266
6128
40104
25635
32575
833
24839
7277
51699
21645
46675
27201
22650
32937
10364
4043
10771
51238
28116
21637
35998
42677
50324
2208
32527
48412
45569
42810
31714
2576
24547
11337
47199
21402
29950
26929
33585
34803
29378
2999
44289
45123
13863
27861
18305
37871
32359
40149
23650
26468
33961
12078
24595
42900
43515
23453
5084
43718
27891
34631
19933
18354
49524
25614
27631
2287
24729
11211
48283
48613
41136
4174
32557
50436
35026
49514
51526
33765
16375
11314
24747
20995
33524
36634
35350
12343
15222
43561
40582
47698
24579
21767
11865
33063
37101
34656
18756
33124
36068
7022
46270
39208
6927
33604
9861
31570
41779
46178
48034
21016
22170
28802
29011
7552
46206
44319
25850
18983
1295
46372
32984
35956
38015
845
3835
49759
31966
17958
5840
29910
50507
47140
47272
34777
44890
35670
26576
9859
17256
33183
28097
42138
50328
45316
51380
38370
48137
9339
41909
25977
27883
34731
307
43839
8426
31559
22308
40449
23794
48530
5112
44288
920
29510
11654
40158
2437
41497
40871
50848
13444
25666
36401
26802
8631
7772
26300
34244
4315
8946
25057
16468
36833
45461
36572
15382
32749
19246
29108
32243
47198
21963
46098
14220
35315
31022
14192
20635
3963
21758
27792
37579
39816
20112
27164
48795
27623
37396
13802
16166
9761
46251
39147
6011
16144
28041
38086
48596
33396
36382
2481
35719
16519
3643
12856
26128
22394
20475
45536
10101
43040
10296
42431
30380
35921
21580
49108
15506
23905
8378
9070
36441
26634
43686
38490
7927
3604
7403
21219
30809
3892
50425
40405
19146
25560
1704
2833
8215
8031
25066
47550
46261
29136
42723
28600
51701
15983
15509
6344
832
45483
39240
11107
24227
38175
21836
14009
7873
16768
14046
39334
18632
7342
36513
25261
42553
35979
42473
14273
21708
27798
881
34102
48159
49057
22502
12488
32847
6229
12421
21964
19282
30146
45293
5061
39463
25264
7847
35737
10370
4503
35172
12440
7269
43268
27519
3725
46443
15863
46140
2229
50520
19054
1222
8441
4447
12166
22744
31648
3572
35901
21032
28811
18768
37726
11467
21875
13616
27577
23279
21448
47120
42159
33446
24697
40417
41037
43934
45991
11969
19612
32298
50697
28843
1856
10831
51103
7479
8856
51671
37001
41943
20813
9634
2156
15220
35030
6518
17713
11498
21045
16800
12468
19765
22697
29823
12372
46022
36462
43041
24122
18001
49545
11120
26988
33442
37775
6014
15298
45149
26157
749
23539
37705
28449
35762
35343
35075
16857
41370
13120
41813
49066
5292
11825
34303
22087
49148
49526
39736
34458
44641
34110
9703
10269
38414
22307
469
27828
23108
51247
23173
23454
39972
21095
3687
47517
19764
33486
7375
18782
30720
28681
13783
12674
6259
32599
36892
45037
9975
21984
33344
15170
37209
32189
47176
16488
49876
43873
16718
35210
39589
28567
22078
41411
9984
18263
2192
14659
39464
20012
43979
42480
17405
145
41767
11176
8814
12017
18018
25737
37142
18516
47344
38132
3155
16336
6681
13954
23716
37535
23917
10955
41194
28381
7949
25113
39720
17117
37804
42984
19763
3726
36314
19698
31071
12140
40670
46152
3390
3902
30542
23153
30136
38842
18162
14285
14644
2313
4461
51235
43833
31877
27831
4131
3799
32110
36511
42946
37564
29601
8342
9573
37008
9190
34141
29952
1734
36862
13538
46520
49564
34786
50170
38538
11265
37398
21887
27026
15514
7977
4657
15648
6223
35146
46489
4724
41030
45634
24886
3124
6991
8254
1381
13496
38385
49030
30847
49253
42990
49430
42771
2019
15721
17766
11300
21123
1241
30290
10221
190
29452
95
3940
2132
7586
19983
18422
50813
33237
36962
60
13477
18395
9600
18710
38087
32486
43595
4147
15768
4386
12872
45146
37185
13213
28749
42993
40187
18699
49560
39764
46473
46972
45471
17905
36942
25741
18140
32978
51689
24260
2636
1273
42836
9623
2744
11374
14482
49735
9134
20359
44164
12062
41110
27814
39406
6974
15313
15479
41018
14029
49497
13146
20655
41577
15621
51231
46617
3546
3011
25312
49368
8161
18677
10191
35740
28141
24774
10307
10699
43999
9303
11886
51523
50032
29126
16510
5477
27053
37136
51631
14912
27087
45870
48973
3375
26419
25453
16293
40817
42664
33873
29302
47191
38716
38371
34978
10376
255
13321
22012
8537
2258
26489
15086
17276
49437
8232
50294
24081
34726
1418
40855
9885
2595
9506
44378
15594
17902
7874
8216
45509
20126
20076
7672
39982
1492
3448
3434
28452
30889
39717
22375
35755
31218
6902
41984
15497
48083
49157
5145
44517
13488
7111
47641
18836
17288
43653
4329
35858
34447
4703
41109
26271
21094
33968
17740
43875
45814
37223
49699
48359
33175
3066
21152
48763
5952
1829
41156
31516
44559
499
49238
10596
21340
31844
39505
1857
13324
78
29793
26654
39440
39127
22843
21116
50262
25436
40834
8515
27425
33654
16262
6440
18799
14352
34634
11177
3317
2224
22838
26959
9340
14130
18060
38281
6575
45538
36796
33448
48657
48463
12333
25931
27815
34311
9209
22763
6258
50450
47035
3444
8002
7144
48639
38079
22024
1098
43061
28765
42
30629
9439
10336
39611
51573
29919
24604
45690
5663
9719
49586
24327
31539
9078
46277
16895
31159
37846
13938
445
4654
12361
3624
10884
3455
2535
21507
8384
13553
4418
26006
13569
11399
17448
22512
15489
7406
31651
6298
33131
45425
46842
28145
28601
27958
43440
30786
43480
27223
44077
21093
25011
24698
39648
23521
35250
26461
23286
38011
21089
48652
29789
17799
29143
32564
26111
46084
3585
9472
45418
5141
39821
3957
15943
17802
12391
1217
23997
15426
20853
13250
30465
2006
46262
19417
32019
11727
49618
22668
25526
48151
33144
46804
2196
14777
50353
14525
5183
46855
36965
38442
1584
15650
24790
36669
7178
8780
42397
51638
16207
24569
35926
42859
15450
2059
8562
25581
14370
21231
13552
2462
43632
24984
24991
8260
34671
30740
42220
18538
938
13854
1278
41727
49898
43994
51543
34506
2625
26094
40922
5830
8513
48018
34977
43392
34512
20778
10668
39679
36816
17771
5237
19074
3588
41173
589
43733
4856
41589
20667
17211
3100
27297
6395
21837
2263
24261
42236
49041
49577
27800
8685
24380
39899
11267
32352
46166
1797
9283
19518
20380
37462
15901
205
22352
19519
39124
23340
11441
26793
21191
8797
12816
31698
45238
36719
31224
8971
34373
48822
35241
34355
13140
8058
38747
10686
37320
50453
2130
26808
2407
50481
10612
30162
22426
37722
7643
9137
12963
28609
5381
44422
46852
8889
3223
42921
12805
18750
2639
11768
47589
34650
11610
26991
23886
3567
14808
29151
34061
19684
39078
46648
49651
44469
4021
4445
37161
50925
13540
17091
41369
28954
12112
44855
26011
32074
15084
12454
8655
30430
32059
28975
22963
41821
45082
39070
36293
2388
6885
29402
39905
44113
44677
40559
26731
37370
22898
31681
32495
38919
48199
4821
49144
9668
14862
1971
38481
49890
36508
8644
11200
26770
30613
28897
18623
27572
6075
22543
31677
45202
11341
50148
13507
40731
48097
2912
49370
15945
32381
25780
33453
11695
14778
41627
44247
14405
20911
17386
13265
44866
37773
21945
27573
51416
531
47645
35905
22400
24388
33635
4747
1488
10283
13476
17396
18267
4840
41386
36608
28640
4066
35630
26290
51557
14673
5996
26333
5066
11126
23856
36539
36444
49086
17018
11697
33111
45161
37825
32054
30982
3968
34719
45283
14059
44995
9443
45731
48805
19672
3641
2783
26921
4623
51067
14492
20703
33228
43639
16456
39314
12567
48781
48278
51047
31755
23546
28334
22943
26997
38537
11561
49634
37748
2840
40029
40621
26776
20603
37921
20119
26584
16181
32876
8432
18463
11528
45342
7309
1010
37038
13581
14973
27149
156
51170
28907
2528
50120
45818
9843
9699
34584
3224
38958
19152
39859
11847
48179
48416
1299
24281
41338
39091
31857
12536
13595
19448
11828
10537
32273
26953
11471
18838
23479
6748
39457
51018
31053
46205
6867
24059
1566
40005
2960
46254
14648
24578
31772
13212
498
45987
39260
44787
19913
3424
14641
4533
8159
3579
50521
14011
38568
51024
24840
11150
43493
16902
12698
14631
4441
45603
38435
38129
36372
10141
51198
21899
37639
17644
45130
48448
18144
31674
45515
7999
13564
30642
11288
16527
476
77
17361
31870
38564
36915
34060
19385
39324
40920
8087
9178
16440
19237
33940
32858
47286
1565
3635
30607
26460
35662
29365
33024
41669
46861
22807
42165
1338
42526
13052
35823
39431
2714
16588
4758
7088
37261
10208
13634
44285
1479
24280
20756
6907
47320
5861
22144
2402
45284
8455
49216
14069
50090
34280
48830
10566
2068
36617
15457
10024
19567
36247
22412
46604
48373
47989
24799
22594
13411
4239
33719
1426
25848
42979
15
46468
50692
45304
530
10257
18351
43801
11375
36224
15741
4303
42754
2341
45088
50376
48627
6533
7779
3030
11879
30571
23461
23146
39341
8940
34501
37196
13399
15232
1137
10411
37419
38353
4831
45570
37493
13646
38542
37351
48802
26686
27838
19249
42072
41365
41802
24965
19298
34452
23795
