3801
1866
35103
50516
24594
13505
27047
41854
50917
10243
1290
21160
15680
13198
21479
9380
26426
37298
14614
17471
37258
50855
36403
49275
12928
40838
34307
35252
1791
17616
33549
26432
49667
10707
3514
23936
48810
10455
21176
32880
39113
27064
41962
22573
2588
45398
23747
15093
40722
12812
16199
49089
10203
5947
40519
35826
28223
23817
35919
4232
23259
44865
31701
30392
44478
27608
27683
31368
25188
33137
41913
12653
39039
18559
13273
15062
21468
22045
26563
46684
1504
25242
35332
4149
46759
61
23325
49261
21241
25075
17619
37385
42182
3920
40088
49606
9037
36846
37518
51559
22357
13369
25998
48080
5983
20575
37933
23393
29275
32570
40889
11745
37979
236
18248
17944
994
20543
34008
40612
20201
22996
13224
18092
6727
51336
4372
39787
29388
38202
13613
1266
37754
3732
33861
21918
25959
46103
40604
44464
25932
13355
27849
11004
49991
37901
8049
32609
50486
43836
41567
48484
6906
38118
17476
1002
21155
51331
47414
46714
11942
3036
3252
19905
45974
4085
17192
42420
13660
23690
38210
37319
5485
20520
39021
12505
8465
41398
35283
33862
39553
29687
47582
22118
45698
1643
12375
420
17588
24458
49455
3715
37989
28616
10610
21538
6452
8665
47895
11673
22917
27521
16672
42156
35078
40488
38925
48323
9181
28965
38365
48605
5878
10086
20582
41228
4064
22804
15458
46076
23248
48601
10041
39986
32842
32702
19985
4541
44046
45761
14902
49460
37739
27756
7822
34686
28444
23405
14186
20920
16639
48354
29968
44063
33289
16052
8518
12168
219
31422
6982
39754
49360
39371
17813
1389
6054
6243
11564
5985
29967
20680
23299
46671
24017
42511
43031
39599
42761
12929
49451
4074
1464
30421
44253
8429
37541
39035
12434
19032
11594
50260
26229
37158
14190
25889
7618
39532
4177
16700
36899
29989
11315
34111
44476
930
20757
42227
15716
5366
42642
14200
28358
948
1072
32155
47304
8054
24949
34237
25659
49456
40156
21071
3938
46679
47678
27000
26320
43736
32237
43030
27105
43859
43293
9082
33737
16446
49049
10626
32464
32715
44061
21735
16021
45754
14477
16925
26165
17302
21386
37953
40687
50380
6685
3270
15918
20332
33570
30579
42849
1199
19929
20724
43693
20230
4326
1227
6236
46723
42881
31371
29119
22423
15773
22562
36581
30895
48435
5325
5634
34708
49715
40756
43177
26024
5736
51426
3759
50911
26516
35716
31843
40239
44692
29189
42596
11348
1134
18644
6822
8806
40798
16960
50490
13512
18937
44988
1767
11050
12704
14999
8991
22665
5564
6459
49643
1067
39411
19986
18630
40437
14002
27432
30278
10568
23646
43791
4949
49278
44111
11796
14812
9755
17465
26644
43266
47536
37227
30989
50296
46913
35204
9057
40430
25082
14015
15824
36803
19532
28770
16216
34823
11485
4725
27807
30958
15453
30468
1024
25703
38191
5786
26233
20324
16703
54
43871
21314
1512
45040
21962
37593
6024
31290
28554
22124
45303
36385
18513
13515
20845
30951
27151
23324
17145
26459
25000
1879
8503
31215
23180
24933
50734
25800
21099
3397
3507
25129
10390
31635
11996
31042
41828
6749
51437
50817
934
8346
46700
21153
7350
34806
40468
13687
14038
2061
16490
26832
414
39956
36211
32672
37061
15960
6966
37413
35445
16935
12451
21516
34735
6800
187
9513
29005
13918
43211
33666
29863
51000
3538
17716
391
21548
31311
16338
41792
11780
40441
4235
15019
30748
11968
13756
15534
34660
36551
890
11512
19497
31748
47002
43012
34460
21592
27120
10800
9310
5197
51234
13898
29476
48970
5523
15850
13294
8715
23601
3870
24143
47323
44014
14694
27664
9538
34163
26378
45590
5744
46304
266
21398
29141
30874
2160
5726
24708
48747
19226
25437
51533
3590
17848
31288
28727
42904
17023
51495
14928
40470
7802
45793
19588
987
13069
47503
25669
17020
9954
33897
47971
5943
15133
44711
9580
20002
16323
31623
3916
31854
16163
16982
43494
43890
10805
35603
24916
2637
16523
39221
43608
42646
49521
44188
44177
2578
34618
30308
3256
35019
26186
34602
7649
6020
20701
48246
32542
29875
48568
16497
35183
3095
35323
5693
29801
35042
35309
15323
12510
20368
1760
10773
45864
24767
26578
490
16584
5790
28846
10503
22944
46046
33896
29644
18901
43028
16877
12901
31130
35857
1305
15559
5055
30035
35709
29050
33430
46587
40827
7707
17128
41495
19840
1654
3086
39340
11898
40049
12031
18326
16688
12559
36071
21246
40851
25730
19453
42841
46870
14978
39107
32005
43316
29738
26473
16426
28690
47654
37309
16460
42056
26247
2503
33854
17920
10928
3524
1783
47849
3059
13350
15971
51063
15809
44979
43627
18891
34441
43181
36132
15664
34445
18168
9978
29257
46561
28047
16654
19844
33951
13830
1417
24140
22206
26987
48374
38618
32227
9609
16886
31257
36755
15796
16876
25187
12981
30940
49043
49591
40958
21037
4554
48713
23428
9915
11152
18495
27315
35340
36320
3464
35162
29960
39879
30147
31385
17660
49140
17755
38270
43878
24102
37003
18908
13311
31155
32337
14563
37070
28346
43443
33081
21168
32973
36386
42978
17798
41664
33619
44978
45748
4811
34402
18435
8417
16197
20944
16993
33943
47300
49419
2976
4357
23509
23514
20338
23129
38791
17516
45996
18026
23372
11703
33534
31671
29089
21194
21122
19388
1121
48519
24899
3079
33998
30614
46240
14056
45626
45279
28706
49551
48899
39762
18729
1886
13451
107
32524
43128
49051
49223
9556
828
16835
50452
11507
2032
7231
13626
15907
45322
43935
30580
27458
32859
30898
10134
32334
15386
28259
6639
2823
36807
40448
22717
43604
38764
13980
5153
30853
10318
47565
33465
14600
5656
23327
27721
20089
27455
24008
43137
12752
36118
19304
11786
2592
35418
31504
39072
8639
26515
47419
28438
1296
49436
10552
43439
20522
18217
8144
39864
2217
26872
22261
48534
25906
4385
16650
40270
51045
20135
38243
27141
42532
25386
49053
28489
6929
46180
1265
46239
20352
49787
5312
2685
4140
7003
28896
9972
8769
21161
40154
30076
10239
46749
51012
36558
19325
19492
47623
50719
27311
24680
40962
16928
32816
44025
14729
47876
4275
25910
12690
49633
18894
38399
33290
43850
29080
40981
16371
12884
41314
42619
16714
3779
6144
14701
5521
29002
33277
50950
3790
49332
15165
16245
45638
1041
14055
3744
9438
17819
1782
49751
49510
8084
18927
50087
45971
42088
26552
48370
39570
27669
6542
48132
33066
44254
34968
26800
41209
32218
12186
26479
36795
45050
47310
33479
20653
19469
282
13590
39416
16100
42437
5665
47879
926
30854
48901
47884
40244
50188
45969
41004
31765
18724
50338
29258
9442
41461
34567
31342
6658
42724
1383
10459
3477
19465
16436
3199
50756
13
14983
39555
15822
48869
30062
232
4318
46818
46979
20362
48223
29093
3341
6984
31072
50952
24784
19838
30251
35380
46829
34235
25022
17946
40440
1928
45099
22755
35634
15243
19357
14439
34064
49589
35292
25381
43398
42093
43048
8271
636
14104
4278
49852
578
44549
16256
6127
24798
40183
27859
27537
12713
20758
6751
46220
12852
21949
15499
35917
26047
1224
24964
44702
47267
11868
1456
3527
13269
39354
35515
27992
43502
21235
23026
19721
15127
30423
17047
37198
14495
6989
44125
28255
8527
29083
47843
25020
35822
7492
14909
45201
19399
7204
7206
10476
46
50764
33090
1047
33794
16356
14738
3174
324
32882
28809
42065
20252
9491
17726
45952
8406
18024
9960
20078
40328
48829
28166
33179
46801
12742
32668
28531
42988
34635
51402
50365
37347
32212
49929
35953
17919
28096
3343
32255
6864
50225
17659
3862
16334
39642
10908
33773
40165
29088
15464
44465
23467
17655
3541
27220
18816
108
13732
11864
33663
35218
2285
30471
15240
29892
2513
10724
5890
15492
38364
26720
41295
19093
15494
14214
43886
25064
15371
7929
6711
35952
1835
47034
27246
30080
22953
17238
26603
51311
49853
17651
36333
28477
13826
30133
26493
36552
46453
30935
51545
13828
26648
18602
39100
20479
17549
45307
33186
34721
10870
25067
25192
42623
49878
22310
50592
5263
2619
32660
25202
42263
10871
402
35430
13076
33537
33000
21451
43075
14329
5620
8105
15618
35328
27027
5373
29877
31893
34993
32135
14398
48088
4253
36182
25783
41711
5491
21333
45278
31287
15635
16276
31626
6853
48333
8001
8517
21009
30306
42700
15524
31409
38605
43522
37575
4982
41360
38688
18075
10609
5057
18051
37106
2928
9100
48358
32496
49270
1108
15847
47624
31060
36126
35338
7084
3720
15574
4901
32637
14944
25153
3120
19430
8193
27339
25508
33704
44521
192
822
17498
43455
14499
19272
17489
10072
4715
46352
46389
19206
24269
45775
17732
48245
40730
50145
43404
14409
9446
28288
13107
48316
26766
50783
2081
9737
42015
12862
51174
673
6400
35189
26643
19092
27403
46547
7685
28857
22885
23681
20116
47266
27398
36679
24810
32441
28986
28481
40401
36413
40652
28365
26422
7315
19872
23554
36290
11793
36799
12365
28652
30872
15939
31886
13986
2974
6915
46077
2122
12949
47362
35127
8957
49620
32994
21288
7549
2913
10021
26767
47552
27283
25101
3729
15962
31992
23271
14160
7087
20056
8330
40012
7468
31390
18449
22385
10762
4134
38578
45810
33096
18183
11320
756
47354
15362
44733
43302
27470
31119
29024
25916
11214
14445
47071
19778
31932
12313
35681
19787
12530
21245
36818
41867
24423
23398
36378
36684
30792
26436
204
2024
23076
22381
39435
44404
40568
7934
1186
41859
46521
18833
13782
949
48888
43727
3688
6391
31977
29478
31245
8307
14244
47653
18847
36111
37205
38768
8077
19084
44409
28677
1466
8671
11117
39432
50954
7512
20163
14431
44412
3997
24958
25987
38895
45656
14960
50641
50470
14839
35904
39572
21478
29097
40674
19229
8037
37952
708
40843
4251
20032
1609
44093
40056
48215
45702
27323
23613
21620
2304
16785
1347
16410
34684
48979
48011
34643
13559
24557
3240
28350
33514
7454
22559
46336
30279
5231
34035
11026
17134
5210
11820
15853
26799
12627
31354
8059
13170
28561
29696
38861
8351
39868
37299
12293
12519
20711
23566
4500
11178
9365
7104
11520
42393
3043
36913
24417
5553
13531
45069
13958
50799
45366
7926
17686
40494
22349
3349
34510
12109
6108
12791
7963
41993
37833
22221
15309
12080
13291
4671
2630
43104
15627
9618
46893
28410
33984
49818
7840
45835
45630
22592
46765
38268
33369
5448
14088
1300
10275
25200
17692
2921
25023
18861
14671
16599
51021
16635
22711
34857
22941
37115
23853
39723
45903
48592
41608
9952
37007
29424
27119
26083
37447
14144
1005
22915
11516
50159
16542
47204
47918
10519
46735
10495
16475
20732
29937
2250
35027
16752
27901
30813
7762
42638
32648
43885
44316
10624
42319
22620
14721
9086
29231
13494
25016
20914
36501
30821
23036
45554
924
5051
11446
21587
46820
883
48507
7376
15639
10996
40021
17851
29447
17338
18739
33103
792
15396
49141
40312
38475
9628
27738
1448
25374
728
5387
13630
4877
2087
24363
20580
1571
5443
48851
41217
20968
47701
2045
43071
171
45821
35700
39875
21109
37245
31841
12429
34782
8678
45210
15588
17322
18105
22621
7962
24163
20044
39992
26822
12399
35995
49744
16130
13951
11124
18931
38621
10958
50305
48396
39162
13759
6948
45112
50979
49329
17614
50108
49099
6419
46217
25251
22339
26336
21726
8603
3630
30718
7180
42010
47417
41829
48465
35009
48947
33360
9229
50035
2177
30326
33823
28789
39016
34030
36202
24409
31598
11149
24891
18359
672
14889
48242
5661
31871
12463
36019
16164
12258
5177
9412
26574
41685
11345
9157
25227
14700
11281
44851
49617
13193
38814
10664
44279
12777
16001
16847
28220
33181
34422
15297
3898
3907
3419
36192
15934
51643
30746
23319
16873
5336
28403
10865
22842
33229
8772
8545
49792
13301
46729
18245
18219
2546
26857
46264
50323
43413
23419
7932
21092
35014
26340
3131
10241
404
37026
9076
16766
23182
47998
1232
32659
41680
16124
29545
37024
49316
28414
14387
31349
28806
38005
22968
27556
28671
23474
22641
12007
46433
46607
43800
6382
2909
29639
43918
10142
4700
20514
27684
39005
27949
6820
33668
44282
9519
16959
32152
22829
36338
6425
27729
42515
30917
15564
23948
22586
34170
17264
33224
7560
1021
21909
19706
38708
22167
14057
27642
7081
32291
27565
5688
39745
7809
15238
10166
11431
48719
37333
13914
11821
29317
1191
20060
20907
33707
28908
24202
7800
28801
41169
37126
35125
18823
17906
29245
8124
28962
40064
49114
50854
50661
50094
28832
4240
22745
45023
31488
44454
46498
17594
26144
2000
14942
27041
1039
45379
32771
29763
29318
34711
40431
33850
47258
20925
45429
32935
23982
13126
26045
32348
33401
6278
44927
47292
48968
41382
13923
20245
7907
27231
50752
33254
9597
8145
39160
6264
9409
16843
39960
48533
39384
30790
47891
51710
45838
20851
12047
32075
31855
34370
21400
17529
21193
2265
26965
4279
50504
15895
47643
42355
1312
10059
50636
18216
22756
13987
3001
37484
8916
9953
32845
31220
46167
20696
23045
18801
22590
28710
11572
50871
46696
15937
2747
30967
17986
3621
8868
17622
5522
26304
35693
45935
24722
1206
41025
11092
49047
30395
8104
547
14784
13874
6026
28443
32128
16609
43951
4518
44727
36852
21380
27781
48378
7917
14422
4250
15708
20287
32649
29487
29714
29220
12274
44900
29027
38806
22190
32756
4621
2405
38278
25443
11081
45750
19503
8902
18856
29250
42262
22535
6998
22672
28635
45796
47606
33307
6202
42004
45844
22719
45545
26017
4848
29191
47283
1667
48729
7928
26189
40282
28484
12747
43963
46646
21881
34417
37291
21270
894
11591
40396
19633
25696
1954
18732
41010
42929
50731
12267
3977
11839
3926
9724
26716
48882
27747
32666
8308
20219
39666
41599
18416
6136
47273
18333
13603
48503
27539
10629
47617
33930
14725
37993
34329
34800
2290
24927
8691
33574
21080
19367
12539
9774
22883
1663
38946
25056
42732
37829
17567
29955
25128
23965
50632
43219
43508
40807
10388
22419
42006
5731
31451
45466
13123
14543
28213
29688
40199
11597
28140
25725
15449
12545
49314
39018
14246
45389
50080
33450
11744
26080
5174
23420
14583
6361
24542
30486
17815
23044
34347
36014
41754
4994
19365
29215
20669
33226
46635
24244
29860
17301
33616
12828
26777
49150
17893
51424
29890
23857
33482
49513
925
38176
40575
4012
568
30670
42506
26913
11392
31885
36451
18080
28327
9475
42950
26242
31741
22751
22337
49632
29012
15887
676
44771
45573
516
40333
3142
4630
45615
17035
24523
18589
49679
20877
48005
36680
21941
40384
47906
30777
3395
10034
51355
744
9616
38682
12564
14860
38874
17371
12760
3877
14686
16683
38497
27773
44571
19138
45622
28210
8556
28023
2904
5976
1090
9997
21131
21848
48174
40872
19380
18382
665
29754
23275
39172
31750
11926
7778
17293
40839
43287
29869
45188
32395
17383
45588
11573
8299
9292
10094
41562
10050
47688
51406
1386
32345
21703
6863
51542
9930
9744
25690
24853
15876
12071
20871
21279
23363
30368
18504
7702
2871
21043
37335
40713
7299
49981
23006
39036
46385
8386
31947
10569
48634
804
43521
786
50795
28661
37747
16735
51202
23928
21842
13372
28397
47607
30221
26514
35846
38256
51321
39315
28507
4396
10925
22268
41655
13506
50042
1748
6241
17941
14776
17590
43787
38844
34678
10177
13481
11530
31911
36163
46368
790
24921
1365
23910
47429
44224
8846
2786
5926
15158
28040
26297
34491
23418
31217
36550
35388
28736
43955
39792
52
45250
33209
27968
21308
34182
17571
18808
51232
30669
7346
6168
50457
28495
33754
15544
7355
20595
30333
35514
22062
7944
7596
34084
9829
16417
2218
6386
1921
34868
42662
22635
20573
34543
17629
32610
31489
27550
28950
49171
28556
41257
11205
50214
6492
2716
4526
43314
47425
32471
4333
6502
8450
1942
30317
12481
25104
50841
23352
31619
38547
5835
37957
20110
2527
45173
36416
17828
6926
14991
24354
10499
16645
9778
31610
43452
36021
16684
1014
39891
29307
35783
28723
147
24351
22857
35238
32402
49870
14621
18254
7848
24544
40367
13806
36630
48376
30981
4094
21982
22578
18100
40727
5819
35024
37180
37527
8444
33677
44234
19494
11781
34267
24321
4996
5784
49468
37651
21201
29
13800
14126
7597
5487
2320
15877
46965
37922
30532
13801
5593
26977
534
9445
48847
22474
7252
2864
47592
48548
41636
15025
22781
47738
40664
7295
36421
14829
17263
906
23558
15237
49205
9203
37167
22867
19117
41221
17911
12794
42589
6962
12953
47083
29344
50429
24492
25880
42564
22475
5159
15612
42366
49546
45847
10551
2530
43617
45376
2365
10784
34974
34425
5393
36091
47524
30741
34975
40184
33640
1112
27045
17112
26241
47842
50792
9700
16485
48384
44269
39493
14184
11379
34203
44822
11382
22612
7071
810
8180
8024
42908
15537
37855
45579
123
33400
13588
7624
25842
49439
37598
9027
33988
32693
33069
4631
39329
6424
50388
42833
36715
9013
42266
5423
40944
31909
21597
23018
46574
14929
5514
6970
33583
15154
981
14603
44758
26120
22725
6654
9873
36274
31528
18448
25756
34210
26713
16989
45497
35840
17245
18702
26546
39042
15601
12909
16214
13775
1604
14388
14936
20267
43676
1234
27472
48794
44731
33559
7225
23726
28262
1792
33459
38338
14403
42307
3814
37690
6857
30693
9448
51547
18166
39144
7470
4498
19993
6960
28261
48140
6404
27823
43538
22736
45447
14448
43882
14584
47379
40264
4484
22674
39900
34801
29887
47807
40076
47185
50711
15104
13939
27930
42749
31633
27727
39388
1065
34886
28678
41476
3184
42927
7908
40757
30845
24620
21866
49167
28949
43722
41241
14510
41682
8808
5017
19043
40602
3212
11254
10896
51505
47432
18613
41141
28981
83
42652
11989
15541
11312
6736
38316
27984
6873
33346
49063
29460
12512
17611
48856
13665
3739
23569
32863
31448
51480
44843
44636
11444
32593
47011
29270
27784
50097
18407
11761
12893
9803
27940
38101
34861
5053
4285
49530
41965
6660
1784
51196
37683
12089
2647
32831
38659
51246
39310
4849
22886
13289
2621
39272
5474
18769
5154
41473
14623
41416
50488
34272
4111
46470
44420
35082
41631
8718
45899
30405
2424
16852
20215
31656
29343
50542
8396
8949
8117
18163
13420
225
33658
9849
49721
4096
10810
49778
37810
31660
51656
32138
4423
4636
49702
20618
35371
49740
12019
3387
48907
6510
40224
51048
27675
43431
22003
35487
49732
13338
4669
9874
5206
27811
25449
47926
48028
3134
1892
1203
22331
27676
23174
16995
24541
13129
2756
7328
39580
47670
5367
47473
15875
21743
28874
25752
39472
12265
2776
16778
27084
5659
35769
16946
356
31724
25286
12741
18942
9564
1994
43541
6286
32694
35489
25823
37389
40020
10188
1820
29824
11569
7954
44577
9916
39490
50202
25760
38124
5087
21839
39499
41326
18062
33192
48636
23723
48923
21794
11867
42253
7421
38934
38533
5203
48349
37232
46674
14251
43860
27070
9124
50247
15431
44377
49257
11404
8239
35398
570
48544
38216
33296
21686
42149
50193
31558
47200
39539
33631
37727
41117
18649
16547
1800
48772
11689
24734
50423
42855
11812
15432
17
28988
25553
50228
29299
31895
40576
49708
46358
26356
18198
1552
29405
39890
33204
16834
5674
41514
32837
51544
3038
13334
1304
25059
37301
21275
23292
10921
26121
49400
50491
41189
5088
49298
9127
16044
26104
35325
14536
11566
47726
7132
21440
22995
8052
22873
9413
11236
29082
42895
38292
28522
27144
736
13228
14047
30242
2135
48114
37596
34871
10808
50782
30998
5350
13236
22740
31496
43698
22004
27801
35964
20438
32998
47584
15412
10623
8761
48529
727
41059
48789
24624
43690
525
22533
14560
31216
6684
21547
27457
36055
40177
47156
42896
45216
14383
39325
14490
30659
21228
15516
12479
8237
23571
33827
21296
26964
34472
31487
6439
10081
18127
51091
37217
46079
44688
15274
4718
31878
39115
35729
36266
7890
82
18025
47831
26081
22465
10290
30633
4754
3006
6642
49459
43486
33720
5818
30927
9702
40584
19520
11438
47580
20722
44913
23048
31847
43184
4711
2370
14972
39139
118
17016
34824
35118
33928
1772
19215
3727
1547
42778
30529
3428
41218
44686
9135
1491
20278
4660
23642
50060
47785
40357
34127
5802
5539
50732
16520
8587
5950
26712
17722
36711
15701
7507
44133
10729
17191
35337
17542
40611
25233
6022
8550
27647
6635
27282
43572
50875
16220
37544
47805
21459
5683
29195
16448
45280
19344
10204
31567
28866
23787
37103
1260
34874
23139
2136
50312
1526
50666
26397
51488
6852
36345
11910
46093
13690
43239
28479
35426
41784
38986
15193
10212
20057
38888
15201
47961
39327
48644
18431
19903
3376
44762
11057
39606
18390
12758
18206
40931
1239
51583
21931
49413
2251
26057
38525
18889
8713
31530
271
39494
30700
37405
38454
17509
17764
15090
33388
38781
16444
15385
9131
47944
20833
8446
42788
31132
12615
9394
10040
34995
41740
9155
20563
28234
46353
26180
35632
24158
15358
32920
16094
35147
47160
14331
24588
50757
25375
46246
13151
5779
9704
46462
33843
49797
28291
40991
46215
38117
13157
9844
12609
13241
45017
50030
24021
28705
27073
22083
25383
27376
17365
9351
44631
15606
18570
328
50227
36303
42011
16489
46057
29948
2723
283
8160
43418
11363
37997
1664
48709
43487
6161
28861
16893
28187
30259
8405
41946
15183
13330
1403
37642
8663
29792
33306
3633
5777
36827
9164
48787
19551
23694
47020
45666
38222
146
16524
35365
41506
7572
1336
16396
3686
9379
27127
33006
23519
49887
51032
42701
21975
46613
2023
46836
38681
25865
27701
22613
48754
6221
14051
14417
18765
31655
14478
37098
7833
4812
45645
23686
17350
45448
39304
30185
4605
15770
5899
6117
25531
43076
33875
47045
31232
18067
51646
487
10760
43337
18109
47542
8236
7149
43912
13754
1931
14553
16553
38452
29359
30757
13614
4453
47813
39037
23025
4258
6938
25061
15647
17180
7712
502
10351
31201
37693
3065
46160
48444
1578
34549
51456
44785
14705
16775
31884
48588
47332
18878
10959
13218
13340
2682
23238
49245
11956
34474
1817
30143
20096
31404
31084
20418
26779
17121
20646
618
5717
37990
14582
37936
351
29648
18081
10655
35993
26758
10683
2866
20213
4079
36774
47963
36138
32431
36374
12533
48828
39662
11966
41462
14895
27557
12028
26898
17101
8987
18091
28686
16348
39255
22428
27806
50518
38724
10400
1435
28119
4911
31549
25189
9977
40842
11684
21965
23653
26569
49345
20554
44708
16831
29252
6587
28030
38953
51619
3302
45596
25902
39109
18410
10556
51132
31928
7795
48526
16550
47325
42609
35883
21329
45174
1503
33838
44882
33311
9300
24231
17046
7832
30483
39316
29204
4732
6353
43206
38265
33509
19680
30004
32909
16387
34214
12714
41638
3192
41417
32945
37037
25662
5704
16781
22430
5434
20982
48415
3235
16360
36456
38854
38770
24895
47832
10844
3452
17285
43657
31420
5486
41817
38535
4460
39349
43037
36974
25944
28226
43660
13771
38415
4836
36261
51335
42299
27589
23122
9193
31170
26846
32594
39979
2865
6652
23667
23212
39881
47762
1794
28341
459
13111
1881
28324
19079
41585
15010
28155
26617
7090
6531
50180
32072
198
30031
27237
1462
1656
29290
45726
1412
35923
24871
42058
44899
4868
17079
32421
50595
27475
1257
38288
45422
19143
23881
10620
28272
22311
42764
41281
39932
12184
2222
17566
35039
49231
7645
11031
24172
42572
50567
25849
33287
44490
48591
30375
40083
4082
32408
39851
36004
18950
11668
20569
4340
18854
38905
7664
12527
41612
15423
48545
27285
17274
9842
6699
9045
26826
26761
41814
6977
35212
6737
21838
8445
40166
40766
42985
6393
38745
7805
34985
33166
49777
5300
46449
17497
45874
20498
151
4231
37821
28051
33641
46522
1550
40555
30123
27086
45131
7719
175
35598
11301
40960
46941
27295
43467
719
32326
12370
23179
14247
9617
17404
24754
50421
36003
6858
42174
43033
34140
33008
3551
3394
7792
45206
27252
11135
25670
3575
48887
30503
13285
24975
5318
4218
1130
46908
22455
25174
29973
50271
27309
44684
20782
41975
3459
2065
44724
8610
24168
22584
1718
45051
17414
15515
10225
6028
50075
1551
3627
5211
24902
50059
19573
16697
22707
26863
30141
31436
50515
45917
39085
3365
38981
37446
24657
24828
15031
15709
18941
30523
25779
38164
26327
19450
13367
50163
48077
35059
6071
49424
14722
34276
24530
15941
32472
17641
37958
24615
40998
20797
30565
4975
689
8138
33371
9826
41858
37606
49932
40211
29990
36576
43014
34565
50916
18398
7145
29429
9517
46563
16733
43347
46318
2522
34427
5986
24213
30096
42525
1380
20908
47107
30044
34940
12455
45685
25181
4751
46827
38924
41225
22534
22491
42018
14243
48914
23588
22105
42277
43555
19617
16476
8246
23378
25079
10108
46169
2476
47336
33599
47527
3213
6920
37614
41872
10148
17147
29841
38119
44950
49865
11010
19277
1598
15028
34125
41333
43099
4298
38377
29432
15839
32383
17027
37961
38494
46144
39082
42303
48310
25290
38062
3408
1269
8642
16814
125
51270
31041
27523
6164
10673
19978
46746
670
32650
37138
50440
14992
2449
6346
49256
637
22903
40131
15787
49949
3137
30885
14951
4627
51120
912
47056
22858
42201
19516
22566
21677
44609
25132
15057
44215
182
21783
42735
14025
29934
14677
4956
14334
11151
3692
11627
26788
13503
51602
17996
43411
51290
33130
21173
28604
47047
51019
14242
33726
46624
23901
33776
10531
6718
7667
15508
11452
29542
16457
40700
30265
31007
24198
2433
51268
8371
30048
50055
8248
10897
37073
18809
36082
17600
9327
4818
43670
46211
51241
13344
2642
33808
13524
48948
41179
4824
51614
37836
26359
34015
43113
38700
32158
30986
46681
27866
13354
9005
46222
1935
2966
16405
31297
1554
39652
39284
1943
47468
50480
19881
20336
37844
6708
30656
9773
3026
47082
33547
24386
19977
38881
25521
45786
21159
31589
31289
35704
39320
24236
28266
24505
29568
44567
26355
37684
36902
33801
21728
15129
17312
38944
24563
37667
29054
31917
47195
21936
43295
42295
48442
19052
26115
44773
31142
27633
32366
14373
18994
19329
16994
33202
12625
34681
46981
6900
16002
4885
24716
14908
14629
40030
17141
42774
6786
45857
12336
45095
26985
27373
19426
40693
44006
37058
46953
17839
45584
45371
44305
3105
222
14713
15560
11681
30604
35790
13396
44172
27136
9836
5265
46539
38464
36240
6904
16319
3746
42736
372
31972
9335
8637
7195
33040
40068
23359
5848
4752
8313
15184
46549
14237
24484
44039
46807
30555
36037
13541
31921
37210
6025
49720
46529
24159
11650
19566
23710
40832
26309
38403
45415
51035
45134
48753
26249
46330
34416
29154
46351
31229
47051
16258
17584
18497
32115
10383
20706
37393
49745
39882
46942
43007
38638
28371
4362
6951
35574
29456
17845
13969
47348
48214
21566
36778
35116
36869
12774
27219
48527
22940
11103
19340
51157
5002
30560
6588
42714
28553
42716
24210
50472
41850
6218
15759
49501
6726
11298
36129
28734
36164
31819
27168
15263
25699
51694
44085
302
3330
39989
22519
35316
49241
38359
51249
4798
1451
31238
42617
2845
22130
30260
30394
16472
23816
7329
31617
34326
48495
12797
20684
38883
27255
47665
23825
5611
18978
8795
35982
6610
16769
24466
20626
16026
11938
38360
37471
41895
27964
45833
12084
15442
22610
45884
25019
4361
903
30472
1749
39936
33437
10266
50804
16686
49834
9384
9912
23779
2914
32119
19733
37950
40959
51006
45951
37062
51278
38713
34919
10659
20822
1262
27706
11922
19688
27970
22284
44011
31026
6412
36553
16882
27406
47080
32685
34201
15088
48905
45375
5733
19761
6088
22473
29341
21651
34097
37657
20537
9079
14298
12725
26815
7527
33395
12085
20047
49155
35222
29555
29427
4862
2841
36593
44712
51007
20107
2919
6720
3924
8355
17729
49081
21869
17937
3278
1841
39598
9935
33447
9407
8613
13353
35476
35064
45619
33373
37184
48650
43981
33822
40014
16556
46300
3689
15343
34332
29790
34953
8933
34461
32769
33488
16820
17012
37828
1277
18841
2548
43232
39186
33182
34439
42637
15528
4838
5225
26170
22865
10647
49038
11396
28352
5090
2037
15565
17202
31468
10962
39871
31470
32194
15834
35900
18423
23764
8992
29374
12778
10263
19126
16580
51497
45758
44110
38966
22461
28183
12827
21484
3315
48113
48039
31683
20424
22110
33208
45665
28193
32317
45170
38503
45932
43589
14830
15723
1086
11243
34206
23981
30899
48405
44738
31731
38190
43291
26939
25134
25402
35186
12608
22811
39205
11189
14846
36267
22946
29166
47640
1144
12226
22762
36797
58
7383
34042
29509
39796
1056
10688
19664
20827
21654
43069
7130
6965
34675
10938
21118
37778
44051
39312
7748
2035
31978
34594
13822
41372
11607
10911
21988
24446
44087
45561
22694
4745
16646
14918
26384
41193
2316
5641
51531
5828
15568
51558
2844
46737
35424
37108
50853
21188
44965
23330
50252
50974
34108
9396
6569
1169
3842
25753
40986
27434
22444
7608
24378
46720
42270
9801
9955
17420
4566
4071
45345
2188
43706
30823
21377
932
23725
33950
6582
32342
48427
42889
666
21956
4774
709
30698
48275
10631
43367
8051
19077
3723
36427
34641
36671
18734
365
45524
42962
46787
23438
842
38878
3279
9084
23513
33764
946
27663
15690
39149
23648
15441
17380
19130
16900
7218
13852
44393
29075
49748
45476
21991
46636
46373
40600
40932
19264
36178
50003
25925
46426
8948
22911
30557
46096
43165
44971
40999
19542
28143
6238
31416
45979
50888
9316
22451
18418
24638
200
14414
44611
32838
20286
47121
27517
21144
10068
13667
2673
35534
35085
47724
38262
17928
47945
14779
22095
23924
18988
8894
45137
10854
29929
2848
28075
8179
24099
7272
17055
33812
17262
34854
6552
6804
39994
9578
48900
8676
13920
34636
6261
3766
50537
45767
22780
15041
30374
45348
29826
23684
28711
16652
9894
4726
29724
33699
29269
20721
48375
15176
11469
36065
81
14773
31783
38711
18972
40840
24135
17715
42435
26785
24190
11297
39399
18160
12844
50728
51484
21669
18748
14578
42086
41645
47093
32782
4448
3647
33107
40589
16849
46828
12453
48153
51323
11358
32061
721
1985
51536
20188
46664
34443
18997
9914
36453
39625
18345
12956
22841
20093
14389
11563
45484
320
25401
47718
19884
22407
30481
50313
49152
20019
50797
26140
24011
45834
9173
17697
45077
13232
36636
18048
40398
36370
34294
6342
40055
22500
13131
14950
21457
46943
39071
8060
44194
23580
30556
31124
33817
15433
44808
4007
36848
44092
30900
49663
18035
27019
7286
4339
24408
14894
28552
42645
19370
13728
24347
21521
35801
19788
27183
18275
17866
17294
28021
426
49308
31194
46716
27791
16289
29597
46919
8953
49215
36959
40407
950
11857
18561
45510
25161
20389
11636
32263
18575
17747
42819
36830
21181
4801
43598
48587
14356
19782
7023
18998
14249
14006
51683
42204
45743
9880
1850
48239
6950
19686
50304
50643
7398
6332
36851
51594
17056
10422
9612
2801
47673
47840
48999
30452
16525
33425
17835
35965
47549
33256
17578
34247
45006
28973
444
48065
29239
5886
50451
36618
14800
26418
40324
11928
44977
23457
35347
36600
50707
15332
10012
24534
44200
46452
23745
1577
35048
7115
23256
27090
2632
16252
1989
21375
24355
33165
31193
8751
10794
26996
12867
13288
15279
43231
9546
30246
18
27998
34021
42423
1764
33522
44045
8762
38674
11425
7546
22545
5308
24942
20318
14175
740
41934
44876
30416
44159
4090
