27724
26892
22484
32129
29712
38954
4726
42122
15746
29296
47717
11186
38748
30721
35206
4994
33309
46700
4330
42546
25938
32619
47315
17836
10541
7462
34592
33388
25254
30306
46165
21097
44848
31583
18010
17311
21170
12941
3826
46052
16394
32462
43072
10789
2735
42342
27971
49637
9275
29720
16129
45140
12456
28597
10584
818
14983
28243
11086
27726
27767
50857
43782
33125
22927
17769
49923
50730
12489
48703
38637
44124
35726
26793
11018
30441
20450
18057
33468
19698
548
36451
12326
48315
32219
30650
25705
2132
45574
8758
545
27989
7509
27563
17779
40879
43333
5860
22438
23750
14171
8274
39380
26927
33666
28616
15631
1503
11384
11822
45179
25905
46186
39694
41935
51260
43492
44027
26110
38644
24002
19976
18981
2386
2864
12924
38071
37555
20682
14822
6283
37562
32294
37296
33966
11435
10179
10559
22117
16339
47395
11101
16199
28391
1043
46986
28356
7288
46539
23780
1871
51450
44424
48666
8804
41639
29450
49804
37314
7452
84
21549
32508
48188
3333
43993
17503
43372
21037
44018
29005
32896
21251
30099
9577
34314
26567
2312
39550
48230
10910
44502
12629
4084
9861
6711
41784
46173
3710
11348
27345
30235
28515
6972
37380
7071
3183
15521
4803
6540
7147
22810
47973
50944
1653
16023
45264
14403
22555
16626
45699
31075
18707
16569
29235
8934
50518
17012
1659
42543
29094
49014
15480
28131
23797
17674
48715
39590
26047
22888
43192
47498
6524
17862
34681
48676
38048
8466
32577
51603
40364
11589
13122
13266
7455
36973
46731
37554
44241
10717
