51153
6713
13682
31759
51261
22487
48087
14500
10684
37655
33979
10487
4758
14425
19362
988
41470
20970
20636
1002
7451
38782
2884
39412
800
5985
28321
23072
10444
33327
50906
44652
28558
18929
19137
20788
45421
2851
49813
36085
38164
35595
43695
17039
12613
40669
41301
30371
34872
15633
1362
15431
21841
47705
33009
14017
43597
46853
26819
41958
31521
45277
7848
7971
25396
41374
10010
4851
9342
1322
12725
4478
50293
32113
33936
27008
15701
22969
46873
31660
5206
27688
37628
47933
33519
31034
25801
46786
7080
43253
6010
12359
33521
32960
40089
11151
46825
17900
49896
40975
19602
14772
50337
8457
17135
27380
6129
41609
9343
3143
33031
27264
25108
8146
26794
41205
8932
12659
49465
8551
29292
18267
50407
11226
35563
45829
6433
7935
40493
23968
50794
9799
14947
2846
49879
48208
22637
8591
42797
4810
42701
36354
31994
17286
4294
24607
25837
34497
45624
1790
37372
33928
20706
1039
24240
50200
24996
5041
17159
46457
21093
33662
30677
49263
18989
40969
4545
28979
41351
5633
21762
21473
49550
42752
6273
39107
16694
47522
3918
23276
21236
32748
49200
4633
12737
5719
49978
25133
35549
15589
48467
7490
45786
42567
4550
44758
2704
51663
49676
37732
42165
35614
20851
35473
1530
20860
43142
48766
34530
14537
6406
34787
44731
42740
9055
22902
41266
6156
45094
35824
49122
8356
32048
11521
39421
35289
779
37913
13397
40609
46176
1618
32348
34612
17025
42479
43018
51233
32259
2461
26568
36203
31972
31447
6679
18734
32927
42578
39549
47224
8114
38106
10753
27627
1185
27161
39983
48897
17425
48159
6693
44209
15784
25251
47409
43245
18799
17477
28508
13355
40308
51116
40725
6623
5242
34890
24
31126
26484
42193
13082
3664
26041
28607
30758
9866
26879
16520
51259
17644
21839
12900
14143
38478
45107
16122
22356
43724
39626
71
44576
51216
30883
32134
4345
41529
36143
18
26257
22622
19492
48545
6915
5177
43004
11411
37774
3354
26959
10779
25667
46201
33719
4193
13575
31910
1769
13769
20769
37215
15001
13635
17752
25979
22477
6874
24746
20729
27157
17198
34873
2388
43616
32630
14364
35778
42520
35496
40141
450
28393
31967
1243
25134
13619
47062
27071
186
39433
24677
462
7722
22413
26501
18758
1987
49612
37696
51669
24282
41435
25153
28008
36624
28990
23800
21244
23831
50116
15660
48595
28855
10177
6276
20122
5437
5064
6748
903
39099
50154
7295
8636
18201
9649
21404
45620
16
12675
37726
36266
39139
34498
37363
48623
5295
41873
8800
32262
7350
26013
24517
44891
6074
48609
4976
17300
7499
41399
6277
13133
44130
18513
5783
48043
24312
3122
8891
42811
44072
32502
14263
45732
29657
38691
5961
26605
35102
42429
35839
43446
28224
31356
8741
25350
34941
39072
7395
19192
51651
32094
8066
15538
6936
7882
295
6950
40152
27514
39847
3870
11919
46783
6793
21277
5297
33082
50673
49131
43391
17502
35194
48100
33991
33655
11207
21820
30712
33494
47019
48099
49559
18076
11135
20008
20957
33024
48494
13535
4962
35021
12954
29989
10412
41292
30606
41775
21584
46286
44003
8809
29912
5150
12844
7007
22811
9042
7803
14030
47228
38772
43084
9965
32280
38847
24855
18096
33127
46823
32926
33416
41824
33475
19442
12341
7214
47785
9454
35895
4086
25375
17949
4997
21276
26646
35188
35225
37373
50625
38332
30006
25724
4643
30747
2383
39399
11345
41871
6415
11934
743
3226
35800
50410
15981
18079
42539
38543
16782
50443
33237
49476
28562
45671
23610
14007
26944
13165
29732
23691
15121
49712
28612
12013
51055
40406
18280
16336
36020
34339
28594
2231
21275
48758
42816
3842
8438
16208
5322
25843
14877
39011
31656
19915
30412
47837
31293
14841
14807
5483
24955
27246
38466
35064
49000
7628
34225
24339
20773
28190
15888
9461
42151
25198
4584
22712
41538
30202
17363
10231
26314
6621
42409
26786
24130
26352
16125
31695
41490
13846
6308
20855
27040
50672
11956
29355
2185
4461
40500
23696
775
15460
10783
21283
2129
30199
24909
10637
39582
8111
44640
41695
34898
19528
346
7669
45912
21374
51480
43116
30870
6730
51001
18505
39961
26817
36969
37727
48085
8484
25632
22483
39264
15029
15192
18394
6422
37288
22930
49220
15124
16255
41493
34767
32779
37724
43591
24665
26816
18797
17865
6019
33244
37334
26714
40207
11070
32225
20560
13379
14355
35
28092
18232
2111
2457
48680
29068
28815
19576
13283
15055
7651
44000
13941
40687
17698
13125
11495
19748
1200
20612
22414
42380
24363
8716
35678
38367
12015
5526
9082
38079
50224
33560
4239
24464
23128
19431
44490
33541
49684
8462
20005
36793
33357
35948
27832
2209
15542
28851
1296
49502
3307
50000
34318
20878
29424
13172
5886
48144
42930
7095
35360
41834
48317
47721
35212
35545
15345
41924
27054
31791
38268
38360
32448
33135
30133
9969
28055
43315
4203
33053
7067
25824
41862
38534
28827
18675
42788
20474
26469
1029
21964
10296
35291
30146
48629
37293
19957
33348
34580
19329
43855
12122
3505
32214
18163
13541
48147
1017
16757
6868
297
31354
23018
42057
41603
14819
37353
12790
25679
10767
7823
1817
27926
51223
34984
50391
34670
32533
10181
22105
40647
47897
8032
38536
6323
40220
11369
45360
43916
6535
11387
39467
44277
22673
44263
22273
22284
1720
34472
13438
44906
15406
3725
12543
18911
3235
32302
22683
44359
27898
20794
18272
27749
38293
12372
36118
25144
36195
25788
38684
44267
5055
10620
16326
25740
10866
36001
33866
25226
2736
8727
22517
22383
23588
26748
33112
31046
49703
14904
22733
5481
46283
30868
28820
11657
6331
25985
15817
30950
21912
45393
5381
50835
46598
27232
34248
24134
37951
8862
11828
46012
45057
50130
10607
19550
46602
22610
41751
44497
3223
32667
43314
20386
29786
7928
2789
23631
4847
28977
20896
19045
20022
17400
12876
31192
2051
23130
10383
40531
42173
23983
8566
50658
6603
16559
43366
11378
7785
2613
11810
43099
29111
7016
43881
37867
7439
23705
35326
34910
40896
10509
10633
38717
29613
15184
30767
12089
10998
31066
27692
3634
46357
12540
10532
11116
18202
39547
2154
2875
18179
22153
12227
46392
17704
24039
20929
44435
11743
35145
13092
22636
1967
21227
47450
22671
1676
4535
769
48308
42348
34478
28751
1273
23311
21483
8858
50564
36956
32538
48898
34183
16211
18219
24529
43762
30490
12700
23092
6465
35620
19473
27381
51418
40731
20469
48838
17833
7415
34694
25620
4998
35937
35146
19227
8481
36821
29455
34175
4942
10547
25184
16747
13558
36146
6870
41113
16407
18237
18065
50145
2208
30626
50902
28415
48996
29367
46983
16264
20414
36597
23379
46183
40653
45806
24250
6570
41508
20102
7706
43094
41290
43666
37103
43136
45492
21915
49373
9106
36914
48203
29206
26662
32516
3913
27170
9474
16445
11989
27533
13527
18046
2506
46549
23328
27266
44238
47408
9987
46014
7250
5315
25028
49764
48581
43652
16544
21899
29560
18180
45465
33008
31419
33938
3003
26434
26187
44694
11134
43375
342
38295
10323
35242
19024
35953
16531
46893
40063
43985
1784
51011
23658
26980
855
15798
11506
24683
34191
44752
21628
11968
16642
24304
39104
36437
40425
31310
29028
42949
36955
26222
47068
241
2683
49569
11806
21188
24650
22377
37840
8563
38143
25649
3736
36853
15352
21639
20659
5517
30869
44119
51087
38223
22719
17147
19380
28686
22270
13773
29418
42207
23238
30126
10625
6582
32273
4809
30999
38555
44868
41944
6487
26120
2980
6745
2149
11617
24627
7053
9046
23727
14525
46144
39100
13753
13696
35973
23648
36872
45530
15213
29006
13202
48551
544
15865
1160
44079
42294
11077
50033
19391
3958
8626
4337
37130
18242
30641
29739
46906
4853
27776
31858
19273
10708
47639
17571
39315
48694
50412
42550
23918
27411
46243
28148
24761
24711
30905
50179
50922
844
5684
390
20826
45405
26470
6345
35236
13015
15085
33814
50479
13674
24655
37199
13123
7629
14198
20525
45047
28288
15075
23504
50923
39642
13422
32554
18471
50978
35771
16203
29521
13307
39074
5073
37374
43569
20304
31960
34247
31554
7265
5374
21241
47211
29340
17967
31976
22072
35743
49471
51270
23767
40970
45582
1375
10972
37197
51645
49277
37059
32411
17850
21114
27651
44458
27834
24984
34121
2872
473
2923
4234
9490
934
34859
45603
50780
47065
34638
15862
5443
26576
3368
11357
20139
28615
32849
34346
8590
40949
50602
51442
36197
25370
39683
22189
33820
9528
9130
7874
37439
44171
43564
30801
14757
48966
38953
8931
13667
18059
17261
33196
48401
36404
23467
46620
6884
4419
26866
40668
46053
36136
7806
14502
4485
4676
6474
19023
4327
10612
11824
14121
30125
36373
37539
22121
40346
2731
25269
2895
41200
14385
3059
46111
33698
37047
12422
27431
48168
9265
43335
8129
33222
15838
23599
43275
24620
31959
42549
26411
36010
34455
31140
16096
42961
14679
51373
5975
28709
39602
67
44362
4472
7199
44182
49409
3016
41016
23971
22885
47133
23884
6560
50292
24860
15240
34943
20850
48273
32038
14157
38683
23034
17996
315
49091
9308
13281
38946
30140
40711
16191
45076
19858
14085
14294
24392
15203
12742
3961
44187
46151
24008
12403
2906
19191
45152
46467
11213
6324
48928
2073
20046
41978
13410
5917
37271
6225
10449
34605
37880
30331
10306
43572
9146
29081
24957
9801
34071
37773
2488
11215
39233
48450
13661
22005
25018
2989
43922
33885
25713
16460
13248
27359
4634
33160
6600
39523
41925
46710
26650
30092
44629
31288
16822
30635
37663
30115
44776
55
25809
43459
47859
8553
24649
45085
37369
8723
23462
48474
43673
11827
18225
11830
18397
24276
42035
42903
36992
34158
1864
46340
40242
46436
43530
28750
24462
49873
14553
33911
37593
3514
44164
35524
1753
31539
33100
48037
47686
23113
51495
50259
36808
14604
181
42356
5929
8726
27324
14676
18461
7133
21852
13064
29186
51411
31181
5979
30906
20349
44042
682
15119
16707
23451
36037
20491
9167
4292
30302
19130
32304
45592
39518
34427
36547
46416
10286
46026
13114
40272
41965
32422
148
42077
38483
39094
9872
22386
17179
36991
51244
19901
3012
45161
34306
49203
12545
38765
29967
12767
19896
32296
2674
27823
289
37910
9435
49422
31664
25898
27661
22802
45545
9463
37991
28127
9485
26306
31177
50317
21707
10526
7220
11763
11365
20311
24666
27634
33118
39834
2493
28721
20325
32376
41210
2127
41948
36282
50436
11275
25148
13991
37320
31955
10502
7873
19109
21126
12198
1412
13450
36557
42172
12466
15656
51302
29677
8848
30174
37897
6138
18116
30360
14930
13444
43120
47732
49774
39491
12315
8172
46561
25877
30547
17605
26808
25345
19355
2792
7783
38778
3290
50534
36045
9703
42381
13563
12698
17409
17330
35646
32283
18120
29446
5867
38514
21252
40774
18132
51229
38505
17893
16397
12549
15443
17000
45729
4827
22836
18411
909
2172
34365
28027
21233
26429
40954
3777
49147
15919
31733
48597
12462
10226
40939
19061
47087
14079
48590
4497
49024
13317
49455
33058
37079
10496
50
48311
38076
13156
7417
36691
31751
40467
30472
46851
14319
20378
11457
2137
13907
15408
35650
18422
8616
19238
13786
17254
12281
31822
8619
26565
24623
49237
32303
19669
3021
37384
5000
44717
34466
31490
51180
17426
19593
1710
32216
26348
34717
16533
11656
27614
20261
2619
14132
35147
37022
22608
35515
22171
5610
28417
10277
9270
42675
36522
24197
5703
35852
46961
45798
38944
46729
27327
47734
24136
17828
51115
22363
34271
44019
21631
48301
1480
33422
6724
1912
46926
36104
24180
10298
11511
39713
50452
43856
7542
27932
16788
21285
38655
2024
33328
20365
3475
51612
6237
21626
38431
37559
30658
32121
48150
26699
27931
51551
18728
1466
10404
36107
30350
12399
1900
37618
19231
29164
9048
11303
18186
28958
47241
6573
49947
21022
1491
30518
51614
15037
6169
14296
412
23871
23976
20945
24000
25675
16256
14424
11273
29596
1094
39914
36659
30184
35343
39688
51465
3637
21350
18894
17084
16349
13159
1163
44880
51683
27468
10960
9912
27117
33056
5910
20701
34747
18269
17320
10308
50374
9040
49826
7485
50807
45080
15917
40295
15043
7630
43475
36605
35429
337
26275
40156
9595
29798
49680
31260
37845
6048
21290
37944
34810
41454
36225
9555
44236
22128
44353
30708
48193
49096
9411
19964
3381
50237
34551
31995
39832
51377
27508
46386
26366
37361
7852
11599
38311
44320
32074
28917
37767
48720
43479
14651
31395
26981
4604
5786
21164
36678
31961
6880
32458
29316
7315
10287
51471
46812
33515
11809
25560
14633
7402
36254
43296
15895
50022
26537
40329
29846
37791
3321
5138
37242
16177
42161
49524
8117
18961
25201
42980
16476
49741
26008
30444
3994
33751
22263
33784
11568
33813
2954
26905
2308
17008
38575
19623
40069
3852
17679
9037
35978
41467
4547
35422
20279
20886
32334
45352
8486
20818
17760
50204
17961
16441
8827
16903
361
33411
323
9674
13200
6847
30057
21447
24510
20831
19773
12504
28899
25517
41216
44333
11691
25522
32505
37888
631
13602
1351
24075
1202
21312
27751
38069
49396
35626
36094
25481
40284
16665
41078
37549
47239
7970
33028
30122
4845
8064
35357
4508
5045
49012
27857
14491
28918
24463
19082
40523
15317
18385
30737
31789
50037
15814
33664
50012
17299
42136
10031
29349
25690
39225
12465
30959
23155
26045
38517
17979
35443
14866
1439
22550
35969
40076
13141
26358
6589
49964
5502
6031
48176
16945
11672
36866
45614
3416
32260
47426
21882
39332
40779
6207
50208
2693
17553
28024
14577
19643
44799
1888
37533
8749
15067
51517
27913
27562
28845
1566
36625
1384
41594
43700
6708
49231
27013
21040
11325
3706
38146
21077
2162
25443
43896
8201
18484
12355
50868
32543
27462
15355
13918
14607
34384
8580
43153
21810
27398
2277
3510
274
33676
30507
42115
35576
1842
20598
7014
34906
26318
16269
47042
48599
14255
299
48413
19758
23849
47689
50215
45008
26995
9832
38334
19769
22877
16085
22918
9693
49689
43547
31651
50826
29977
48325
1088
18392
4894
28468
38721
43646
14476
27664
34668
38240
41315
397
35791
12905
18105
10812
22441
48937
41097
16417
5047
51469
5467
45872
16368
11294
5657
17250
13764
29413
45428
38609
44957
11889
47865
42668
39084
32278
17535
20569
35080
29321
11223
46110
49154
11947
1284
18112
5736
18962
2300
7590
16398
50406
28049
43073
40507
29012
12648
30654
30808
25399
6052
28976
3243
14444
14238
4830
43051
28701
17028
18182
3856
3816
32253
38096
40555
17474
34715
4038
42940
11230
16118
43197
34047
46613
31722
2753
43598
20029
9168
41034
20306
41547
41721
41619
51007
24554
22090
16501
34584
21834
21393
30751
47539
29488
30936
18404
14033
35627
32810
39145
13793
45565
20989
43342
16837
32708
12989
15636
35502
27970
8765
20125
24766
14495
41002
26739
11922
19272
51569
2755
36256
9983
11503
31726
2566
23927
10082
36361
44266
41440
42640
32855
40582
10567
18005
49227
8142
2903
22769
19050
24570
25604
36508
11095
17294
48544
12568
34412
18991
1518
27424
39827
6078
32581
26462
19883
22434
12928
32451
33977
12494
45075
12530
15998
7000
37267
36507
13837
47688
6942
49701
50267
12035
18722
21117
37425
39195
10013
10597
32194
50414
15848
19485
1099
51583
7297
17959
31860
5882
20982
5068
50545
13272
47217
17988
20741
286
22075
35917
375
11138
34743
34358
12201
19493
39183
39551
38706
18306
6297
25471
265
36539
26620
50046
97
21199
7900
22652
18567
44723
13048
21345
2781
7234
34337
1856
30195
17523
24216
44633
12153
12163
33025
45824
31155
37798
22999
47306
44126
9280
49461
50470
7831
13475
47
37048
13074
2385
44040
26094
8276
47607
24158
11787
845
12202
41512
24685
322
40399
4707
16658
32729
7428
21924
7867
47128
29724
12993
22914
45600
29773
5903
36379
12351
1057
11661
46059
47954
14431
11047
5746
34145
43753
48324
24940
49940
35123
3137
18305
37281
42928
25892
30016
50135
33055
34523
17265
7995
43590
15568
1579
44524
23068
21795
30072
47875
19595
16940
2113
38357
4034
8057
11549
12708
525
19377
42527
6848
27636
14498
3432
15587
23166
24868
30037
5421
2499
16686
5275
46616
31450
9013
8245
40530
20630
18363
29425
8654
30326
46415
8838
13612
7224
37183
32148
5317
23101
35579
48365
30176
33151
11800
22347
38797
35056
22063
4470
22144
26635
22823
26938
24722
45017
4660
50740
6973
8034
31316
36190
7459
47673
31866
40989
47523
4934
46903
32848
33050
11452
11069
79
166
28438
18169
3380
7062
16201
15228
40068
11682
41430
20145
34125
42291
609
8343
2108
29876
29928
43409
46632
13196
34644
19255
875
12444
35024
2099
34036
23814
49872
35003
12102
14566
11659
9022
26109
41065
43444
34028
23747
29509
11308
41360
40228
37082
43690
23553
4549
33282
2681
10315
14684
13895
10028
6963
40347
40964
18313
49489
19812
14605
4819
6857
44117
29414
35523
49890
40437
31422
39994
13185
24487
47612
16464
35500
9004
26518
33865
35715
37001
36352
45697
19178
50850
6988
19204
14588
29619
36450
39736
11796
5655
31514
17610
34492
2678
44644
19680
36406
48233
43938
48650
23855
23286
34410
35157
27153
45124
46980
17099
13806
51117
32315
48632
24324
39446
5451
9470
46838
38696
45498
33071
28776
10975
42233
34887
34487
9673
36572
27134
51554
4908
25771
24865
33674
33236
23237
720
32897
14701
45586
3809
29729
41996
376
51615
15574
13971
31118
47711
10995
38316
46643
50350
21809
41164
20382
25435
23506
1631
36178
20305
9098
32189
4734
13692
34988
44653
28493
3997
3596
222
897
36341
26033
30613
45601
38330
12495
34569
10653
19652
48029
18486
26835
33381
51285
31473
24397
37827
30473
23723
27527
402
11437
47835
17820
38324
14693
4984
19676
9291
26388
38541
26897
11153
2813
33924
29130
45707
15265
41091
29906
4784
15488
13192
25861
31592
33171
15304
29968
18547
44260
19418
37187
6151
34282
5613
45510
43137
50985
29166
7387
10807
9044
34866
48980
51405
46884
49330
15435
14509
47780
37015
49202
28935
46964
34836
28753
42137
25707
1254
21599
35114
41932
42815
4379
14111
34250
32939
21716
22544
17105
45849
34978
29152
43921
21463
48895
32773
30619
19282
7538
750
50049
32544
4452
26475
2977
8692
12625
12536
37375
27164
39036
48013
39782
17007
15687
13616
49320
45317
47814
47091
24901
6574
51640
8870
7173
5556
18524
2782
45240
2896
46668
41174
28501
41386
25480
30078
21780
28720
24743
4303
28784
7883
11242
17810
16115
24609
38464
51706
25107
46347
34184
39850
9472
48752
4955
49384
24692
25664
32166
12998
33103
28632
579
41223
7583
3387
43326
50047
8437
40630
18935
50320
4314
3073
22092
50380
8851
47802
39774
1052
45921
31200
6849
46944
18157
46428
44933
38384
19259
38752
41196
20278
43196
5044
3691
36119
49943
38166
5702
23902
5338
28167
25255
26180
32775
30387
15484
26329
6195
40976
32875
20132
32443
31794
43956
1436
3149
46477
11314
19037
15375
4684
31643
25786
22878
19848
15940
40304
29173
39796
44667
32065
44987
269
33630
49640
9227
10462
35476
32768
6455
29055
13147
37803
15003
39325
39675
13371
24205
2334
3168
10623
47640
6380
48356
26401
11689
41369
3234
39563
21376
49404
38629
29537
8463
50579
4712
33975
25173
1184
1389
45033
45861
2170
15556
46583
39682
29675
273
18406
39478
25040
10218
26166
50053
17083
2743
7809
22374
27687
1707
27965
27862
47305
11083
3711
8774
1739
21187
6408
42418
2039
39594
34719
46605
2186
35192
11332
135
49830
33942
43885
46604
26262
24624
18161
27996
16509
38425
34160
13034
6179
7639
42398
3318
23327
42141
7015
30111
31311
38197
50461
47584
13409
51314
35252
19027
15206
14466
36371
21527
47636
20212
21726
49161
7421
22541
398
37588
583
37851
5028
46685
10311
43262
35703
3351
7109
40219
6725
500
45416
32668
29793
13532
15044
3042
32478
17054
13750
23273
49118
5052
28897
608
34792
32713
37098
7037
24597
7347
2198
22452
51413
49985
38021
19471
50956
26936
49587
21493
56
10488
23784
427
34950
30782
4236
7859
24588
12389
39553
33437
34804
11434
44955
35507
11745
20480
38178
44950
47446
29589
42044
5780
42933
30334
26080
13027
25858
10696
38589
45615
42991
29051
20902
1221
41090
27282
36675
40118
19513
22699
4625
738
33862
25980
2088
13636
12681
263
19253
38741
7261
51487
41079
40797
23375
26985
616
30124
20742
32992
34850
17062
48312
36959
47761
11360
11879
14623
36635
3515
12801
155
34484
32552
41801
23036
32663
22936
47193
33550
35913
47186
28180
51195
6929
45424
21903
2041
40868
29409
12192
5821
29561
31173
16078
36300
39206
18322
34590
45346
20390
43013
35952
23978
444
48018
1416
3355
572
15575
4831
25659
50993
23283
35213
22201
23123
42828
33648
25309
13181
7974
21182
26441
25750
43054
4237
41409
17307
7494
50405
36321
14068
23813
10497
31387
23050
49825
13066
38273
21020
47006
39293
38719
35554
12969
24194
38378
20251
38004
10332
1175
13849
39316
15716
20393
36214
7332
9928
40850
18978
10990
43721
4355
9226
3374
25064
15210
3423
28931
7798
26638
2454
22285
51344
23932
29982
15377
44178
10058
27231
45397
296
23012
45960
24735
29155
42733
34288
20651
38335
20844
42710
44410
48711
6459
26604
10632
30503
38336
4015
3308
26953
43029
17242
44301
27079
15000
1342
32601
374
1112
31563
49216
37667
15990
22133
21094
1507
6704
224
36739
15230
26070
21978
51700
27575
19788
81
19026
46427
47749
46413
7063
36288
846
28903
8503
29203
17131
35222
8376
32574
5015
47290
37875
5492
51166
44125
37841
40216
10577
38434
45508
1593
30086
39259
38621
16343
48220
38980
30616
42724
45104
26286
50319
17851
25970
3378
47458
18450
13921
50854
9729
12660
50011
6059
34723
32607
4629
47985
19174
2787
35858
38099
6612
30823
7946
23350
38920
40872
30200
221
41582
47213
16857
25
21994
8254
47123
44402
47005
19223
33599
36086
14487
45326
27756
5804
13910
8844
15739
5673
43595
6982
31710
27066
32954
23288
19502
28062
44958
39003
18726
22466
46337
27191
1970
18711
42595
47799
22812
3474
19667
42260
14181
43430
19166
36943
3540
42033
4519
21929
32437
41094
40393
21633
40692
16133
30396
25766
22941
20551
35653
41613
28213
47656
17171
38426
28992
2202
29522
27491
22210
48873
23106
14271
26353
22588
5681
6556
17269
9328
47819
4262
2924
990
17401
2296
42659
32572
24474
34038
49293
32837
17393
47064
47876
29076
6638
1648
16393
40129
17543
47379
32700
49833
10954
6105
37866
39274
23872
8322
49743
35282
4249
1494
10455
5846
38041
25325
49435
34102
13400
34546
36884
15198
23886
22592
7576
9758
13323
1548
11560
5577
4136
20041
20340
16246
17910
37387
45466
1198
4278
11797
26723
22935
4820
24502
1031
14192
51472
11578
11045
6037
39393
28186
32643
25163
49178
1102
27033
24409
7511
21627
19844
21576
35444
16472
29860
4253
25476
30073
17954
38042
937
18627
29510
47185
28105
7886
48657
8763
26140
50749
8342
14946
23725
21392
44087
43891
41804
12633
8676
2221
48420
49066
42120
11103
23728
880
19295
6197
24603
48587
43460
16141
16972
48418
1937
9023
27676
23065
49070
41894
32623
33693
13712
34991
22945
24141
9246
51210
18295
33787
47655
28392
14061
36918
21824
36619
49417
21340
41915
21080
10275
20588
2554
35903
25411
11594
5852
10573
38996
33711
10122
37325
29523
25271
22238
6414
5278
28072
2453
17040
35968
31715
13349
14314
42947
6802
27080
32141
476
33087
5955
40227
40371
3083
24449
43300
2577
41534
39935
47257
10050
6550
36673
43827
50919
11955
31880
32192
11352
8955
4975
6624
4388
46924
40880
200
20344
23326
33851
44691
38515
20319
39410
49164
27333
42334
20429
49920
9444
5160
26215
15315
13743
26339
32052
26601
37735
30100
8251
31414
51647
31244
11006
45914
4959
29608
43745
13878
38452
48891
14987
18904
14773
46496
25387
26368
41979
17923
34198
36415
34403
18091
45275
19889
27922
6765
18106
37970
36584
31406
8155
42992
31369
45359
24459
3365
21113
50015
4855
1230
10761
40313
35084
12324
30453
19179
20189
12235
2327
19480
40391
28526
36779
42041
39280
29378
21357
19867
29263
35217
17792
15927
21782
16928
28988
4811
14401
11501
33150
18996
29738
10087
34648
24229
27628
49149
5775
25259
50970
15011
39015
32252
27878
28598
21486
2268
17663
26098
40677
40453
8219
12822
50512
20244
26395
12605
27068
4828
40689
21273
306
25341
21366
8051
47478
23848
41564
6783
20236
606
10666
1394
17177
8709
29410
4686
32327
14120
10249
43886
29181
40052
40539
34223
48483
6769
48035
2579
24605
27580
29789
4189
9981
4115
26967
47949
47454
2083
41544
30963
18196
37273
35767
39511
15336
34851
31028
15597
16126
18813
8004
29505
40356
14906
9346
27484
2676
48068
32823
18987
15059
26474
36692
26541
28150
20273
22583
43889
8387
16200
27808
19859
49067
48309
29405
17411
6192
9398
1450
15651
15241
18817
31018
26729
19077
43512
26072
24565
43614
7268
40709
8299
24881
22742
30213
25710
20849
27198
26719
30382
24896
34300
41267
6453
35555
27320
51448
7396
37403
10563
47415
12154
24511
10093
20958
27524
3541
43627
38472
25094
13515
6047
10362
40758
6390
49692
12416
7141
13394
15545
48562
32043
8404
14437
40074
14124
47683
49298
35099
19909
46326
51283
40910
10182
9750
40934
8541
21922
2966
30620
11777
26845
37443
36081
1725
44990
16624
8010
527
9957
20847
3128
28760
22931
7032
3686
21544
49073
6293
45356
8990
23418
3612
31249
12226
49045
37890
39214
27014
36004
2855
33369
25102
32784
17709
5103
47119
35632
47096
303
48405
247
38134
39218
12149
17794
31912
12667
6437
31867
28768
11244
18886
43290
48201
18026
7665
28938
18321
19233
16045
27593
29383
33128
41159
19054
1771
35843
42694
32845
19817
43305
37748
6932
42793
46588
23264
33189
2931
8165
40050
2043
11065
25361
23950
5995
17136
17991
34913
31793
30419
7927
20243
24230
36595
48226
22670
48453
37737
47517
42290
12710
49331
5397
24848
36620
10580
32196
20858
44343
27736
38892
132
45504
11364
44118
31442
21658
32593
31500
18778
30724
28191
37561
38666
32
46509
4446
31712
47207
4738
41504
4494
6604
11739
9196
43900
48202
45551
37402
49458
20617
30637
25921
37027
28796
43165
14467
15334
23313
49519
8986
12778
41443
16481
19632
38614
12142
22423
30246
21112
47603
15182
10187
43379
27485
25185
3018
12209
8978
9212
37620
17886
4450
17100
38232
41284
43163
43756
20787
39350
21945
28467
45461
22454
35933
22250
15962
39658
3600
27445
34180
852
7844
2042
7008
20095
35866
14875
36312
35517
13715
11074
18888
41900
13370
7200
42513
46909
46994
29565
34073
37088
33699
49313
16953
24217
3975
19658
43467
14844
14149
50966
29609
10668
41103
46601
39921
11032
2495
16050
36011
5894
31783
40400
22479
29449
1447
39427
50341
4435
32568
14649
18862
35510
33126
19994
49573
8729
33752
33510
20647
27882
13215
23345
31480
4630
17127
46114
29754
26034
49186
24471
32946
3393
28457
41556
22338
32988
19458
24322
39899
34665
50777
32203
5987
48439
23732
16360
25992
9245
15346
49226
44357
9509
39575
28363
1558
4557
11486
49090
21578
38851
47681
35078
5378
23414
20363
38635
77
36157
15293
442
20453
30624
41524
38634
29893
44378
4370
7107
30470
49929
43068
37306
36498
37603
13306
32670
38487
30509
41719
6920
44700
43685
42249
3779
45680
16712
3020
13008
26628
12417
25446
40095
1178
19633
13554
6861
5466
21590
28575
18299
34067
50897
15825
17915
23482
14646
46168
13476
27192
47332
6736
5037
8227
27469
15493
21761
48339
1327
33260
40995
1444
464
15761
37421
14595
12424
15319
30946
33355
4728
28079
30731
31453
3446
34512
44765
30907
2131
47049
21686
9827
44648
3851
15517
40836
38174
46204
11297
41642
5477
47852
20044
44086
17125
36560
51478
9681
28683
13701
1643
49086
30909
24972
2677
39335
23638
10316
7914
20918
17142
607
42227
3508
49369
8787
18083
45039
15625
25335
17590
33480
21862
27172
47871
27592
42239
23212
42670
35622
12009
50720
35972
13658
22129
10903
28097
32226
45793
36501
25291
45252
47202
43014
3470
41617
38085
10048
51492
13267
51688
33836
9161
21475
42739
23740
9756
5909
13782
2316
48431
6641
28013
42721
42785
18942
1826
11141
17957
15960
33675
6416
25036
7992
39638
8565
22558
45
11167
35951
9689
10020
15173
13031
37379
49063
16768
11269
12345
44743
1274
1945
24242
42133
42645
25381
33270
41919
19085
48349
12257
21002
4469
4699
6417
39023
40652
46
16089
7978
34627
45242
33978
36608
46370
32199
9690
46706
42178
15444
14797
24548
39029
44283
25121
17881
20997
27905
13638
5006
1078
8115
40101
15759
42801
49820
49932
48055
42742
11472
17378
12990
1441
38080
2415
38495
39768
37332
8416
11239
38568
12286
14536
25322
42230
10140
49614
22908
44034
32651
6566
25622
29834
18670
23590
22939
1821
19134
41814
25803
13163
2634
13817
26760
45570
45251
2238
41400
32608
15014
12835
10977
39098
18339
49899
35076
9134
21382
21954
23891
44063
46595
46083
28159
48546
7802
17989
11172
7768
26587
36519
42943
51026
7495
23027
27598
21070
12911
32326
33734
17584
22996
44030
4473
40173
28218
14153
6177
37190
18795
44134
7182
18049
38651
25601
40593
29686
34187
10770
48189
42934
26632
43651
33370
20694
41587
40277
40701
11722
20555
5499
30742
19717
37055
6611
26615
8623
39162
40957
38912
27029
37947
37440
23945
14103
32382
29297
12934
4167
17525
40871
23716
25878
1372
27607
47069
8743
48020
5250
34362
47303
31355
11629
14254
30831
591
26132
14952
37404
45544
30464
41432
24931
12855
8243
45662
20592
9015
25870
436
39926
11388
689
20577
43170
9682
18336
6543
45173
38506
13908
20038
6229
2852
12117
23110
49901
33540
16798
30942
48554
18914
44083
29116
12323
18561
37152
37339
4462
48216
41988
27801
18359
6876
37698
19568
29955
11489
29013
28473
45059
3599
32547
29348
17631
21291
26509
26037
447
33307
39106
8324
1907
280
16362
27737
37544
45893
24547
9404
29983
22689
12134
33714
28778
48089
11187
1463
23757
37270
15052
24751
36766
35314
356
33705
15558
13691
42822
7828
37026
35169
41227
24399
6960
11066
31461
6190
27887
36933
47730
32706
23709
15339
37917
11570
449
38791
27541
48825
2585
22314
21403
41758
33844
18338
19677
48381
22444
19992
40584
4551
25507
5857
7165
50098
12058
9532
39231
22603
40603
21217
1755
8733
25122
35811
40266
26909
23690
2216
27009
11834
31513
918
42274
5419
10426
48593
41649
40094
36871
36819
49661
51282
24853
30562
31729
26744
31007
18798
34774
28755
49607
23115
2473
14589
40484
20006
317
16780
17383
50108
30638
30287
38489
22929
31964
45407
24448
45581
30627
5352
43169
2900
38858
42691
20981
30295
27875
3104
47074
46698
31633
11758
29985
44036
50175
43437
10171
9991
14494
50828
40197
19298
34521
48938
51350
1904
3383
3565
10719
40433
10503
30255
34714
24850
16792
1954
50560
12683
32617
11177
16560
42787
12288
31377
22002
12274
16936
5379
44274
12260
46060
11793
51080
34864
39572
17594
18654
19721
46303
26989
42101
30730
8600
45027
47370
9702
35030
30139
4474
12311
44833
2829
9626
43822
19096
47759
34256
28475
15024
31161
39896
46727
