44165
120788
96781
437356
504072
144027
467968
89119
60647
230582
385936
475269
420998
382468
95975
88380
533403
293501
207774
216419
457387
184966
312139
331732
257473
277566
422596
429352
245824
225849
331718
213913
162374
425412
232750
458570
88602
13486
268295
202169
135649
393862
127740
86124
333535
447591
376455
209388
482116
106744
30582
394475
535278
293478
89599
216931
142042
165162
7372
319727
310638
521387
459154
80522
248722
400444
128639
289500
67680
240115
357377
185924
279162
286314
283489
524751
277355
284489
415962
121218
79613
363945
385071
317007
294710
481245
379124
428454
357104
353432
414181
325134
460529
362929
337784
200201
491121
469628
442082
177962
452996
228343
237574
94
139263
518791
142548
316202
65589
399976
292246
406155
337990
365738
121916
252456
508549
280826
507906
249055
35201
228502
465063
484035
508707
33537
397300
472986
470039
274640
358097
329931
59362
106492
516471
475577
105284
494224
494531
49192
14232
131253
444392
513228
119943
190554
114009
153062
93597
164499
337999
487476
358388
208898
490065
360448
20097
101332
382723
145441
242069
20607
144352
236280
92372
532106
309832
347435
198188
11147
160258
68188
136395
87613
186303
155227
250658
496536
65230
217638
395680
367700
72626
526757
369628
428609
152825
369105
369164
356079
417237
254002
353815
74391
393774
252830
508757
264333
186827
296224
413807
62215
273429
129879
12617
419149
27084
515928
6833
381984
310261
497201
429791
108704
438698
355691
163422
372632
166269
326170
532195
77636
6387
410168
247755
151312
462966
408206
342674
524327
265141
534594
19696
271335
532473
465564
489177
108776
67777
379380
82653
381250
332408
204993
74394
445861
525421
373721
56635
235093
443215
437468
20931
304560
517059
33708
5890
423699
385978
219481
188864
186875
141930
331540
107460
177644
398102
166817
357838
376364
86406
515851
21263
2812
503154
520933
375442
520156
181246
122269
268473
46836
389813
444759
55222
33750
25047
446495
207604
401247
145487
385082
295722
342138
383961
462798
34524
403698
349109
141249
423429
254830
434881
195963
436097
124572
450935
252323
461872
7678
129241
466804
507733
532524
263981
28591
10616
421717
194831
388579
239928
231378
116701
343028
304017
154926
191925
387906
134786
398363
267754
164684
533137
208398
101611
522513
50052
175882
425283
225320
63702
176153
35674
275485
326565
425019
64794
272652
17170
113516
52454
21014
14957
284583
106398
151793
329656
132914
361048
322481
435574
61754
488131
415739
173932
146474
13611
477704
33273
95554
505041
522105
164280
466062
402203
317867
9990
202052
527744
232400
434893
376223
185503
361389
20462
24198
35379
198638
413302
233035
480317
443921
517358
332833
233767
404216
159675
450002
478428
11533
239659
139861
61181
378320
21280
67055
5222
127403
365045
515152
525191
397132
207843
486496
255010
64349
387964
57984
490731
243419
382855
197832
198539
500673
320412
127580
352072
185508
376661
480307
496465
268714
535593
265292
182654
223690
34309
480344
221124
171772
357290
450582
134947
465357
22261
97766
339569
49434
116287
113184
335411
287689
384619
512595
195880
166178
139237
412322
423016
150326
239013
406442
337625
314388
333541
245222
171595
418056
303476
381260
140491
336231
199086
166807
106888
92765
343308
436264
512795
460811
343136
288900
317116
29466
336828
438079
286889
122082
113175
484020
471996
404505
439560
532318
160714
517920
257732
356442
366005
416785
