58328
250228
407678
1613
50875
176646
528321
125344
360043
438628
387541
4108
411173
137446
332504
148901
265704
283589
485194
199177
509807
191283
354586
110578
375765
432394
310070
396738
501796
374187
231512
148099
273510
181611
287983
347298
4332
210219
88839
273322
448388
261434
324985
435
248800
147051
365245
439667
534551
361186
488277
403732
215191
461398
147148
24647
170146
235871
287555
525637
63609
460625
95479
395477
142087
289369
38948
372032
501680
239084
35913
524863
110225
373482
4498
455590
110619
502926
347355
101549
285568
200019
238585
329011
235836
505319
493534
9719
247119
56854
180749
73650
476522
251145
530242
162313
135097
517393
286377
345337
159279
228926
299377
463761
380560
479583
225771
454329
478481
200079
141913
202899
234600
523680
470082
162763
60650
328504
227509
82880
80512
110305
277773
265885
480559
203458
383444
177215
442932
400331
168632
427943
26664
230675
314467
120653
365580
76861
377356
384736
44027
224986
379851
354177
55927
122644
378846
144473
282454
338400
327606
349792
310727
412605
319887
205123
312869
102279
43399
305065
396201
447676
328659
294946
192655
332001
300647
533516
123373
527603
493114
465400
342428
332170
189651
382943
475632
238677
220718
29463
178635
277565
36067
450695
512489
367483
172784
527672
289742
212220
3031
393984
277303
269638
244620
376333
140198
277889
258549
24296
307695
343763
169862
144214
285168
184970
385699
322470
287485
336113
206171
442342
311049
468132
533221
84981
120657
108335
379861
305162
255044
181434
467704
468462
497387
142861
417542
315795
120820
391774
339711
34157
129904
250190
176029
335853
465020
286446
534670
209307
226334
133294
355285
306767
328535
137876
26466
74945
203281
311748
436913
172314
310130
193694
329473
147613
329952
74357
81569
111523
272578
431048
273436
89462
506430
32221
420291
478852
366267
129125
253287
36980
80435
139466
72886
288331
254518
225029
530480
150632
242417
36031
421698
334965
193328
343825
87031
399385
23511
418829
35016
274678
87241
382130
254579
519403
335805
406286
301343
453037
297759
313541
416911
449162
447817
147533
188890
350751
80226
400195
326224
513072
186611
90255
189396
454699
451998
421313
479042
455906
205140
363695
22219
231251
88199
291716
503560
481092
185119
251949
513164
107969
441149
13281
370666
385869
355365
177538
440905
459398
170739
271211
224544
272401
381309
39510
161194
371312
302135
182750
108692
30728
22836
105472
425433
299984
304744
200098
384253
146809
48050
247594
448652
402045
209734
506817
23909
314755
187352
398765
180552
173411
310102
458097
189614
81625
509070
325462
365721
341935
351241
316470
206729
21711
1000
340740
366396
123026
68459
289869
393018
396295
159903
437552
502774
1542
37721
126582
249303
192958
282125
76645
300640
516497
92233
491545
392567
406455
276336
515903
294478
509643
468218
124894
179983
439963
82955
440729
271780
97051
142255
444219
275440
8505
226283
8069
131796
510171
75423
482292
442906
333195
488612
61446
399857
47491
85954
530245
526374
519177
409835
389973
154043
442237
90209
241743
75815
348540
48759
265797
413026
69330
122069
295364
468688
322248
212217
393155
526765
129752
393727
2052
303696
443972
356085
215938
484256
253100
385949
155418
341199
972
299155
368529
459147
76849
197117
74261
241425
320231
488726
99684
182719
202995
121206
453180
101257
249342
58495
185615
57915
411627
421933
490380
92446
159490
303429
428069
500002
309618
290107
68421
452369
506134
135275
30185
304935
386537
528311
378039
340718
151533
319622
431298
200653
202540
533
142058
205346
46990
209863
123853
83067
447489
243533
482813
16063
80626
231965
73891
526644
297501
174217
458478
267061
173882
330133
480657
335610
31313
236423
44494
398458
305130
50562
494943
100842
84226
521195
444020
431677
197197
101870
264625
189861
180493
256579
44649
84025
527444
534539
392197
403409
90134
470668
308610
149268
330335
317889
315100
216843
297592
416370
293659
126973
13084
79611
65031
435871
494546
500047
306372
134319
133581
105203
269322
144262
385921
306901
65940
95968
297862
432179
183909
513649
318000
231172
104328
135451
60138
502972
192319
67948
164927
203988
107370
58132
431696
116605
305819
420177
269881
257780
386226
48332
230049
113801
133721
144795
353772
274452
188833
274437
397877
207303
500665
21054
310402
80809
260077
143488
439834
73037
416833
464055
308365
148730
450812
259479
254167
207647
156630
449502
333235
161520
399849
108336
174951
397585
274054
486977
199833
327194
189778
229898
280318
95473
359482
104090
313137
213301
465858
410823
450853
236115
76803
18270
168070
48706
464523
50779
154503
401232
384295
507624
476268
180764
187409
97352
263736
114670
26622
2238
207957
437166
191
332382
81016
178565
202206
291774
516640
478969
384076
350303
323525
510205
527128
122606
380445
79901
492608
361449
423329
390740
65139
446307
299351
461060
456370
63750
186907
164990
139896
463451
204883
81676
249075
126101
194166
289733
77271
497942
293550
298415
235490
335536
78031
98017
11371
226231
113846
287700
313376
129949
342921
130403
51355
137832
5357
466686
425976
353737
178425
157739
170851
150578
75268
290222
127006
168043
212489
71304
398820
527898
5795
459145
229240
38116
390180
362264
528333
493281
8915
257483
387077
93427
151436
516482
264727
275736
38271
248163
244972
353616
139256
424647
73702
369018
251135
235914
128870
341098
85649
157221
68092
328250
77101
397211
288550
37736
350477
493431
260151
167870
6864
6131
254459
64452
89251
113906
225893
325252
392433
346180
311104
2668
232007
54586
54529
279238
366324
267215
82182
398880
489915
506688
323127
496050
175415
16637
309860
454410
172827
303154
396282
45346
30927
363301
529763
438525
491292
401304
179482
521928
7413
62464
415254
231969
217572
183832
525870
88435
241131
230178
65328
494093
339403
134960
59181
184894
235466
7030
448302
486558
63810
140769
378631
384107
384711
525834
228606
64165
351845
27939
105281
19271
58488
450475
85468
407822
491930
441889
168902
235467
463787
489941
141668
362392
487724
316758
251750
439822
113922
153306
3538
39773
388144
153019
47445
410021
168440
143037
300469
418436
119808
99666
402453
343619
119434
391328
396992
165515
237739
449074
87983
257370
163745
305893
475018
232410
401540
167016
342652
411832
380014
97685
169896
8303
23807
330428
220032
98970
146059
441110
269693
530730
458906
331791
72922
169821
117034
283709
148299
177291
498199
239722
441555
317502
140131
102008
150300
489781
92047
10665
94470
508904
360115
350679
20019
386265
182470
340809
131683
94851
7188
298512
413864
247969
67560
284987
295010
443777
508412
338559
378764
37596
334142
431793
87941
317134
33768
112654
58492
182318
298085
466128
190269
39320
409651
317331
296624
534971
342615
195822
245168
22065
434873
145307
92285
526018
183325
533844
434619
413002
509798
455311
450012
513921
90281
462502
521668
243588
352608
34203
455662
253423
507532
408660
487483
114846
419325
458395
419711
272043
27694
73714
525895
90961
433229
123895
273137
485397
124139
535036
501027
451438
441528
47562
143133
403320
296104
29655
168626
285473
30742
129291
297016
477475
58627
378927
427540
434576
97834
95322
9931
477237
432459
204546
195276
404945
177539
128601
358239
148381
275810
464158
389870
475927
425911
241276
462055
211102
382901
259510
532492
127446
361900
373329
286498
400420
337845
118951
87280
440166
461294
303504
410785
452824
452293
71252
112130
207890
381523
242094
215193
89015
358309
439415
334645
519068
21254
504662
530472
295789
63501
218591
347072
444493
353055
219069
324291
189652
321166
438090
439261
374458
348473
73281
194442
308372
337294
176248
58426
221592
56980
304375
442444
487811
56073
349441
486011
382210
379295
524672
9215
421286
63626
308057
199977
147240
180907
211437
75527
383035
253038
523257
170130
436463
401692
293387
505429
481658
239844
460863
99716
482432
464951
372081
323813
499119
428007
241554
396061
376830
251292
137005
439702
429219
75885
233742
337584
156377
47396
94383
432177
410464
109132
489801
491740
520705
430218
166567
327402
494552
276686
339905
331445
528070
7027
259372
104753
535249
422786
136336
290392
185946
387413
210496
437671
38479
60722
285079
86154
495880
354166
316374
105576
272412
312986
316039
39820
43537
222659
423456
106958
262296
104235
63851
341112
128029
93776
204150
413620
486693
350339
430420
223700
287560
327046
317965
404527
300546
479672
111638
80325
121472
347600
501502
273165
424376
7019
381275
158937
294178
387960
206744
25779
294408
145310
195991
452550
64543
423129
166211
296169
26816
461964
265149
355491
109460
346754
173603
217776
89837
407489
450013
239639
473819
261978
481309
356007
479313
241198
292110
383048
207891
34381
48484
375191
259453
316483
319427
517521
381420
512127
241745
65956
173174
87757
395999
125722
18224
270809
439832
240689
285151
88205
363306
349459
238311
199133
236058
79742
228674
453621
321016
471888
105176
425083
358070
497968
464726
501201
460589
113506
468040
418580
27527
92008
354960
83503
210342
513174
162202
398865
507826
350279
133961
266098
322081
128997
264691
187631
140348
519470
518843
394018
275936
404991
223728
120392
324799
356687
396713
410151
129258
213655
44928
5
484453
317174
121615
168475
158029
243453
406551
72022
138753
92319
263682
370494
2974
483272
78531
47997
530727
99972
168243
477323
491012
190964
225886
356689
375501
389482
374536
520072
201274
9961
307031
418462
476081
315464
432797
459758
342847
204379
367014
288017
484187
340320
427807
110875
326364
317968
16207
534696
496282
343861
198677
494029
336974
364235
26672
453418
189304
192405
49818
445664
259491
57652
253333
236266
66864
145241
160829
502531
66325
365092
495741
138849
148222
291356
517784
262133
211510
13879
263488
15678
105794
860
196211
181990
457960
103946
371010
470586
91365
62751
531136
494533
464372
333147
96133
87435
455834
399173
207849
187845
431728
136296
128474
399344
484284
383563
150918
467683
518414
308764
58823
383500
25303
206230
126484
149147
41124
128580
297746
288809
318419
386899
118989
270186
209867
361480
422615
356786
409858
414044
191381
222582
190545
350950
498073
320017
58059
297350
493401
11300
86345
1204
97984
131776
286488
107825
535652
361793
118452
126382
117902
413497
487677
616
193505
176220
364282
25526
367785
305725
31941
36176
352501
230893
117248
323528
82460
261312
340135
147160
259945
321409
418182
507070
298311
182002
469162
230472
119120
261163
355166
382006
210754
384318
286061
336739
414116
223486
370849
405486
85371
341413
4573
66839
94590
481192
488764
450675
365421
137768
69492
201702
262692
407790
251164
384573
249399
520678
441553
129123
441132
132192
295137
31913
429340
38369
392242
490963
342482
138645
187261
116586
125529
383679
521242
260293
308170
432400
267199
15070
524911
166788
359522
117861
213454
182700
14815
426932
446603
480590
386764
505736
285339
421752
194194
307623
211704
409108
388914
254826
394967
209937
125112
137996
161202
240213
44576
1830
331575
401385
60112
132913
178517
302474
403406
410321
487353
215946
435203
144181
96721
151370
183578
360675
297213
128018
508512
105886
365655
134542
166123
72245
190444
7758
258219
2720
388394
279900
231333
207657
407245
321911
66214
306212
155618
441202
435791
201703
133874
396772
261967
317272
248834
293013
197041
280353
259215
473576
293302
233673
244554
256571
193368
22388
120389
444898
446889
229566
422571
531224
452311
395393
11709
343205
462954
451523
122420
416561
215141
453043
345124
333426
347630
278011
303905
141399
108178
180113
360565
485399
226772
173188
270755
241776
398196
304280
449511
92016
374423
210030
392527
110034
262351
317233
421847
251388
280687
449762
164090
263718
250508
424564
254928
76878
119444
156602
249557
210203
530956
324271
427143
529990
204015
244868
431993
8005
75635
20843
227255
94549
471575
16389
226528
264059
254787
53159
20899
439606
313861
290153
99598
166284
84541
2054
104098
433708
219450
365988
490039
204797
134527
302243
112320
256158
480745
73379
441430
61001
185496
451228
149371
173497
126547
35087
139023
224555
315832
505098
74939
134639
477700
140804
227268
363542
317609
16054
387893
262736
281157
58528
205289
284950
264134
31031
271296
247040
99137
251350
432072
40643
527880
347449
455912
51802
162895
467556
362656
254397
289326
341241
202351
345194
24069
212467
358306
395660
481298
462100
377599
103884
264470
458465
51983
209051
470554
323084
32177
498889
218711
478945
84647
2332
399619
133252
18753
379958
5131
341644
528575
169609
417109
213536
122021
212333
182498
188411
294156
121516
463433
510812
497428
189000
228549
202620
173196
251704
251882
65932
424239
169196
85208
525745
503884
393347
4126
321486
212686
42219
398423
513312
251188
22997
171982
364268
257131
151848
52865
450881
70757
301400
330115
138226
442390
31519
95991
303975
298344
142819
356429
328639
218145
115643
243820
46912
475040
370431
292091
4166
272152
236239
267158
367404
299821
127926
459033
115210
479403
55474
323342
454968
506141
166356
463529
64218
27856
137317
212387
389215
463189
491615
71571
115324
164263
332578
371288
9230
57317
68394
401719
489180
317794
457154
499460
284261
296593
31605
362065
179242
325841
78077
327267
133308
112283
226683
66477
456036
436424
192700
104556
50649
36175
467107
157511
306417
147499
165099
466307
99563
494276
150916
65704
300568
257260
159299
97283
106165
131973
117318
11232
43577
225036
79750
8920
480584
177193
237120
503933
171134
299671
530698
470794
208905
302141
126528
132825
454393
418421
133556
76144
74379
185662
488041
195743
225327
463357
105859
531102
464863
144246
202456
85304
4679
432659
155672
18158
95281
338434
142469
246886
450494
415342
363754
412485
432654
383183
134505
72076
157483
42660
435966
38904
289142
125238
261702
186175
369178
40071
280792
308212
229081
4329
398148
394583
230655
463832
418281
137307
476017
383069
147259
52232
213049
515999
2597
253771
306137
117046
93746
389546
284096
8135
502455
130866
387230
280790
460030
45875
216599
191660
240425
3593
289444
240257
146263
371352
495212
513953
265155
176494
316400
515091
4134
209197
386315
258994
8023
252985
123888
130286
253964
321038
140492
131956
318583
365725
495597
444537
367020
407864
225608
425241
182693
419153
324033
492911
371124
279866
28040
236853
246048
378437
300118
508768
52735
217446
122620
512075
233214
378503
402472
175054
301969
52678
75473
84328
338923
443336
427906
248226
185237
392582
289955
334272
84386
385755
5205
102041
325097
25933
312709
126456
281265
126298
489868
115269
357537
287177
317020
461471
15784
93713
433076
316170
526226
221217
232509
439739
111568
266955
107314
87035
501175
197606
63386
166206
152034
170210
363039
241015
70728
249335
406750
296905
447939
191894
347215
87232
413063
250143
266424
489993
181843
147000
130412
426441
408480
438176
75307
210327
180188
164507
121090
68132
298880
171
371629
291932
481168
87499
507475
490919
493103
214474
489319
386983
273924
452304
386920
459241
499756
216276
30414
138059
530718
232700
230970
82528
125460
55417
100908
8858
145644
132725
89593
94399
243969
156346
79363
26580
468083
153129
342620
157400
185127
472517
172336
522120
455440
164753
68878
100179
437632
527526
433073
407980
458634
20666
437607
511436
302849
193983
160189
48184
352294
509201
304510
234984
300173
337962
305807
266647
371510
333701
420190
244946
469820
61201
159047
61262
18462
294808
503760
512522
506544
385774
271185
529719
71298
158124
344489
149069
11816
93896
288726
208689
181529
137180
228570
469532
167041
46668
503692
292205
76737
110306
476614
19
150893
367855
417487
320734
325927
342211
9677
117263
492357
403438
462015
368431
77828
246389
100912
475252
42459
50793
86451
407716
65566
107186
258121
397565
327131
514010
170507
312410
410266
40123
449632
343389
209266
413531
102801
467153
497839
84313
446886
220105
165943
387376
373961
321405
16679
460018
504986
314831
39579
299
59264
216868
403127
418386
294243
222362
112974
296414
159018
497126
487558
348717
282750
190150
62425
101284
119531
475692
463442
500428
356548
213554
180876
405184
407032
102074
63407
278513
165554
19089
453995
452289
222353
484097
236845
427869
81814
454156
281160
201741
176782
626
59014
517737
373924
473533
40917
168181
447533
436972
214981
526484
209265
487226
367811
403030
239689
414646
411753
464232
75058
490269
213128
352741
116968
464534
199309
331133
398384
207331
138687
184199
294448
420191
346099
257869
378228
45255
389985
152195
523444
469327
5110
260446
339283
145540
137001
186261
330195
509744
138531
177163
225553
330648
105948
387188
368340
159404
217968
227745
229403
73907
365823
490415
256635
150495
335619
254858
420572
482010
181884
90085
402968
377509
434180
353936
369073
144316
7419
517392
66004
502916
79027
24900
240710
294125
181909
462325
411743
282777
495926
148556
121176
308935
212854
344190
42280
175922
382497
432620
364353
376663
359026
506811
65402
407789
80768
445852
152503
295122
255190
147745
490411
192123
518352
173744
26115
526175
413742
112664
107770
446844
371231
428097
207076
416797
422883
255071
85490
93467
10827
463860
11282
525643
402982
469564
269673
355740
385193
325403
247117
37380
414307
163020
134020
451707
309994
384700
102371
62839
197240
323319
357551
63458
312330
54553
346469
508233
174453
368782
463382
112845
212426
487996
442202
140159
317824
524158
321795
170874
124039
330267
490803
422458
522870
271650
240878
137465
371401
218824
146989
267263
316811
263146
57558
179023
73923
316277
484728
324785
503767
466982
316841
202805
221840
165962
111848
454623
353190
420223
515277
103881
428056
211529
49891
58864
504258
283118
257307
416846
56403
330100
31252
328932
103174
439338
309582
465401
26235
449344
249800
266187
39945
43157
350066
521475
46599
126249
375464
292484
67434
152641
399870
179823
132062
481820
132173
45332
71598
110807
82776
525580
460029
133306
44069
118234
304281
319772
93508
411012
314490
21828
109054
259966
272716
372791
332342
113589
259976
331490
150287
315767
72495
444783
337728
54536
98949
187012
351957
464717
143721
521181
65580
62913
204645
88758
307365
326816
307481
46449
504116
80153
170588
501886
479298
10602
307232
67506
94816
254222
77809
499540
170522
455617
450216
472361
254994
239293
8904
95722
32681
448521
148022
228390
485303
382155
202733
108302
70919
204779
155540
455741
468578
104998
350100
374922
388618
333975
153340
96000
375582
358740
364290
261465
522122
83353
533779
533999
389276
52976
389894
462633
255367
487060
157209
427644
140719
270196
346457
91506
198862
500620
335894
533095
319956
209428
434882
309362
124383
272062
144853
102953
21424
233951
348639
22602
182711
475195
404054
359708
32006
229478
519308
499103
384240
509030
280280
369283
308658
240399
414362
457629
221628
503363
489426
63622
479334
515643
517015
453278
349180
413192
155011
326351
440611
31487
442197
362943
148187
92870
486248
30090
142714
51250
454633
359907
196944
531457
526220
28731
422282
4079
505091
480519
34188
31122
231116
230864
371407
92489
488016
170478
273781
9906
335905
212649
41924
271913
357586
9137
322983
348293
484996
129497
136353
258696
505220
161251
392807
523885
35400
479005
526008
355659
530887
202520
435441
326442
201763
24590
221943
93014
395895
31094
313383
500355
467114
494748
265229
416456
188465
237493
219095
223786
346089
58494
248535
512962
102602
429012
299032
292062
348668
220647
114764
423183
193219
24089
516174
535867
480690
176405
363211
185547
416211
83488
418238
347692
19516
479460
481500
192609
11913
381212
396193
182087
340257
421128
469201
448927
401128
342542
172572
14906
326653
142564
215352
404209
197423
190630
367246
493739
507640
317726
93902
89082
524982
257245
33895
454388
204616
242219
364309
528361
170289
388665
100139
25447
484106
55318
245079
107329
247605
409668
450476
459000
374270
208317
205203
152245
535236
133207
467593
495669
179235
131647
70289
514063
151555
20776
292638
404901
39505
324804
275729
156786
435232
136013
275716
180214
528365
225562
264422
255491
256169
84858
258154
282165
210033
5268
400764
528159
369838
451156
294050
453912
140512
414427
475766
15089
217062
534400
23529
401947
191618
306677
413925
169943
110686
525552
151827
146891
426920
304807
99575
361533
373702
232493
476053
385529
454520
76517
30106
445442
30202
293415
18187
144037
201204
53503
374350
47943
287385
56413
436447
16717
176570
63515
47928
474756
389814
316206
511010
252171
467136
359539
116845
534230
148836
269179
469661
214661
13193
29126
248728
216070
46850
271024
303922
414621
233037
251012
322357
251450
396387
157405
19837
430870
90648
223856
347643
109478
350623
64561
257396
283133
234376
530206
166813
133925
259779
474015
408307
233732
460570
62988
123157
518851
373691
180736
288913
127808
470868
329510
233830
333188
325777
305491
491319
148982
86901
337305
380147
193543
414003
229239
100741
239972
349958
512355
535424
396229
437831
219138
28017
22642
64632
202640
185362
362423
511728
41565
141465
527644
140212
197341
509079
81381
465504
444630
216815
160104
213511
288707
274390
270316
286819
223197
424947
77900
16137
96232
77908
190606
179792
364029
95810
454018
221880
98093
358031
101594
267880
162143
203903
286647
287366
507809
508673
104451
534404
270745
395703
359847
221834
356837
126346
373556
172485
23559
57000
497326
246311
87900
298698
362005
251574
387325
236936
402168
460336
165249
341550
114773
375142
133790
343767
221448
499324
336610
421250
445789
136705
193379
375535
144053
471411
502898
195655
102607
102212
90205
250150
321694
86657
501385
232461
517103
514500
455845
84628
92534
93146
451314
21706
64445
22611
214990
482039
103464
90731
41923
74714
391001
8335
167596
298335
125083
232194
533016
63181
184356
403425
406776
163267
286655
336160
142520
281546
392668
319344
227330
378681
191591
507252
89641
464058
18957
213384
191959
69926
51104
223033
479623
246301
44520
456114
384980
102740
367464
408274
507421
369945
490736
35253
87027
290000
63300
475088
49373
181110
358476
148272
34114
179087
509920
134363
335496
104644
432001
239779
324610
406021
17445
316683
133550
230944
326737
24094
309845
318132
428211
229017
138769
9106
245924
417802
219810
91176
520636
30947
72326
448704
325543
345164
197229
485733
115027
424186
66605
15223
343847
331154
160314
67895
64749
80917
166093
209144
372648
221163
395386
426269
147606
311783
321952
332678
84235
125643
423172
25523
233365
378849
5330
523261
249019
8507
451434
9377
395412
154695
218046
163613
467328
123347
422103
295269
7874
251462
405897
21414
334311
27723
385876
81947
396902
150797
176077
330114
160427
18164
311305
295834
518870
220850
259831
129058
180550
516435
324837
3312
50140
496224
446828
272200
473253
363988
215220
300988
334013
27058
35013
240037
446368
39607
312041
24813
394582
532632
162764
61452
504891
245538
260150
385356
232050
358753
435923
370150
384560
268879
363402
353371
419759
72108
72992
211813
350641
399188
70157
382733
293823
220314
417833
280168
326451
487180
115531
240210
322260
102809
128312
24888
117543
458856
523728
62445
11009
427758
166445
452040
351141
347451
434520
290644
502067
272925
529843
349921
465340
502457
168731
494191
17809
17189
368943
307876
183420
468631
132219
17211
9601
158516
375144
197075
160641
254536
62868
40757
384897
142317
373783
94786
27780
352118
231745
430764
402127
218637
173841
191767
180725
69070
244763
273324
158658
401449
329791
326960
77667
27692
5906
206225
71818
367126
285198
502478
352356
369741
110160
237236
495501
391185
258571
55776
131357
314416
370010
372148
412731
362510
176908
119678
251747
110302
437931
109433
123239
227703
295897
261523
61398
222908
312935
325055
337420
515705
420179
173364
294277
135052
23428
355840
483345
376407
204627
225727
26114
208499
518524
182366
73532
414087
53668
433439
283500
498816
331312
240707
133883
55583
119909
286306
467957
236768
507719
274359
434404
435571
416257
154591
201682
30149
419300
477838
203749
387756
126839
127075
51520
206792
253920
397731
77833
410042
256876
12249
447654
182461
254600
4355
280997
69851
495625
76317
508783
247030
18054
510136
122027
341899
193191
449009
204194
371599
364952
84048
436980
67879
403701
235886
269596
307982
459140
292525
105904
204376
377299
332273
261419
271112
384588
267268
433155
515013
152705
157820
363752
130155
25922
232245
1432
441609
243272
11670
10814
67996
42082
91813
513691
417828
113523
95763
112391
36763
502006
90413
286667
408416
297690
112274
290638
28098
362998
309054
140425
384673
378701
437956
187374
217036
17925
165925
495706
291476
271663
244666
422468
295594
395716
14227
456276
464864
448889
108679
481109
511794
232018
45517
450461
373070
394736
433297
219384
435842
168392
22193
414268
259443
192009
273369
1892
509197
345305
25920
335076
249456
131421
205604
17630
104975
120502
389647
39148
23171
221727
190607
62903
283581
501981
149350
227793
468283
504849
467941
16701
212089
258962
445609
294863
272460
313638
176317
197405
224177
520786
513995
454493
480374
494362
351042
477550
253248
372459
222815
219575
459255
452079
274778
180485
80407
432139
507597
532881
79521
360292
33513
528971
114199
272525
257468
18465
506448
324148
495867
31305
214548
520099
444239
162678
141437
93210
490235
188884
213514
325541
106211
312623
218286
299059
414900
501912
65288
468237
383715
289061
407260
456776
368031
375101
255729
147798
253677
487405
76430
311645
310380
423355
55446
409786
124512
77569
184536
406017
467097
226744
84131
367057
249047
181305
110009
26119
466931
228146
442798
506415
505860
239474
120940
131504
271835
468986
175161
113164
37624
236552
470494
464369
429165
50212
242801
460669
118218
296547
149132
156779
395760
260795
109011
265256
31644
11611
261507
245750
239611
337775
497094
181591
317756
412937
470569
156424
516733
458837
261135
286247
148786
386008
442035
226691
353855
423651
90609
63880
346006
468351
292537
124381
189256
266281
364500
301297
253636
506020
43908
323044
258864
391553
196378
53864
94190
57093
485867
320260
513507
419197
311471
234985
265963
461227
223892
528005
173393
74111
83526
65570
531121
187756
511193
384856
121576
251812
444894
400453
387626
376838
480829
156861
255742
56495
294337
412032
92441
269790
328052
356281
108927
396912
312067
526754
435622
148443
368037
13795
115826
389535
228151
229288
415708
46922
382214
23907
296611
119757
162782
489476
124515
46435
340266
505287
116286
503748
174484
528576
294219
450736
46373
481646
198226
191504
510893
223594
127584
286497
272995
360017
41290
143559
131870
337777
405174
232598
109978
253502
358173
374055
263832
306024
516087
69317
349630
431507
4428
455512
253991
449007
451039
151042
500072
285062
220326
66961
384933
340053
66126
239488
364871
144830
4790
70506
381654
145620
242851
467179
191807
430926
317893
372788
337145
471358
528252
21360
452434
435906
396385
352849
421936
266240
292054
325769
118330
310936
188622
204698
163316
41794
471313
360724
50281
118560
369300
166441
173442
481013
494475
473006
252174
328464
237179
465009
473013
148166
535738
161314
477401
187040
349580
535263
34947
298161
70335
117037
84617
6133
351016
365277
118254
331571
350070
374570
118297
44579
262955
412505
183856
350604
191248
44332
240430
125221
52271
259790
529457
384904
455314
81353
289037
417369
100747
112688
426620
155412
376222
45421
451989
470739
503462
16688
40342
325964
212748
320595
84108
425767
113510
295861
361005
332488
473862
304753
445994
338318
360394
459190
472762
109781
87803
182307
28255
291809
508474
350980
474614
205820
471930
49006
205156
519687
460240
213893
417756
504876
468209
512856
158999
472490
265743
201469
24522
213867
156512
161586
177324
462809
398899
230808
120678
264352
448816
455567
11355
225112
26463
437428
363572
343290
367558
53320
107373
162623
273184
378071
490647
310828
534890
260532
287445
39426
7791
81939
243809
314655
460392
41182
359195
105466
266276
365206
514687
241408
492216
95667
310188
343119
387932
47392
242271
328329
418816
535987
148071
234961
358522
274467
394068
386070
479299
470774
252035
10023
51910
489833
451732
475136
335503
388466
18208
320427
177908
205645
460342
316342
66775
464499
1679
347597
63765
51407
270376
476707
483846
328307
363385
342786
174624
257259
322556
495802
206085
137854
186121
489122
165354
49512
287083
9374
307787
525865
535501
84503
231022
22104
59401
118176
522803
418107
465434
399753
240432
487526
24275
350120
449637
132681
506336
498198
462137
195167
241372
350366
289957
170881
469274
325620
63943
420552
285522
128203
512222
125226
374456
333564
50050
389342
480084
225678
474221
423953
144123
165170
31855
342413
456962
451157
518115
400757
281485
355999
515144
496012
106996
330244
210470
477465
435240
67450
427175
527545
373309
142114
475027
18924
136646
21936
2699
151995
219147
100532
494968
226995
222429
255685
208855
374869
196912
266652
500947
27007
268659
60780
451169
71685
285781
75780
318309
282707
435184
524926
60738
373158
114245
81721
238863
430036
348736
279013
523858
69429
230621
357200
482074
472850
147592
264054
89023
362791
351215
290024
392907
428444
282321
255196
432144
372795
130849
46252
344396
131633
174651
282994
532266
220698
122167
36786
127898
248947
221305
188928
454826
201129
513664
259477
252116
495318
522610
419507
68324
207716
502097
507946
298429
255376
360632
367422
385669
150966
319669
84748
132599
31231
158126
340439
352850
394016
493762
390942
523636
127258
367862
513390
56480
441365
274448
99966
349899
476825
180568
320905
7490
463758
141330
337615
444805
1408
322131
392342
468130
379981
358727
78475
469041
190640
365162
376970
60437
41175
351772
499091
45819
409557
268436
428731
51875
25353
483824
439719
131403
212832
308692
305728
289513
486522
280775
241879
426240
352471
434835
335512
420769
133287
225867
305198
154771
256955
313891
510956
459244
288018
458908
393663
173628
330869
6276
454275
388833
131139
453879
174426
480411
91560
242405
287779
506272
401576
393855
387576
127044
489788
490828
441340
319932
233129
365025
362257
236938
364636
25450
240567
79016
488615
486277
132405
281835
328078
336358
153881
255655
142797
41067
252735
513172
163087
277380
132034
311509
310485
75352
324097
138559
278014
60619
58298
370300
188643
521437
107092
501632
303695
40119
411713
116544
264398
260862
305999
697
6335
48099
297566
124034
479896
489506
20869
117156
82902
488917
54294
74115
311592
494938
504168
289050
193057
351260
382246
91966
160434
91007
239751
410052
207368
95442
135976
271331
313828
340783
410341
7793
235998
467146
148566
422294
205583
63202
240450
202969
285576
248971
202621
207128
3734
83501
137172
42320
495538
428207
144802
108894
403766
414277
130168
63811
51874
213343
4105
527080
129490
5160
140030
152944
137344
221502
231848
529841
389230
361689
277477
29034
125176
185232
437046
131561
387948
62434
527360
402838
445314
380971
509667
49162
110426
320558
131292
402062
480113
181341
356146
319801
89069
255972
77585
215881
320105
457073
172565
472841
90646
102769
318236
118510
212297
384432
50059
387583
238757
150318
404381
498150
416494
293079
66190
96796
400002
467784
372156
63325
231682
187992
275226
253713
272199
129246
180678
421864
107123
145013
180254
298957
458618
40701
71768
321010
400460
272765
472694
435954
293844
364162
248594
499398
26888
209481
52638
92895
518161
416806
332537
327020
41313
332434
373439
339848
11267
254517
346899
471154
503857
229594
381160
256863
267487
436784
131766
214724
348364
252960
264873
242107
486312
354230
196204
415340
439097
385841
525539
425519
94180
11703
139008
206471
46591
491763
262720
199891
11946
457687
86369
515455
379260
93080
531245
436014
209414
299758
530897
232719
499361
148418
238146
213791
306555
199556
163092
163454
362137
37072
470718
476102
82787
360039
429246
526441
376998
330666
381149
30089
511443
73018
386314
257188
85984
128213
23845
464332
482131
333852
129634
27087
114382
507479
276231
240196
249568
533770
15568
270588
357004
356157
88859
524531
31474
160404
304038
207705
411031
249623
475826
9977
517329
505548
13968
269084
391410
22859
193404
276779
207556
114778
71789
250712
48323
201829
62754
144855
289811
182834
361546
480126
20123
212273
407375
164904
10306
126103
137998
13512
124635
427287
292084
191597
277931
339111
514304
207935
400995
441305
412459
163538
62505
16268
502381
486171
519639
265643
123897
64317
405094
354119
58709
508297
74328
122033
340248
277378
72865
423186
245178
143440
204100
11468
368845
64443
22638
67243
510166
32286
341286
346023
383717
71098
105718
45817
378146
401755
195876
476513
449583
249143
73671
420894
402117
443387
262168
5038
237619
376181
349262
358114
425505
347849
509536
226058
333711
50442
164485
432743
484705
240982
281426
512292
354049
30549
86088
184346
419667
48643
406419
129810
474638
327487
42559
50082
228559
336455
324475
307111
207815
350397
369976
191859
258985
77105
464914
254433
261195
439538
61927
534504
367321
293195
174319
249390
285877
287234
238061
200092
250392
436054
496415
1555
421053
379288
101535
339617
486637
153590
418192
293239
123351
333028
47092
160793
187097
39460
239662
175957
256227
7486
108067
118857
305375
273595
113785
269679
94397
340161
451429
325259
239517
524213
263453
188212
385915
436624
155244
196773
326828
196132
337391
63064
113908
370278
220695
277933
103280
107050
243122
54388
168796
275430
449673
112075
264800
334522
168147
174086
517117
419365
273215
237443
371855
332715
455395
480160
42213
449489
450905
382661
309886
301449
501039
233989
445369
293078
126459
317273
90523
81028
71668
126242
266504
62465
438046
164697
123751
201262
186594
84825
44754
364389
344186
253692
228274
288104
21467
505054
112573
101259
353412
376025
295040
192282
238037
112659
172961
393008
351879
340957
240225
203415
494158
197292
521901
97609
512246
424661
220151
526436
357477
165528
57143
71865
374991
375855
494192
531347
105578
369292
326728
324243
439592
244088
235858
161212
26451
461393
220646
226822
6962
266453
369094
408610
495735
244810
262590
112822
283648
323578
298264
88581
349916
149256
318919
404349
109229
203902
438920
488906
80801
168891
302444
156342
448241
423430
302865
446249
284407
113595
496758
124986
340261
18365
44434
264028
194360
230962
485934
456398
42406
511335
471979
413204
422056
89748
511113
123171
389358
197124
343576
54046
351221
135149
205134
189208
377621
164999
34391
104831
83000
34404
182042
438240
54190
468580
