169389
39276
184701
232146
303338
226960
168229
382365
462828
354098
410466
44792
277755
308915
387647
54400
350090
122217
482200
254416
402548
514437
29429
159710
498913
48377
520345
451826
284588
210675
119083
432327
519467
162953
511474
226036
114726
110577
125129
87253
362279
90555
151739
482620
213018
250203
169141
271242
194158
64256
418208
382009
417423
484195
525628
484307
343900
405576
375085
277794
297145
293637
158862
45139
328704
95486
103210
80092
450122
36016
304677
280627
295165
482144
496632
103248
385295
296248
345042
523172
508457
159266
218943
296709
507761
107895
228673
452326
343202
362894
402466
515796
10442
49384
286634
113776
439742
261521
38291
100487
272819
278314
299911
52446
451291
348390
385799
510057
62053
195144
354139
475761
297747
17371
162853
397264
199551
365857
290348
397692
520098
261683
434624
11924
168890
135532
447783
40282
91325
303885
475486
139826
385611
432269
522989
418654
414785
197668
519918
315545
348772
296126
128524
333305
24414
231311
173299
460301
485819
530963
108961
507047
218265
205317
324181
190795
246755
120545
29883
126209
458046
168109
99448
29977
34915
178565
65643
527319
420602
44817
208948
454886
439906
303401
220264
309037
390447
407284
383418
452574
166393
531103
419287
90739
488426
507500
208023
349853
185035
373911
19025
422354
168429
160097
300489
401318
325426
250463
226040
437223
9831
330578
62229
343737
87916
170310
163320
332989
410990
378515
33302
421874
21703
224530
198060
272203
331266
259772
152197
327126
400744
110549
433109
33746
153048
89113
498073
431349
255716
398792
441704
258495
309242
456497
14234
162851
131198
86273
366747
471409
460128
445377
211183
399647
107689
45960
63129
517578
467447
380854
60519
365748
229532
507188
506692
216709
191477
284696
69859
6799
358791
179665
504953
467527
88633
414950
235268
440998
533395
55242
183954
209828
320316
153045
98133
533355
84638
221599
453755
480816
339533
404256
53457
203200
247761
54643
471734
97522
525174
416563
358066
144384
85291
475813
104192
181737
44246
500313
402118
494769
345705
376751
172424
214386
426471
184983
369660
62281
2378
401107
90009
143540
197835
408257
3355
520549
197157
165887
173189
392417
398070
206276
102978
324665
41717
16647
155646
14520
163878
37151
219763
270160
51619
501010
99902
38094
307733
298992
288454
510715
90008
429915
410583
201047
13404
60247
422655
443724
523549
62994
97377
50352
132423
59144
223939
177725
316068
64157
205467
525736
221937
488042
353890
510003
90738
284865
284129
16681
535798
169251
180988
171440
7069
21508
314880
155608
180746
439409
57572
417134
387193
144020
247826
510960
183825
462044
127380
239179
289869
147062
82248
364998
137941
29749
216752
255199
385508
151318
260086
20995
522753
173894
416565
348565
382955
329929
320070
360904
478397
43861
385506
234036
376704
320501
54609
450907
534569
207662
399047
333443
270739
462642
284014
84177
289765
261332
474429
54018
520951
191109
324190
244040
158630
371743
479206
159259
186278
309213
25190
222733
514922
229117
84966
91405
63605
244296
238698
98734
79685
292851
26483
4052
22394
432490
65974
267075
40995
35633
201166
470180
211204
230142
457093
171396
246872
448243
7083
294908
290337
119827
51027
312396
201877
231692
289231
55098
506949
215787
4819
517631
218492
331084
454274
498752
529581
123570
108195
424124
530507
420462
316347
258160
495208
303186
310415
271590
95601
138192
374406
513724
