382476
399244
278071
219625
463675
190358
341334
56218
180245
504138
456443
374554
422227
69066
204530
476649
519667
514600
95605
416734
532481
223843
29087
10500
430247
513751
237788
198515
100767
478152
244266
175700
191609
379981
523867
189677
256470
158185
8780
435538
357741
409392
482971
84506
340220
372295
336884
263696
597
235182
24816
224198
457127
233142
182923
441780
114250
59207
216175
46956
401300
471504
400201
81353
446076
432813
406866
436286
408838
403147
77770
440845
38966
10483
522997
510859
165120
479696
151161
356205
383696
490632
384065
189810
58671
507160
453258
339717
415976
45341
146404
179579
295569
76864
504936
83925
241561
99626
137894
274930
224083
208018
516713
470523
115342
329828
28417
73675
483348
38774
331518
132053
342077
43750
3603
37080
164127
165011
316966
241661
529992
337715
134520
413529
508047
71884
278224
193853
484523
39433
423268
400210
281347
475881
492190
407395
230984
314987
386392
1788
433129
20307
429919
141926
362585
353571
450891
427616
386289
503561
357166
47753
166268
496152
263527
114323
289024
75199
162856
3672
417610
409530
129700
466743
232057
309288
366809
275316
206840
526231
531133
407090
402890
283847
399580
274229
395849
120856
225218
12698
42767
166331
461742
88075
64624
474731
260543
283840
482449
182306
469975
27163
530459
220822
71335
439018
145549
234969
21758
150204
205823
380682
97779
522057
119406
8807
109508
16063
118206
240136
523
303194
215019
479905
52995
116303
330327
121511
100142
442724
428666
99484
452546
97273
199171
157607
74106
455900
469637
329026
134066
339824
427641
508088
106229
474983
164758
138848
124769
193205
25305
459706
190537
489919
345034
267057
201229
500070
98735
377368
231115
317545
142800
56221
504308
84417
255854
139390
334581
176969
500587
499063
121980
51120
500829
45252
255057
47890
437806
416967
490929
34047
345852
440710
305863
55940
274698
326211
348129
103571
267973
172311
245493
106724
320929
268636
3247
137648
511069
395157
428203
495387
340831
270946
194240
283188
454798
426021
519326
147669
331232
75655
178796
300916
246197
393488
351566
11977
378439
467117
502476
119119
513445
20370
25563
129602
326665
456352
452105
522715
506607
61022
152815
45859
259432
526097
14630
25605
443160
2380
210582
524671
429644
166503
114448
200721
174003
125092
41255
507032
477397
532833
479918
394911
272669
49230
470856
104092
35767
31372
97490
82357
41015
321915
76253
170490
400906
22705
455951
98578
414524
261204
416803
264782
237459
296089
256888
52089
396227
63548
27082
527257
483309
153660
376453
93275
196431
534819
75117
232366
179867
176219
438015
119922
442171
402305
420761
186295
446082
323832
288673
414458
516642
402113
45833
292682
329719
207338
452684
375810
478014
142963
239662
346863
223977
442850
205271
141629
215508
219814
194277
422403
404064
46665
481210
291552
326660
178283
506961
320922
316430
279930
424918
134102
181758
126127
533325
373715
116062
487552
305341
376789
162046
153651
66256
73608
295344
63373
527849
532579
420131
494509
385349
169521
358926
434979
412282
503342
191994
211951
499559
470704
452798
119905
76316
102783
320400
241148
398646
337241
168826
233325
276314
534304
109701
461639
143802
453741
270153
10492
290767
534767
481065
511812
122642
366391
122876
366554
399762
244894
201411
41936
374761
105612
218317
20506
383356
81006
259841
54124
379205
388121
511661
404146
515151
209850
148047
167042
420639
18417
54350
406115
465532
210471
369481
149608
288324
173046
334269
166107
486098
399837
524349
302616
461604
137080
230376
498567
53478
41949
313202
112829
280468
487439
367694
58723
114602
147987
522764
62182
433254
422676
408668
371990
463089
303759
529930
137446
102377
189525
24431
102850
485775
336711
426541
368607
201149
117011
57105
514558
147504
180708
231263
125742
53297
528402
312781
226452
206426
176013
343909
483006
438054
520696
222111
378545
241149
157506
302759
441896
289734
452925
150983
240355
324745
112580
249520
132587
313200
304542
67234
401659
227619
171968
269207
475595
302967
434468
458694
364876
191886
226988
217780
66457
425135
356051
497830
388023
209136
183504
524574
504523
518530
147259
383087
258982
492288
522890
4159
446054
38181
136692
153136
202151
415628
298711
417227
270854
512081
263925
433886
101217
175025
491826
183523
451967
260668
89488
225469
243350
342587
476652
204583
78477
374117
228205
245153
181240
304793
375353
88652
143003
490747
363145
69766
59039
27251
275396
152200
236485
142968
276862
446142
251529
426884
411265
140312
58335
225778
337293
223055
6520
437925
115132
490103
257043
398356
315852
195019
359177
334607
510074
149319
373426
254400
281372
160628
219843
67103
483370
190494
132522
111302
418869
454915
167993
485972
70983
323631
508217
326735
257096
13735
126703
481691
528543
189135
38360
73805
121543
264989
477652
293713
50529
140368
356801
455761
71076
122820
333159
89298
207715
325349
535406
141941
417917
382050
341189
344838
532020
534145
138883
64477
94118
405681
95254
517089
135952
289835
36578
250628
10962
514948
195337
175465
402688
300503
438786
366331
162040
170351
426683
21277
374531
259861
204962
187656
411272
258012
84379
493513
451278
213313
218254
51213
506271
377377
478836
421602
215145
70958
363798
514995
236116
438850
261041
1407
500853
205770
443700
290438
323947
359239
189763
385467
303701
23212
412485
222847
232770
150838
433298
197852
7837
404907
217556
331079
523012
261827
503248
491261
339385
361783
466086
294701
235057
144304
259451
383561
2966
191355
81297
431354
216743
389431
396196
369636
119615
222923
294761
474516
228651
473759
86303
99302
163953
114631
45815
372221
143544
384048
195590
91627
466221
192440
126528
60277
175199
79934
100832
480389
5353
196455
448797
527784
200115
482717
346952
535657
226574
432928
483774
153303
525940
294951
497185
180109
288194
379480
484864
171631
322257
100302
252579
71954
320414
186043
215410
292374
68916
427005
335620
441020
78388
246747
9999
372642
337088
134841
145651
54026
410408
90963
395999
122883
340752
150293
415582
210167
369615
522635
79856
391371
157589
317971
350758
65351
262865
29482
134436
71343
277289
289112
306818
100052
473534
499099
427573
514589
103133
518878
367068
217614
343571
28059
441340
173644
363842
404524
438130
15842
499174
423562
158748
307144
93765
429709
56411
7088
508430
99675
300302
69935
346208
199850
46409
408501
59120
30149
466954
282243
203117
160712
76831
358857
397356
68393
287311
535373
363494
138126
177390
408294
214352
330573
43458
260469
252887
67528
46632
262358
282424
407320
14654
531741
112316
25672
347418
263543
484705
456176
272246
147704
161881
135403
326595
85997
415644
420435
210077
24984
206608
329324
10274
147479
385667
334407
274577
190128
338919
14252
61828
338866
482636
295534
464212
441903
35151
527211
271983
61712
293499
469811
133668
297104
186912
166429
220020
472577
522297
481421
163451
109660
465312
175554
389757
296199
535820
272322
3410
136370
233892
200859
373113
65280
414274
515379
254906
294799
439526
237756
482049
346590
157792
128767
87616
471538
202157
156627
100537
495699
98221
144042
470278
262000
391086
305654
490748
448116
177171
264691
157298
486567
179292
504097
447192
493897
516385
418052
188071
160938
231379
418275
66249
48084
450972
396354
53628
188280
112781
402594
427381
248238
329320
287555
218705
29993
345891
20695
173511
15631
504179
500219
481014
436304
399756
3889
61106
330759
164697
152376
459757
70816
516439
388743
279519
333957
58953
146939
376396
243759
288562
521183
243198
288657
263952
339115
488061
229243
410094
250726
112897
8534
261452
252629
378432
58345
252114
420078
168576
384037
513834
163755
293682
125903
157084
387521
22026
320061
430988
128665
361639
495314
331176
301199
158162
141724
259079
104701
326808
275967
156025
42662
165459
7098
373335
226853
16227
380667
499719
220165
451624
490486
1657
298993
17370
126610
207193
342134
354162
120584
349711
162836
434919
263018
56213
406653
371853
148172
127717
348520
194993
83025
201492
420023
104819
201648
207288
382236
196301
353817
172644
215692
315267
242327
366592
432093
211220
437818
44562
262102
233481
345833
242091
333803
468152
412208
378847
367508
212621
433100
65889
4009
402184
475304
161310
222458
451857
146781
101305
22127
531147
136631
510989
235423
485098
105767
301621
516453
67794
50518
515161
373777
31971
307952
97285
128936
251915
409784
396345
129853
137882
300750
259877
460025
300287
472380
259070
408037
307450
28323
195187
241533
505682
412124
376658
91369
290028
292145
162209
264776
492271
528631
54636
263622
504616
74153
388430
233605
469050
107473
516273
185553
339598
410227
149291
301008
459210
118346
120740
491099
275479
172182
251668
261890
507303
95560
259677
185158
93358
349138
453249
92156
76939
509967
38269
481093
43700
164906
116568
268702
178277
150511
290842
111407
288059
467337
50264
92
157046
355752
510041
201693
40511
378077
20884
34997
43879
437705
191430
353007
116528
527576
420281
113479
1414
58850
152821
33800
505266
243676
490378
192322
389873
360804
417538
325364
372932
243898
357113
215136
132602
180702
336390
230343
23350
523257
373646
511298
496371
41447
234818
148331
126228
283066
167576
74167
382213
347971
314949
522289
507152
148034
239184
136951
216107
119446
421831
426440
397516
246499
81329
26091
211104
28430
226711
322106
66029
481312
293514
144189
509696
401878
98714
326668
357281
28918
236783
396834
281167
377566
60214
269850
346404
198090
453827
353753
118128
2597
299733
291194
34221
39211
240734
217273
16649
260431
429403
202863
189516
305379
276663
110454
153934
414567
15170
359588
499168
486520
192530
501133
425924
113624
347799
341327
389838
194975
279086
218481
11744
352494
127282
202319
217672
55884
323030
486686
202016
418171
390148
509681
392675
140649
191055
520871
171563
460872
303198
140587
328060
90722
68599
193478
399969
296255
67931
291014
471993
517676
347944
270999
464988
8230
365743
288437
161183
482977
351854
190532
412274
399413
183681
457840
514017
171894
303441
172800
483141
261785
223451
267737
477166
514579
98243
289599
143147
491121
525052
99052
246464
110003
182203
494508
125602
530160
373025
429725
36949
272223
356061
99697
246756
156922
217749
118637
147252
361505
407547
135004
475458
276498
496670
302991
263400
402166
313666
335349
351429
187272
417050
386708
500096
471802
359633
358824
211752
154498
155539
509276
317189
87956
263045
459165
512211
407010
389734
411292
235175
280575
260328
465254
234574
165128
155502
331791
228638
508509
162083
492232
295530
115815
106777
174221
290123
313350
179294
216412
24339
335557
10082
489561
106854
134674
83601
157277
130547
326709
241644
430527
115244
515141
103071
445582
192199
380300
195169
13529
328629
32042
266704
143380
324985
393554
85375
29418
533434
460432
237041
190821
146719
257536
511553
190342
297294
282855
148045
223726
201163
459329
241331
492823
218759
281618
385431
4700
254150
425232
349450
310072
401533
31803
524733
107866
351483
109383
499878
48491
446840
405724
71222
14025
513869
426025
407159
289640
357684
243398
416568
172563
89127
521448
69223
297139
527789
193770
485657
178436
61604
498238
464281
376130
33747
531200
235457
154588
221948
256725
165208
312584
358488
446527
424413
178480
360629
313640
316267
440747
441495
52887
207659
85548
511918
324616
70272
356033
125511
330644
300955
275832
158369
207758
354464
335163
362249
67414
327120
350238
104788
478295
61131
155463
319370
519862
179698
533351
45348
403373
486264
299857
221088
295140
304312
189558
20481
100529
235471
392162
18170
115858
329353
438761
228027
286872
476730
524519
292602
251038
132781
295289
169445
67983
103425
196363
494268
446802
107623
331682
524464
356026
476566
176959
387032
264381
463844
122423
421650
122140
289609
368165
181349
112665
148576
243911
152566
390097
56776
374416
88137
418807
287573
391918
30701
371434
70918
363079
500114
135226
502688
298391
114088
397762
246215
81633
373168
481350
100571
190068
271962
453705
107506
409241
129949
231223
516193
364126
8850
72624
358636
261792
196308
157370
76986
436909
62130
268289
463308
275236
358200
155947
423302
438297
151655
469042
100972
211619
381291
467484
431740
352415
106412
239275
17855
340300
300572
29850
534200
361934
77227
222886
78378
263362
485521
484268
519417
320368
42328
406599
478197
395747
42719
318864
23854
519266
117498
380238
422215
229013
13099
100366
70892
199333
436630
299949
274175
37363
304068
2238
31966
506000
42524
83044
242570
381217
18692
312978
21423
362655
221389
227042
228030
447567
313016
322411
261412
497449
204163
52868
112265
62835
406554
247370
137352
82122
360656
485019
239382
193377
407984
386062
165272
234042
257169
516023
205499
345993
86135
44498
358964
497347
275096
150242
196416
32806
229715
56222
50141
363466
152656
102365
136682
434057
354972
214923
401294
58834
42828
343217
59155
491850
348599
246252
484219
360282
358718
91953
31766
397162
285834
480142
445045
467500
381768
15272
26420
186002
524913
37155
336549
132536
18925
96485
478752
391879
158257
268410
109217
450350
231936
412345
81168
224411
487588
524221
403714
482686
482478
205039
63858
358467
368190
204298
333710
453830
249362
503519
304283
218539
337933
63695
384639
70431
496917
441381
379581
75489
187668
397113
344326
504333
524987
134822
112360
488359
320408
13885
439475
144498
448867
72315
392197
328105
399673
270129
19495
374887
370632
161003
400662
217336
113480
200727
418221
149854
455002
96134
439580
372229
438298
123697
229161
528587
482890
330950
217686
151269
409176
114562
28968
444074
259042
309721
351257
321124
260508
111641
375230
274467
79892
176238
181222
240456
232344
1271
422406
224161
299575
145886
417835
304250
65066
481477
312120
336817
275589
258928
201731
517311
143226
203146
249531
425548
405377
333776
333130
134400
16626
392638
398714
60058
213553
307889
451838
354018
492068
26886
57753
277640
347560
365632
249595
134006
352481
9475
102930
105446
33349
5243
254677
353719
424035
501479
506774
472660
306349
10743
270233
483426
477009
335124
321324
391342
318667
328374
152768
39321
527529
127188
332457
316082
35720
136593
360810
507273
463455
4904
509077
505552
416333
114481
43115
425358
177818
296132
488931
4963
266045
212338
495842
473661
412006
175020
291983
246065
329494
106035
394827
288502
362722
425079
99629
51412
439380
46443
172203
484083
337252
227166
366240
443659
229946
80924
144950
448648
216184
363887
502113
389978
435972
349110
510840
322173
372828
411704
162903
521936
392640
307087
256501
465080
216216
359607
402156
265380
432817
337067
420195
5363
169802
140874
226613
127999
518351
99181
207650
438493
342039
336427
145309
324537
207025
132137
312880
478019
378942
95720
505673
135699
69439
375932
311697
277693
240209
85643
98332
458032
232588
4154
93842
327750
69878
473276
170870
86005
358775
32562
216830
177842
154279
140949
350621
57339
519390
211990
184464
396849
279450
183177
102069
88412
146792
104245
82118
447857
282415
389186
359359
24483
149034
341581
216734
45594
352134
122366
382167
35175
501767
368619
426314
267700
396943
520508
101860
21734
236809
295545
124820
421904
112987
167565
55204
50728
31350
10446
192009
241954
344989
426449
232038
350043
122054
353230
59404
159361
385986
107926
354526
139158
62888
393586
380745
308019
342337
224113
65485
265369
8930
425808
300463
164213
391184
420379
198119
50538
408102
94369
17104
484254
205387
168549
20198
489062
44262
419674
418693
103666
502236
501438
309641
321268
320276
133424
265329
173801
150831
143763
206144
33407
103358
169798
237856
370619
24710
152603
384314
457614
191328
256847
301257
220317
446032
318310
1519
324129
431273
401263
416330
303751
394429
172641
168751
413038
352958
66182
339253
29700
323966
358084
36118
95675
530512
928
20114
392399
89009
239888
281417
400538
523979
415734
355155
310115
315838
35693
15259
81121
481770
275818
199221
208016
224822
188608
486201
168991
252201
388820
265100
306846
191581
110426
118989
363716
258726
214502
140412
151521
487332
440061
55038
38683
66088
279138
399711
434207
385842
474273
279764
174231
337009
474175
452931
246411
495500
397360
433865
510528
439844
259517
486256
132525
469849
379931
274791
444559
299125
462453
239241
66941
150786
361119
309215
430948
69438
81385
145106
280286
129348
284946
333514
319160
388198
250121
33531
55865
68994
211676
65394
312859
520159
294370
33138
229547
355792
500916
95412
311683
424553
360662
201469
508018
204457
16567
484781
203143
267036
67195
107527
523156
92232
470664
88742
156321
238645
315110
388926
112852
369646
369003
100654
486915
365313
278742
2486
448313
111015
347408
9626
230756
216890
446797
469529
274926
462587
176379
381206
515738
178665
169832
478315
284842
346252
533788
442095
78042
498969
130536
513554
110699
397344
37208
477229
532518
127725
31875
340705
276172
423991
38289
490146
351684
259154
419071
26461
400336
34324
185341
167470
385418
533403
92451
465801
42326
205191
235850
162232
125196
471518
304159
95747
26729
121221
167421
332954
474895
106097
240010
49432
20537
264582
418196
177601
352296
415780
528048
169708
229376
51913
296252
360676
9512
403212
118341
529417
294325
195374
416587
115171
475760
335195
41203
465795
443083
46441
291550
177737
422221
189391
504594
410138
171049
480482
190618
356243
410183
151621
244261
265247
222892
513106
159518
432424
270865
499954
4190
322218
517374
105094
416454
444532
181684
71476
504966
360050
338816
297492
513832
96121
201830
135408
42837
433883
364600
441415
236543
166491
87515
402433
422982
12971
125274
230514
459508
233624
518593
360863
461038
111552
393270
259494
162565
153979
519834
515346
106210
359761
123906
41974
277810
500377
486691
92402
238171
457335
201845
297708
298890
24788
283395
496945
55181
345057
327962
335320
445222
168641
114987
337514
28391
283501
534574
431417
235130
350970
152677
350824
445021
432105
338097
197603
197718
123656
490854
184036
223429
289795
411963
402362
513389
239661
415187
97971
393605
87944
213914
504829
101893
504265
474142
464459
316295
294762
144132
428276
290235
386331
119729
277276
396814
35914
6081
524388
286550
320770
381684
29677
99574
293505
485527
62572
323106
260845
8766
306025
293209
118931
504898
88338
202308
161385
100264
71066
107008
362916
93273
304687
387201
387604
295241
467298
417200
329686
327657
32200
11963
258047
202154
406741
258206
380626
287057
452314
58759
350926
410955
412005
404076
419124
120711
236691
371660
510577
343183
495087
272637
273037
499906
65482
263933
387570
85462
457183
225316
422034
243988
418603
237990
49057
326292
115594
188245
319335
361251
494290
281365
395727
495157
192885
42715
234302
396530
74007
182246
525415
90077
250742
148450
459885
459409
392686
69763
477884
309784
480308
44836
234841
376488
281583
483351
205249
111902
95710
532661
255357
397187
206189
175777
265988
435284
280104
454715
480696
172906
440654
140947
98505
30500
241650
535033
176354
75377
140523
326344
268365
25452
138053
205391
284732
443821
159713
457813
276488
3599
249833
335748
523996
443925
241492
419366
226405
84440
487402
380054
387023
83220
324243
373585
146451
181170
492017
369607
496520
377969
398369
340714
195002
34860
490830
3977
401394
502176
389651
158471
438092
127204
240655
121314
53644
268235
29538
226849
131554
219044
51781
100995
35811
261901
244670
141252
44478
115313
122267
163881
229005
95988
218391
507078
387067
517012
470283
447658
254102
194421
275813
45230
25487
367354
188395
35056
322328
196914
471124
321859
117216
212516
355460
252948
234781
501741
141037
496026
71254
80409
228087
483973
244582
47458
353716
380315
142849
237790
114580
325999
126954
384879
144703
262775
457788
35990
467233
213590
535882
288261
271551
265162
339953
437951
108771
348898
289504
115932
301498
504252
190287
177309
296113
168146
172452
227955
200661
102414
252777
417118
254051
204217
147451
42060
59873
9276
343359
443236
359400
461123
429416
98347
68472
404470
310009
75214
175837
197808
485983
104840
98482
520641
4051
247120
107675
207777
100037
194026
155831
277952
403592
330657
52475
482448
249344
17220
33240
350188
24892
444952
208971
474606
241808
149849
336630
418011
421873
8478
30989
306542
484151
112095
212996
283626
68382
109039
234091
15461
498176
396937
57848
9907
462287
32680
443436
134473
320692
54919
396301
189406
170346
269352
392538
437884
479103
9069
257177
353182
127034
216354
340667
72499
498899
502890
431707
147718
65408
204990
12907
342001
8677
371076
42119
382395
491505
151065
373513
16345
197399
259686
44334
122426
453053
142412
275410
97737
101512
503191
105637
202021
514723
290244
517735
180765
433436
256489
404255
22537
148497
417704
171015
455082
510061
32869
475723
333519
263307
41736
1435
469587
321705
179489
64199
22934
201415
478357
201553
106243
125458
502091
37785
391720
493104
223619
217706
197007
54769
213224
529963
77531
238200
384721
97962
4248
523077
114453
119203
322897
439399
332727
376265
469261
214917
227240
304398
105936
489279
60826
357437
426258
170321
462468
60608
61321
22577
188543
72073
486204
209327
530300
363053
445602
260620
499090
420864
140813
137342
532505
96079
295791
427879
281495
288183
329949
106223
299167
480914
220986
34837
333298
406766
329690
136225
414169
156266
98404
128798
7014
243723
323123
444668
418512
363184
288093
424668
103292
95580
15437
34483
189152
203783
259734
445496
260704
321429
163792
149149
79296
100217
499990
368869
34937
123279
533633
362501
145941
327029
139151
14395
483736
223723
85175
228302
430918
169830
378841
299812
86559
337837
384010
35236
290347
418252
468805
72077
180022
118669
111836
439698
254299
17782
339774
206605
54312
214625
133757
11004
261546
109740
245722
371516
294053
168887
180940
520963
489465
358415
120811
460656
373593
243551
176303
190237
503229
234255
176445
385461
247984
370203
105003
137682
303129
305674
188301
219228
115917
522729
395391
491301
351621
462533
336944
280611
32099
422831
388640
333606
367991
446552
156252
182849
459036
45542
332941
83683
200049
135334
397989
250133
431772
241975
83655
217393
215033
12727
63509
146967
499206
513259
278682
33373
285060
115828
461138
319975
269534
237765
24397
10172
236159
375275
1013
305761
320336
121878
108797
178857
267563
340097
443444
19645
419873
443171
243284
37104
403830
293149
170940
107601
328600
485382
11441
345901
49454
402595
54219
173117
413862
341165
37510
30218
452863
208075
213593
153340
151449
433144
57716
183535
197283
202847
106630
159175
342296
13681
228600
425466
478783
215601
447671
99366
208623
129201
204125
153088
423754
472755
393123
531267
31746
463302
423752
18799
167279
535153
300788
204194
286947
204404
365200
268316
57052
171999
251287
247730
427599
197887
490865
405449
155200
35751
69333
9051
299290
153691
452578
498747
478913
128115
111711
65829
40009
525849
100567
490663
99554
119364
218118
365310
425206
93081
263256
220654
219115
184336
35016
308151
391295
405502
82323
529880
346339
224478
251743
508568
386613
470431
193355
106790
476775
250884
400761
135138
323646
500640
505500
102432
521071
506470
74104
35700
136862
407696
283042
503516
161980
11218
393240
336581
452865
317900
104655
411748
433699
315126
314852
170083
372048
501151
517889
73572
257865
495162
224692
277100
297879
136614
356394
445040
332419
504702
498500
15993
344237
356338
369186
487928
173152
166878
76422
342755
367569
257171
488301
245468
328412
389939
295061
247111
124474
508971
49147
123365
138546
407342
376511
110705
497626
309520
229668
95391
412802
100855
182310
278140
181938
220177
360445
369144
195714
22085
77015
8239
423599
504317
152908
73528
200479
7646
210047
458874
157736
193070
321684
28411
458136
189249
133775
271927
315509
9718
388503
307362
462326
213416
192937
296220
413777
229070
405536
431766
88992
220450
169791
175827
218572
530517
72887
351189
523243
237619
359958
233774
67446
287248
506535
406625
318527
444018
435534
343410
192474
61626
410223
527699
394385
348946
366220
535913
503624
78800
335017
236743
146245
482755
152683
12915
505554
457439
370566
484339
46600
65385
277485
75672
239552
527388
472776
186993
518362
1623
159768
503891
444879
122176
20178
155028
524085
357394
377486
178046
304041
233973
68580
167621
7956
35976
315217
397217
296426
492709
402899
400253
471355
533615
200125
459805
350493
13261
134213
384824
322984
129720
469581
267883
182558
333794
98261
3168
51337
372645
164046
150088
214381
309504
418142
68630
532500
347772
299258
473571
309838
76046
188772
86677
235001
256246
240365
67052
523811
390389
322835
152913
92490
461147
71490
87080
348872
101503
23572
245274
415291
432634
33255
127897
253449
90052
143692
186335
533322
511229
530130
320556
507046
534697
377724
45747
443419
238952
309635
530835
251602
379561
516744
247181
260621
350486
495722
122709
233493
215128
87271
376534
447855
407172
273403
236922
212246
356397
201584
472799
517996
202305
374438
194069
98998
33459
329266
198647
171471
68141
137926
194572
324921
529332
468014
516586
444149
335886
164299
161041
467138
88770
478435
184640
437956
401152
161019
471604
203221
202956
159221
57397
89124
39989
279595
152377
455685
422470
151771
65366
76894
45449
131405
45982
345426
536045
324534
68368
445589
526842
22552
444346
134990
392925
242221
314777
36900
395103
156661
205679
489519
522403
331243
135068
118444
102227
327967
239885
337539
259077
466317
128096
320701
329627
237449
512612
189647
156387
79935
418545
365916
123441
411893
526849
94155
438438
62099
353972
403517
444398
299616
318497
37766
492994
461096
507527
81686
461244
287847
491390
93567
523506
484314
42899
480088
65210
436061
213791
428538
213454
254963
115036
383752
333967
15699
166898
309385
121925
250934
208989
349052
430982
138159
134622
354850
103311
55922
340739
80838
381578
148863
415484
407163
42421
276905
147994
186198
183080
456865
101004
62292
9370
140923
46282
74876
52674
83649
388281
164382
299014
295864
421819
6636
222344
413343
461783
299835
264455
449056
221392
122049
423703
364725
457588
466750
294923
253357
194808
227564
500426
350224
329131
118614
57665
174546
408390
480247
34816
309113
198802
349077
365175
400305
458718
158161
251735
332031
289243
208621
84044
33403
10868
189430
229351
405098
39558
270447
111035
245125
252751
493740
115108
85165
259911
358905
132483
155153
49615
372095
327480
297297
341924
82216
340068
201908
286791
527769
119301
126189
278161
41092
179350
199421
1381
385900
448236
262854
534507
491197
18130
83951
146321
247909
348064
71250
67534
141951
215478
254748
507582
411061
269427
50957
286665
234977
55168
328334
106257
267496
38834
392683
140005
372615
99769
525090
22680
501615
347831
262608
386541
172115
220663
391127
514909
419445
143387
66897
379723
204483
309596
72332
252204
434507
462618
305347
109805
334612
60396
477328
298700
148008
340813
367645
372415
456684
2815
222475
79303
259051
281111
60803
246674
417436
19507
358131
351664
369702
306105
126090
320881
33984
356885
372653
337511
282857
359627
391193
33997
488758
479991
138719
108204
235461
154649
48077
509306
409478
484292
351239
463425
300109
316248
181014
288758
174936
244328
234328
253698
391567
304028
259141
478558
315863
138252
411047
433092
430019
243945
248360
336814
26244
390505
509397
501327
104095
118831
169970
78904
424019
261247
164381
319286
400987
4078
371450
10932
55475
309207
189141
462162
29979
102692
222228
87806
440651
56086
215565
124923
45258
476068
45878
160833
167465
294840
333831
436166
347690
381645
441707
237316
137780
134008
158149
118383
296581
92042
428333
481932
139829
224927
234086
263592
279719
114563
370420
291602
134275
38099
44997
304140
230124
316944
28490
180783
112920
122004
402778
23364
184057
487102
136065
328885
344196
31854
478904
266021
310916
404092
419249
483261
127369
416283
228436
134411
353256
237013
509184
437045
142380
26134
92061
467399
243202
482098
275204
75131
175394
292501
378092
209712
97919
429769
313525
64115
235514
228902
139489
441601
204221
383853
87690
95666
195194
250933
7595
100906
103780
51716
504123
144085
362820
251904
109288
473887
123973
362041
6272
34465
231578
321199
406688
415374
154839
499957
143395
458127
495967
194896
362592
475056
205040
37094
383926
500872
465028
306144
373923
89594
88529
121119
526980
75336
234629
127212
460346
56473
234630
447897
401596
230570
521047
243265
363028
302559
52045
211770
272213
125926
365291
131531
60311
303693
406223
39973
525607
366262
334369
344962
444447
240144
113172
437717
90846
500363
336347
425333
506788
152411
386810
2862
191446
267235
23375
489523
452109
480016
459816
355086
356002
507780
317563
205503
88803
121759
510470
362158
277198
279176
437494
20353
20277
532222
140191
230686
153330
164551
101531
445557
423797
494140
242432
82480
517947
329939
421358
164850
183216
439718
179395
524865
24094
247077
60897
444658
182278
457832
274700
121650
162272
370994
488671
350771
315095
495899
74425
356282
95914
262831
364814
137376
289578
63607
437530
497440
286616
508784
214906
464315
478347
114788
497995
474196
446159
353188
4070
17454
514915
511365
463843
209561
71284
14762
525862
403965
226952
311876
249425
11377
126974
248698
287053
383008
64732
486866
76003
503249
521806
91744
291421
535568
21288
449845
429818
50879
52799
306443
485546
198001
517949
509809
139329
248515
239201
2598
106977
200867
28254
334362
148325
285254
477019
73896
18108
412607
201468
351375
359448
500749
225976
273378
359355
309002
211111
453970
6656
18437
282075
422772
527345
328741
519709
490301
188131
237672
104135
275739
143050
78993
499999
74739
161037
313420
25206
421317
262375
499549
318652
208052
117076
179322
233663
117785
385836
71126
471021
517142
414031
1084
289298
363902
395877
239009
406583
18121
41072
367535
359332
129687
431415
209467
241259
199004
380774
531758
494727
45515
197477
430671
27533
472728
187203
56263
340977
135513
302541
469426
8955
161219
442569
482545
237845
328958
513326
441110
242640
398498
195287
384821
77689
434419
344299
213006
175968
231491
417738
430266
334571
318559
396762
63293
61309
43367
423257
191010
37724
104992
477565
427676
232046
284278
162638
80302
524848
377933
394740
144594
66687
29021
60871
148732
187040
147727
243157
463527
121539
427362
409279
462924
52034
125075
328006
482291
370481
213982
426508
68356
95670
304022
331293
83105
184185
516686
351202
475467
278416
55516
355881
439989
420492
8182
188024
509283
463827
507605
497811
239095
388906
255949
499447
202556
1242
226472
341195
527642
136563
270155
498465
397564
269908
459356
23601
341607
194928
468571
193474
111090
116082
346093
193737
104670
80739
285753
329405
423868
398619
120131
527428
220643
76251
77200
106039
192406
427224
41011
383231
482442
443866
440175
447997
256911
275176
522967
182364
527376
118209
434163
391243
416452
251871
125911
508468
75775
191069
295859
398798
506407
470243
378886
288532
489734
309908
405475
67819
173052
181502
139922
498613
413754
272941
297612
172489
461053
406451
146312
504611
478691
296396
257603
18903
254450
273883
8385
75571
435194
356456
442099
70165
466341
485034
430009
72204
52331
217199
427017
377567
314855
118325
472013
120510
173058
525498
349271
151280
411089
43017
240736
189762
91460
385382
170649
229592
76326
428601
288318
27271
75257
296822
150027
227421
139310
422961
475136
269970
95977
46907
173798
168655
362693
489661
151384
137997
451458
313956
254144
92882
179271
74832
19529
63674
479594
506324
237382
302989
174156
130061
152049
222556
472485
315636
11672
384791
177827
14875
156212
263274
62653
376964
66844
496680
35381
107462
320362
444742
233791
330704
413684
499615
449341
515009
165494
38808
494547
224719
237871
507901
284624
58627
485622
508067
390104
53119
96830
512221
136459
523039
229384
116301
383405
50839
451263
428185
339001
414463
301856
247186
414989
326749
147003
306618
401981
231129
140204
394654
275307
450992
113061
329530
507318
332857
275416
175289
80611
103197
2259
388024
166356
350303
60578
320771
233862
214911
296375
514957
119166
117270
458490
498792
372128
175653
156213
125994
303927
205507
517589
46267
351048
372319
366934
195931
491600
365443
72344
81432
379075
361249
69105
366193
146780
146808
68455
309072
87460
253732
463269
150401
149132
412595
495933
492116
404304
29923
461809
315352
346681
176229
178582
479674
438273
186205
465507
257164
444530
193979
88802
133896
258036
185854
61183
509286
159187
393133
103238
416424
507063
470467
478975
343033
78396
55219
204116
6849
31283
453222
83738
421761
469693
77281
154480
403056
227413
313318
309787
212198
191836
238916
269168
391625
21778
495756
148284
217572
522205
467641
521414
467026
232475
388806
274482
274755
181527
367559
514482
35455
503534
55692
46068
437589
269376
111441
370496
146850
397368
444604
66705
169309
381895
221889
72242
383795
65053
152445
204591
95817
368029
378424
345206
171750
252616
376843
303355
138846
406343
327491
329455
117757
417725
58150
491337
136249
215647
440825
440184
109482
126472
527521
479909
412866
113965
504068
131712
394972
288589
237304
535394
463786
28229
339157
302909
233012
82168
450360
481129
520003
421140
60190
219691
535989
438433
436608
3737
249794
288139
73902
494808
262787
211385
36028
262072
210134
147293
89824
54864
183663
452125
363821
472912
210838
12914
230661
140873
23982
116557
517693
376766
530124
7271
434761
263900
309209
366065
331480
60121
521212
513116
278371
485621
27915
357158
71553
493630
124526
76792
410508
490438
213133
56856
174328
247627
190635
16072
290393
206067
294317
501747
518436
217290
47876
501520
163954
452565
57841
196187
463811
436810
418107
514937
364712
382218
189109
104974
409949
438569
70576
244151
324589
426280
424973
435459
404482
41380
273764
332842
342055
50863
151634
242145
344383
196991
137822
94053
437246
470115
103279
95482
42846
132158
302549
222599
243313
241626
190078
410350
28502
461709
431162
318340
504922
46612
408141
188004
156625
7658
367735
236677
55033
503542
477686
307757
407235
76777
76152
171954
497700
233944
299361
45981
344650
385728
441002
454863
179854
529682
412078
255381
485639
143473
526351
515673
77611
393858
318350
276604
377418
494351
348698
103727
392412
454843
490638
102916
335187
233728
481214
256906
424695
253519
246630
40533
508794
63055
198136
380533
346243
332248
274998
436987
273733
12551
427409
215743
201494
148756
261068
447741
349709
56757
217151
26324
496218
467853
377248
189814
4426
460902
498233
360903
329285
493955
