16198
50631
3640
40094
10160
929
36818
32993
3120
36244
5451
27304
23612
8502
13106
30594
14754
44838
15761
50048
8640
6484
8002
49838
14674
42857
29459
19015
28892
25216
20719
31333
36187
4644
50176
21596
45308
11261
48976
2936
6345
25607
8082
47557
16750
38147
10734
49500
28000
40224
42941
4773
49770
24769
45344
7818
37775
44293
23525
46198
24002
22413
49429
2670
39509
48627
6243
48683
9908
9900
45936
41012
16556
13013
27298
14459
45152
7806
2754
47562
8421
10257
48098
51338
9086
34279
13263
22750
21135
12622
48339
36906
42367
19897
32542
23755
29380
7222
26923
4893
