19163
36584
48082
35515
34651
22136
26453
12772
13879
26104
41326
12391
34221
25136
46089
6835
20440
36000
11705
33881
4453
46248
39786
219
31489
30657
32903
43032
32277
12797
30697
21576
2588
26794
46017
4589
17466
39738
21815
31023
3507
49596
41488
44239
2660
4480
47151
47599
22768
34956
17038
42397
46890
11053
17422
29393
26495
28157
730
3895
34146
8395
23095
13418
35761
25366
50639
14635
43730
12800
11563
45281
34184
2340
8796
13142
45072
39315
13757
46736
28079
10097
44944
47974
14962
29314
804
24733
42765
5775
18466
34346
48433
17126
15721
39288
45718
19120
32408
11738
33362
48722
10541
44372
7945
41668
47141
7576
49870
23973
13176
13094
31997
36007
25308
22776
40087
29139
11251
38991
3935
7861
37327
44222
36499
46878
25441
16715
12241
49310
10303
16190
37939
20601
729
6693
26123
50244
39082
37655
37874
14058
13276
46202
19811
50945
6049
10865
21739
50955
30083
27809
44961
43119
17336
27877
51295
6770
5581
15723
25176
31934
41030
27858
22439
12965
36535
1397
40684
15159
41399
3248
38390
44452
38534
16613
35939
2251
40488
2138
25170
4733
11522
15246
25040
27896
1584
20434
6765
12142
17101
36723
18508
3213
4887
460
51491
33421
26767
3965
43433
41492
2628
35208
1590
27746
22390
940
19307
48334
10629
5660
33046
2672
32020
24348
33500
13519
2510
31634
29749
1886
20164
42145
27158
24768
27447
22826
23044
45544
36594
9623
47173
51272
10426
37845
33532
12926
29890
20766
9862
18510
6583
28943
31726
34548
7149
44957
20876
37242
9317
35428
41807
15157
4218
22586
11176
4715
7239
7342
48297
6756
50036
9939
11847
29349
30667
2723
1730
13374
19390
19261
47805
17678
20490
5597
13694
33849
26614
25055
12954
19668
22588
33113
18899
11146
28565
11296
48567
42763
34714
44268
38970
2431
19898
43132
49354
8466
42989
9044
7630
15031
15138
30989
47084
50186
40793
36490
17906
46804
6538
5629
2176
16484
40593
50751
26899
19106
24103
17203
48150
14584
49925
40215
42097
14974
43726
16123
46798
36470
547
35171
47217
40656
17074
17693
29627
17025
24988
27716
45894
50386
22490
26107
3561
49583
18004
44242
41845
45626
49603
35050
3178
14992
2127
48540
30783
17654
36341
49714
2491
41753
14248
11975
20291
11654
12194
14082
7463
10326
19985
44039
5537
28905
32369
27541
18161
28915
50349
12594
20948
5649
5379
30541
37302
5039
21166
8763
17434
17969
27571
15502
3426
46691
17971
38975
389
13923
28603
49750
21214
49878
51410
10299
5610
4693
36232
48921
9833
47723
38707
10579
13163
47696
48824
33213
46482
12753
19481
9946
43771
47133
34883
10220
49492
518
18516
2781
37867
35858
32874
23953
2074
22579
9393
37787
20907
29329
19827
14537
6273
15789
43472
18187
43261
48546
42447
47665
6735
37526
376
18896
19652
24628
13975
13619
30325
10735
18658
11945
25326
25435
39412
28925
50872
50863
4265
1968
1569
13759
37186
13441
33168
33188
36560
45017
31252
42014
49162
7538
47997
41396
48869
37382
25751
37160
48975
17995
30649
32954
18588
39425
51435
40289
15620
26395
40478
3031
12435
6344
47912
30829
35433
18791
2941
29226
36352
46873
36520
43666
47567
43281
34322
38350
46792
48638
6646
20965
7253
34387
50174
46938
10843
38017
50195
23584
3345
9807
4485
38335
8096
3291
14488
42216
6860
46884
48483
12667
46724
24859
29761
50759
31747
51430
18236
23117
11656
33949
15899
1560
5776
16658
31112
39726
16275
50781
39507
29940
35185
42992
30993
7235
4726
41778
22016
2294
30823
9657
11526
8418
14539
26183
17404
37577
42503
49135
31138
32243
26674
12029
156
30621
51257
26653
41857
45289
44683
27410
6976
50743
36403
1021
25511
9126
45622
40899
14549
18595
37981
31108
50285
25670
28435
34230
16709
30653
18105
41281
41727
17456
9694
44106
24677
48838
27277
27762
10793
31919
37165
32034
9835
46528
25554
41336
6054
30151
37372
16781
25895
11548
2459
39760
11739
26410
19798
10710
41187
36096
41795
15402
9149
40009
16956
8403
45870
45941
47638
1680
8217
16422
9567
12203
46571
136
3225
13018
32209
44029
46071
47482
14707
10012
36827
50717
20318
33614
38467
30488
43242
579
16847
20341
41087
25837
39087
39356
6764
47350
43496
22048
29421
40273
12230
46761
9230
38174
33854
44886
51251
41014
11077
37456
43198
46024
2621
36148
25307
42715
47470
28481
10274
31263
24544
29122
41358
18056
50137
4065
33489
42134
6761
45970
42319
3670
8769
37344
19742
37695
32809
23033
20334
9370
6846
44825
25494
16444
47807
39469
15652
37161
405
16145
25647
13101
45266
2586
32475
26255
42621
47636
19688
24890
46747
16941
49018
22640
16191
39093
29501
5305
44692
10759
41504
35263
14617
29203
40546
6740
40683
38464
46950
14142
673
18500
15191
40707
41647
46959
9346
38763
24105
49851
32383
13858
25284
28697
3206
33367
48755
31349
50491
44835
33420
4616
20726
42579
50541
17238
14318
2675
20940
118
35343
37339
5142
3888
31417
38452
43470
38484
21607
2107
23532
14288
51266
50157
16349
39116
30510
38447
50480
10269
34701
30041
16889
38999
1366
33302
40569
21926
4432
29231
5404
18460
33587
33041
32395
43404
33208
2925
25838
35692
16901
41873
38103
47530
47367
12605
50261
28927
17641
26800
3024
14542
17016
26511
51261
11232
33086
35048
34986
47785
6968
36774
43564
46692
13566
19001
46022
24583
632
32370
24834
42032
6085
22909
38349
17770
15343
9888
4750
18827
3659
37245
4909
40070
47096
4840
20889
47980
21278
21009
6513
45577
43751
47527
36036
15409
48446
21730
9435
33357
6225
28429
49266
49312
16004
26171
27117
22264
29756
42998
14800
40783
21250
11929
35921
49191
13905
18617
33124
32239
32226
26914
15842
44662
48255
43670
39350
41234
16662
49839
9583
39420
41724
39997
12644
22459
25495
33667
36630
37118
7367
40924
6576
29822
30957
49932
28867
46166
21738
9010
7796
45416
41267
32228
18418
33212
37807
40016
26500
28317
20868
25926
29757
15192
15059
30579
8026
14291
46335
13325
10284
48047
45263
8630
4801
41201
17345
32685
268
4353
34641
35659
8367
32214
30601
25891
750
20641
44617
41148
9261
33097
43961
11266
29477
43542
49330
18764
5950
34556
40654
15570
3156
5911
35076
8915
22083
709
45122
35380
49239
28203
26131
162
26728
19510
39030
27255
45624
25742
35749
8075
29986
29884
1063
7834
44844
237
18644
41487
10866
16752
35566
17448
27982
19470
17033
13597
37451
26239
14512
6548
25205
18616
432
11653
20409
9067
30684
27584
48570
50700
43030
38597
10788
45615
23061
39846
9056
4101
711
19523
44986
39874
43474
25949
47444
45896
13791
5565
25088
29799
46651
34430
22221
33011
47497
9944
25180
29111
32485
3069
6176
16844
23031
9722
48293
48945
40542
14335
20178
30406
17879
27722
19031
29602
45969
22387
13065
17859
8253
24788
4410
42547
36223
48605
42593
27851
36994
38552
44498
39393
14480
14526
25897
2086
24176
41105
16294
17046
33893
51619
9720
13545
43435
44770
30929
45356
23321
39194
17825
27021
42736
27084
40991
13380
38624
47945
32898
25933
48432
25019
32755
14061
2331
35603
44015
74
21167
16695
35420
33307
20391
45506
33246
27582
30387
41616
12745
32035
13324
343
9678
48536
33824
40266
5560
26132
1387
42699
48
12496
15456
25745
29443
15372
8665
20386
36524
48202
50464
49475
8210
10693
23579
38820
12538
43050
43121
5619
29253
50767
722
36125
9039
28292
36762
50569
3970
16832
43801
46452
51003
27644
35587
40621
14952
48758
173
20828
13226
5104
23864
46794
47661
40162
46494
3574
49390
28363
14813
49781
36979
35769
40239
20739
14882
39920
23793
41136
8100
49309
8067
23311
50164
15766
13777
24941
24314
5915
24475
1176
27627
36043
45874
9444
7533
16347
8907
11808
35002
44746
21043
23789
33410
32711
31204
33738
33973
47846
41898
10918
15917
30206
17215
47543
37750
19245
5604
24762
46998
30656
36839
29638
22765
15243
9096
45006
27340
8839
42787
25122
27088
34635
915
9710
48004
1532
48413
6303
30068
33341
1863
7413
32780
235
20817
47615
17224
38939
29624
4725
51296
193
23032
47607
15757
6917
43103
50915
46899
10367
31088
42051
31372
9272
39146
27479
29947
24321
19537
24405
6961
38069
41563
40719
19049
33276
41044
12850
5407
10746
20594
1257
33539
21460
44768
14825
38541
38508
33294
11986
23822
14154
1075
4189
4938
32511
50173
44378
24565
9174
46381
27863
25642
46825
20694
35966
2535
29388
30331
6802
14712
50508
48670
10076
25584
46710
2307
5096
21920
16536
21953
19928
27805
29814
45381
44861
6051
24448
31769
38895
29588
35547
34563
22034
45876
23068
40811
8412
47183
30522
15950
21181
36730
50037
5921
240
40458
50931
38866
9347
22005
45473
218
2554
9507
24403
42292
35189
8399
16725
29707
3550
5880
27621
19606
49906
50500
14806
4119
39128
1647
775
30717
27010
14455
46028
32491
48416
1336
25508
51452
29177
43556
41756
23414
7404
48741
43970
13983
461
9874
31813
36901
5938
11862
36564
5027
42611
6105
36577
43302
3642
48048
36984
7449
24925
9641
30666
14110
36293
42591
5343
2357
2419
16686
15196
42917
16915
6777
45947
37993
575
36085
11456
43394
41329
6237
18032
20448
8913
18413
3113
17014
8360
3930
50805
29241
17221
3618
13236
3110
46674
24436
49327
15081
10958
15436
33576
2639
24043
37287
22323
33983
19529
57
11873
37268
30749
25141
8940
33515
21757
36996
5240
37837
16886
23635
27614
35318
14790
7244
39212
11609
25616
18091
17500
31647
15391
24312
6660
47800
14435
23088
10737
34140
25696
15470
1673
22899
29930
8169
34825
38299
41643
14279
27672
30125
18164
6310
26676
3445
28085
7355
41160
37375
15914
93
14903
21504
42111
50020
33078
44726
22514
43182
38782
13394
43932
16225
51515
50617
26020
33308
47674
40847
15239
11393
649
16664
44160
2741
51057
48222
19511
39596
45382
13811
38143
50984
29659
2547
32599
33469
25190
19114
34770
41232
34018
23200
28549
33620
12369
24633
28937
37383
29623
17637
5749
25035
38336
35555
44829
51667
587
11414
17152
5934
14704
1031
13867
14940
50581
567
35585
6099
12457
14315
49061
40241
40844
49297
33814
10955
51408
32448
11616
46940
48036
50415
15238
5772
35713
49090
43753
41243
29905
31856
44024
26160
39763
10083
38459
48330
16860
5908
40376
30079
40109
41964
47776
39885
39474
32656
36165
30737
7338
3929
29034
10648
45239
41323
5785
32262
43024
44542
33343
31868
30882
48076
42838
42881
5056
42926
4861
40699
34683
30644
1724
19445
14243
9768
21428
24252
34675
31501
47380
22712
50614
17042
18499
45233
38468
3752
22361
13081
28196
29409
3357
37957
49086
1234
44203
38082
50033
15108
33672
21941
28751
19544
44537
46775
37678
6540
12972
37501
28764
32423
23435
17518
45464
2284
29046
34287
44010
1769
50655
38780
50807
18331
25186
3760
7744
15809
6401
5657
34569
27648
15783
27610
5255
11541
1083
25212
21531
21860
31026
25761
49
43950
7181
46158
50460
35806
7553
4603
7029
28537
29205
14430
44670
38676
29605
17044
1547
36260
16876
42770
48793
4530
32721
21345
2129
3247
29744
16754
24476
26329
35209
47826
2304
3687
41667
43334
47155
7550
38015
5716
34529
27504
10773
23884
13272
13590
50077
41645
12935
45745
48772
39970
11490
29313
47946
4158
19953
916
34890
26189
9118
34814
25045
23367
41946
49677
8671
7076
36646
16870
35753
5182
10637
880
40575
18686
7400
20498
5153
8307
35052
49793
29652
15045
954
13921
31100
4829
46167
51565
42104
11493
27476
13778
19235
14798
50138
3615
13510
20732
20034
26743
9846
15313
1390
12011
12211
44284
23454
43351
36297
4823
22045
47528
10020
6010
12231
18380
50245
36006
47605
44059
38481
5319
51000
18447
49935
34478
26969
20533
50451
48023
37001
14049
9648
28176
41615
13303
20645
35205
34681
29047
2478
12076
2517
49430
3355
46974
16903
9797
10719
14650
38931
20059
21265
19486
41055
12158
43664
11955
39707
46291
5352
4660
9763
7381
9148
28548
30088
33070
17513
44279
46970
37592
26099
38564
39041
36129
36389
16420
40306
17019
45503
3717
2011
40527
38724
33060
39125
17622
33375
7189
11279
34198
41284
26844
50484
13425
28646
3650
5294
21930
11343
6706
30249
44791
34842
32287
25361
38445
43747
28655
48937
18805
3963
20525
21896
20045
36688
29446
45865
35716
13382
39196
25849
37172
2249
39932
20823
32703
30339
1243
30455
19229
28007
6960
15082
41670
10587
40171
10861
38619
38778
28948
45589
21502
33133
51209
31535
26178
23929
24548
35259
14242
3735
25293
15635
31414
21407
598
16987
41879
40867
46281
47559
49343
49446
7442
9147
2745
2933
18165
35148
1502
14741
40358
25188
16769
10225
36576
28780
6918
35979
24212
43101
27590
42999
27183
25152
13823
6466
10304
13215
2401
30179
13447
26417
45726
35736
11878
12966
48040
34521
8992
18894
28154
49909
13256
15562
36451
17048
31073
50452
7724
15356
39752
10585
22528
45018
47046
18611
23628
17193
14132
43669
6217
41918
19940
40509
14325
48563
6515
6280
49772
26380
15916
4110
24329
5622
47268
17274
40237
33557
17192
25684
41761
42492
40874
42530
2262
22840
17759
17354
43983
26009
18256
35675
39206
24713
13601
28936
15600
50054
13437
18293
27680
19942
40307
24783
43899
48751
47620
25353
33056
12018
11661
7095
50280
36249
32914
41525
35285
35755
28146
37735
6374
41461
5920
4180
1804
3317
48576
34655
44468
42357
1986
24817
47280
1956
25985
32442
44464
1828
50625
38407
238
46347
8110
7523
21824
7520
6939
17115
31583
33161
16388
18746
8610
35282
48585
8472
27446
41874
27012
17255
26809
16486
50425
43161
25543
1564
51073
33131
17244
41736
13621
27430
10868
10702
7412
43637
50085
27046
3103
38386
34499
15580
1533
5917
42815
26321
44873
35082
39176
41710
46922
49656
39171
27572
6284
23409
26008
46659
48012
35629
7747
873
33749
10915
29007
33806
1780
23456
39855
34524
46591
20031
51220
39556
2299
1003
10479
32091
15425
9059
23203
17618
7954
41641
48811
49532
27923
38324
31328
50158
5408
14255
24964
46729
5017
28485
21723
9400
51007
2235
44423
22267
47348
8713
43974
4374
31551
43951
9537
17560
31123
2334
49778
15207
38539
34741
42988
18632
28392
28464
14322
9383
26956
38068
48343
17576
50274
30660
21044
26201
28419
13779
44681
22743
12678
40841
6066
38830
12498
43471
13508
13844
24385
32302
8921
16811
49598
26304
16194
34307
15152
12542
25070
36468
12012
32509
601
39216
6986
13924
13027
31018
7791
6080
28036
34244
25408
28895
31131
37442
3551
49593
38906
26887
13079
12259
12424
14387
24846
12005
11023
31817
10928
6962
39647
9241
4502
43572
46224
10201
22986
50405
25479
22432
21366
758
18159
37020
40014
39209
7494
19136
22819
33910
36851
40116
46956
9670
25676
6152
29811
768
4487
39679
2768
40199
13069
10800
37980
8762
11600
7078
12961
10199
51284
6928
8005
36195
42976
2721
50112
3153
26943
26297
24287
51208
47578
21320
36582
21116
40203
39032
49406
10489
2190
8238
35184
16442
20267
3127
15058
49014
20763
23595
41672
26745
13341
18320
13735
23797
19398
32944
36011
9649
31910
4976
48279
44509
48113
40029
36867
46978
34577
16247
3297
18547
8972
25993
17160
4669
7925
17850
31220
16800
50826
25270
23267
29549
25773
45075
22322
29188
14660
45686
6559
3290
46105
22880
15853
32154
5088
40155
48565
12139
31668
34105
50769
16297
19666
26426
2884
45022
46854
45960
18495
9898
33741
21936
6950
39540
19337
44196
5340
22180
18636
32786
25264
18856
27983
31200
2846
7650
20991
35669
38030
7749
3431
46476
47898
14028
25799
24738
42053
13345
32380
27015
43415
10109
31441
23238
2288
50348
24928
1088
20517
32103
32888
36393
9588
41370
1068
19004
6996
49473
68
35062
29138
7691
45061
9777
24134
37954
15690
45114
17489
23573
10974
12875
34897
17729
18275
36610
29995
37024
29181
10824
46276
2216
43490
5576
12055
14589
31944
17006
10732
31013
23859
31032
24781
14250
11664
18694
31209
16602
20843
5736
16572
18625
44673
25572
41930
21329
21835
19878
9488
2131
194
50113
28187
39575
30949
25658
2049
5874
12118
48997
1612
3770
7816
33021
8144
48810
15642
29603
43536
35182
13720
40531
4010
40389
46675
50800
40611
51523
37890
43652
18963
16954
40032
19993
707
24714
17306
19825
18938
15049
11611
8321
25325
32496
47777
33658
40736
4761
30367
34960
24703
15116
28334
44729
34136
43853
7482
20670
5081
39960
28714
3037
16997
35750
10448
12591
25097
6163
36846
10108
50517
31591
19292
51574
44794
47668
12601
19755
37527
9594
29042
2399
19704
41840
4438
16105
24638
13383
38897
43241
21999
8125
9676
16839
44453
38133
12088
17339
27864
29560
16102
39771
18790
8522
8301
37902
49537
10976
29705
45620
51129
42224
14746
12267
4281
24813
15827
32844
11554
48381
3817
47384
41974
51447
38042
11726
29245
46818
5980
3856
13462
8676
43483
22153
32061
3998
49763
7302
22188
48385
27499
26060
19151
36040
11595
26098
27077
17957
35874
9962
15389
2964
45670
19125
20411
18324
15627
26776
8697
1171
16828
43339
37573
26263
35593
32728
39081
3556
46215
9612
28233
44860
50065
46258
44272
30212
11508
50577
19174
28829
31827
47258
16259
41072
12507
37148
30200
45208
8797
27837
35199
30135
6783
10196
49501
50674
16317
26886
26891
50989
22645
28295
12218
25109
16958
47752
17853
44247
29330
38320
37081
28679
5416
36314
24432
1098
34222
104
12841
846
45678
30639
33202
8705
22946
5367
43272
11054
50708
26305
299
7608
41062
25635
30242
30921
19559
17449
37780
50351
47707
491
47250
15161
14294
13486
19703
34704
40622
41216
44162
38493
50299
26470
37038
43072
39518
24571
5933
35983
35494
18693
37032
12287
21314
23835
46162
8173
1785
20238
15641
40370
2497
47870
7242
35551
7638
46111
31165
38706
4150
21494
20686
9548
11723
5472
14269
26485
16964
29725
32268
16258
7392
20793
16433
27242
37277
4012
28651
43680
25675
8659
476
23736
3207
14384
878
24822
32822
23351
48851
47174
38511
8261
18592
3267
29681
33091
5547
19101
14402
44663
33503
2601
49071
40429
20484
15796
30852
24155
24387
49912
8905
17648
41942
23004
47698
2410
1691
28250
4936
42374
40739
43644
16448
14178
12315
15291
43448
16220
41675
44894
32996
25889
14808
17302
36999
415
25447
22030
29625
51144
46607
41359
15883
34839
35556
961
22263
43605
1521
27687
50902
34492
2230
46290
12739
45889
7758
36636
17438
2492
14337
31321
16200
25262
9095
40964
44231
21904
26686
49244
36411
9471
14850
333
43290
30624
9380
17059
42480
50956
5310
24654
47663
46297
29012
3898
11353
6897
10255
42470
50172
18680
28707
20888
4520
34656
21040
1797
20052
18215
40334
39033
18112
2242
17566
37116
40168
46698
31922
36737
12127
349
10240
1648
32128
23092
15155
50110
39053
9283
36693
9459
37768
12187
2805
28706
20021
6218
15228
22182
21921
25034
31619
35136
41274
39566
514
39645
6340
30490
13159
50357
43701
44984
35037
33438
14996
47871
6945
26764
2881
47989
11207
43033
44698
16498
33137
23077
21122
15027
20382
7369
31249
3774
21786
2560
31972
36317
21831
23583
49457
4251
14046
16724
24642
44374
14810
7309
1499
24354
41028
28629
16323
1472
28991
32086
31210
184
8417
13606
23512
26065
41843
33205
37332
14544
7575
37925
49821
42722
48785
45128
6349
38315
41602
31978
15415
36983
4559
27991
8945
21538
16162
35544
36359
21570
16816
8926
46216
1741
23255
32343
661
14247
46914
8369
2390
35624
50676
45089
5100
37753
45735
16014
33409
5616
35893
45753
13887
4019
28681
23894
3391
40372
5887
7447
23650
42811
32936
44428
26446
6882
35044
12892
2650
36070
26619
17537
42937
41821
7168
48538
12946
7537
48154
27740
24832
37193
30049
48442
29519
49381
13901
27514
44234
12246
50681
45944
43578
38079
8493
26962
48734
41528
21095
26351
27899
29462
42232
3167
49303
44714
13304
24106
36623
34520
50602
23191
50071
39487
13047
47488
1963
33353
9872
27456
21103
25355
20995
27004
43136
8606
22566
7161
3932
22674
5158
49003
9524
19749
13533
42046
41158
15773
32322
27792
29909
23708
10231
5227
39432
18528
49215
51128
10696
40987
50355
25986
9273
44610
14695
50795
8426
16322
4568
20210
22904
32001
20990
37690
45193
26948
16615
46975
35172
25386
14112
24567
40421
9501
3139
32016
37624
12160
9788
47386
22785
15442
28437
16892
28042
18069
50231
3160
28996
17727
34835
35822
7170
5109
3894
22538
20472
6838
50620
43081
46093
21295
42853
50560
5789
5075
800
29014
21868
7187
41716
21450
36492
21140
18770
20625
26846
42352
23327
28648
4705
41236
12710
35251
42741
4906
11839
49499
40159
49439
40359
40015
51579
40768
38400
51504
838
41098
35953
34523
41387
31595
44632
31193
22519
12532
31600
26557
5978
13085
12212
43894
9860
5525
8289
27282
24026
12658
48871
18633
32304
21429
242
17164
28842
47396
6616
31959
35780
38779
43320
19212
12157
31390
24207
30555
47956
50379
32929
17462
14570
45766
21791
9765
51364
47507
16749
4489
15546
51525
10477
9563
26563
37712
51141
4468
38579
3740
47122
37904
2359
4340
44818
50225
37946
24288
9220
34875
36360
12104
44307
47998
44483
17175
41608
45973
19449
10748
32955
34809
31318
9019
31449
33016
13097
30820
6431
19872
5470
41011
12202
34357
13900
36651
30919
21956
21524
45997
3639
13420
48322
30511
15649
18430
11446
9183
48336
29113
6427
16465
35131
30189
24430
47416
21927
44356
46943
49657
45045
696
32078
49332
3020
5369
13730
20432
34051
39729
32673
49548
34458
33129
35130
30141
22284
47633
12675
932
37715
31454
5973
46529
41390
18035
34572
47935
41682
22220
17730
11659
16040
19884
51367
23457
36876
4338
30046
12065
46117
39025
5453
46073
1188
45334
42875
26851
23957
41265
12053
35206
32513
21853
3382
3909
51502
31346
30905
3121
27445
34763
49113
8153
47077
38
35039
645
331
14032
36931
4450
11211
7000
10099
30725
18351
8539
21114
5795
14827
5853
48488
44110
21755
48087
43573
22950
14234
10207
20649
47985
786
35005
23572
19326
36513
31412
1690
36172
15282
21557
34282
43167
49334
4118
15139
31968
47180
6311
29280
7849
40994
31358
29998
8815
5624
13559
20597
44118
12015
15136
20855
19353
27998
32917
195
44856
6952
27290
5287
6337
37488
15807
49716
43679
50068
32099
25395
28836
30613
31708
35427
23709
46769
39466
27957
4638
30854
46661
38209
42303
35969
25766
26141
26892
45792
3623
28231
49587
30164
46705
28404
25534
28861
33563
21055
4264
12554
34782
14507
1552
42107
8165
31796
6320
51600
9217
35435
14817
51114
37299
27869
8818
17966
37821
34583
279
40420
14738
17076
9669
37896
44754
37544
11139
15156
47888
41003
10965
34964
14911
50867
8302
26312
23727
15640
10405
28803
50064
371
40055
1012
27995
46565
48747
7948
41773
16660
13037
35516
17612
47673
18243
20404
32088
26562
27023
40191
27067
41564
7416
27118
9928
28856
46819
26751
42747
16727
41369
7889
40893
27189
12928
22543
47331
32717
42405
7507
15581
40138
14044
47287
11453
36405
38260
20523
9198
33742
36864
35447
23070
25998
19223
38078
26004
866
2191
48928
17476
23126
50230
36683
19628
31173
22448
9098
37345
30738
26587
49377
48081
37990
14502
15087
45866
48656
3775
49522
49674
32123
17669
22120
13627
15233
10775
12865
9481
28640
27154
26248
10809
631
14365
7352
20017
32311
26997
42942
3249
50234
24248
50366
47434
37419
20929
1708
48403
16210
311
4205
22942
42629
48350
1457
5353
48749
28741
34360
48506
40965
43937
28702
45746
38875
37848
32675
10074
28786
51221
23007
38914
27752
44763
12810
20251
20975
10384
32512
24600
51050
38038
3899
31017
17039
1531
36662
50917
22287
6877
19543
18127
7374
17677
34383
23980
31009
3808
26128
27362
21916
28366
31621
26318
15613
42412
22734
34057
4990
13299
23161
16046
37519
48079
49595
39638
33173
6635
7268
11775
47745
29407
41474
5134
46436
42511
14182
43348
25765
48951
13529
319
31141
34688
33712
37560
8142
39371
32054
9551
5630
20346
24382
11484
49100
40757
23616
22659
50546
23598
47033
839
27710
42808
35773
33334
27673
23689
40630
20464
24924
15198
41318
10662
21991
10606
14210
20554
6234
14244
30700
14354
33740
37124
8241
45555
39864
29080
50986
39242
2824
15767
10155
1659
1297
34152
34891
37826
834
15860
47833
33897
17930
49081
5882
25521
16018
9811
37136
20465
48711
36522
34435
15529
6791
35985
36091
17214
2106
43649
51358
17381
40361
39801
36303
16774
34586
32470
30740
51279
43220
49357
37235
4688
17999
40126
37533
16487
4024
46458
24562
36078
38944
45300
28356
41584
42190
5012
50478
9555
13305
38889
8533
19782
18249
40563
28505
3157
6506
5584
11469
23486
29742
16991
8215
24549
10791
16653
15830
4243
4364
46327
9331
36176
14613
21508
45490
5611
48526
1548
45112
6832
35871
46575
39273
50012
50532
5011
37552
25963
6249
6750
48774
44839
18250
25501
21237
15394
39593
11867
15351
49211
19962
35237
14317
47382
30463
18771
17575
42098
42694
19930
36465
31396
42704
9491
6549
2533
17364
24847
51470
45741
34338
2173
35968
41817
1471
23085
37898
21807
1456
44331
40354
18317
10838
28030
44181
39294
49387
38598
10397
50698
21664
45048
29163
9708
2134
24507
7689
6514
33704
36480
25980
47635
18239
2019
14329
23257
5752
8516
11765
5556
31114
27240
31011
33905
27596
13116
10071
12778
18627
42122
16851
21452
8089
5519
51522
13219
20900
28416
13620
44779
46213
3123
13543
43332
10766
4720
2302
10375
24532
31314
892
12630
13181
4963
8562
19119
26607
15249
35532
7551
16579
18594
2317
24580
24652
6440
24191
29635
21646
45948
24192
43867
2932
44142
49844
43386
5690
29033
5548
30273
14793
21516
27449
20839
38297
14967
3729
50962
17083
3606
24498
15268
3851
3015
2371
32465
9089
14711
16245
35197
21147
30119
49818
37363
32826
16304
37632
25931
27144
31858
1089
18429
36679
14310
30253
4965
34204
12188
50710
24669
33833
27721
15512
12273
6717
28031
33609
10804
28335
36642
46725
8219
15276
32169
39499
44909
28422
4539
15618
39826
17043
15366
35469
24830
38603
4613
47876
15350
5443
48155
49294
21031
6146
21180
32959
9565
5079
14960
46470
7406
46061
45985
7573
4283
5338
24955
3972
43908
47943
11278
51486
32794
41256
40451
974
24531
10571
48025
6904
46187
49063
20881
43265
22797
25819
973
985
14934
38733
42075
15953
45363
19787
35229
11073
10027
42139
11527
1967
8018
43491
40147
45695
36760
4477
39322
48487
50799
40062
12980
16914
12916
22200
35121
47244
46928
28982
19064
27682
45500
2012
24727
22718
22445
25806
36386
39994
5281
45279
47225
37413
8551
48558
6045
6527
51222
23977
25031
51569
17125
22218
28078
24808
25609
22848
24147
48295
3304
47955
28782
21969
48870
13237
38313
46353
51184
17660
40264
41110
44175
1081
1020
35863
43700
41676
31405
24232
5944
3922
25505
17753
30456
8536
7776
26324
16112
150
6763
38039
16920
44722
24819
39068
38081
19156
18799
49305
36949
21030
37068
28716
51217
35492
15930
19483
8735
13847
29346
15849
41552
6305
49786
24907
51245
3805
1328
7318
7322
41495
3323
7373
16817
43563
46369
50289
18350
37865
12176
46511
8953
28468
30153
6133
41470
33259
25073
51566
19294
41491
24275
18914
31788
15130
33026
44245
12449
38553
37388
31226
5848
27285
44306
14625
6544
9318
7053
37727
36631
37917
47158
51277
37669
26716
29877
50702
39942
36343
40859
29403
29419
39753
23821
38225
26302
46954
11865
26582
705
14181
10190
48807
5730
26088
7820
50432
8970
48003
15492
28587
15645
8129
4342
3844
33823
4622
41268
13808
36976
27546
27690
40179
34355
6595
12530
6314
6245
19088
49983
7137
39901
28800
28262
11169
8663
16512
41999
5744
11504
51308
28513
23253
44587
38607
4845
899
4301
38421
6966
45366
23656
33980
3442
44150
6392
12676
10167
36878
15016
24650
41312
2391
18002
42077
45957
26749
4152
31879
19964
24205
38637
24756
13723
4659
27074
23982
9831
33480
10132
19138
27784
9876
10032
1862
16321
31946
19786
23748
49602
37706
43792
7370
2374
755
26212
35563
31236
7961
47243
44030
24688
11902
26681
22401
43080
21567
35224
33282
49209
30789
13044
11828
10960
23943
45653
49491
654
34277
35845
44800
42869
12061
2096
20744
39931
43603
5696
45256
37623
39012
32148
25681
47716
20486
27284
10300
7464
30687
28137
25486
11244
26402
38990
15693
35701
19426
28412
51664
49147
22512
46009
31169
47333
44005
22029
44299
36953
33441
29864
40522
463
33868
50149
27276
19667
26415
15309
30975
39569
22604
5394
38252
34640
12126
13120
46440
41051
29830
38616
29225
30903
919
20064
4129
22226
125
15308
11500
48891
48600
44321
7043
43640
27193
50919
2794
17061
43875
13584
43192
33456
7011
8810
10535
10276
41255
15987
24513
13223
18452
51641
18259
16001
44488
2389
39875
187
36510
42802
23623
146
46136
22216
46958
33165
41789
24996
20637
16229
34907
17812
6201
1179
25652
25410
43375
25385
51674
43055
38672
5499
5356
4315
28538
46997
39576
19277
31582
25078
27511
1002
26682
33069
34935
34598
29527
14657
49804
15674
2428
20338
38059
49820
28255
41945
3834
50169
39895
9478
7371
41085
11497
38728
25575
41006
38722
4500
38346
33585
47861
22978
14039
24465
41895
9812
29144
46641
8239
38899
31882
20133
30507
2254
36974
28130
19830
19547
51580
31232
11237
23563
20852
903
4079
26774
36301
44741
21238
47677
49829
40232
16943
18302
28589
3352
13446
97
46896
28163
26462
47692
15852
2247
6057
29298
34766
39167
20461
37924
49580
267
41400
46717
48050
9468
43076
41117
5661
1326
6575
9926
35674
35612
5620
9957
36537
27600
31462
25754
23498
30063
38606
7257
20865
33274
25185
11372
31645
6496
9586
39780
32536
43657
9983
41338
21816
2692
18671
30160
46817
22279
10445
30559
40946
6981
18965
34739
1750
9569
37663
36667
1039
45737
46839
25046
42742
49477
19532
1896
5282
44087
49669
14633
47128
24601
12332
50121
42206
2432
47847
18997
23690
1370
34945
30306
37274
13663
50937
18743
38917
20231
19215
48578
17149
33326
48912
20311
24880
37440
14121
35854
31378
32258
18094
33252
13987
44441
47531
3300
27913
40397
26142
11665
42859
44445
16540
28879
33976
43634
26814
36182
8326
31040
40427
41644
32520
17134
43991
46155
26777
16065
39613
36065
787
45405
35602
33577
2761
35379
42539
26765
24259
26631
8211
35090
38119
29236
33816
20618
14761
26548
42977
4420
32551
383
9810
49459
1127
45211
48653
14474
12790
47218
14088
44821
47799
48794
37645
40090
10679
31953
9638
24135
3747
902
38933
5591
20103
47314
42839
24457
22142
39756
15385
7669
31053
46124
27453
17166
14961
19938
19155
190
46754
26001
18381
23
17543
8556
43495
15429
18807
30408
38984
49987
11892
2600
16672
17768
34112
5953
44153
35997
35114
29423
34034
21447
2250
2698
9304
1249
51394
17813
2626
22366
29771
39159
13962
3073
33347
2199
24070
50184
16562
21706
43545
21801
42467
51705
28100
15353
19528
27026
33778
32071
35955
7541
48209
20530
44482
37183
14812
4311
5102
16820
10180
41252
51591
10434
4968
42644
17469
1783
33578
23865
51611
31836
29185
3509
5939
24780
