433443
355028
319382
128141
96794
361278
311021
446442
467916
83093
327050
109128
164699
144724
221904
1868
533828
183911
461312
13923
154565
111688
292504
74777
298173
333558
414297
162441
378448
391684
197050
76642
72019
37232
263457
213262
468685
202837
176942
370330
283140
56948
208576
486221
34412
14803
35877
290173
522661
281320
342981
185601
256850
246586
334286
4812
12256
140494
165663
281105
274783
213621
463837
137729
168268
115432
361602
525751
310416
198617
526570
421912
140585
200182
197734
52799
518088
108914
52906
428097
371627
338255
153797
514881
357925
20235
252852
244088
350148
279368
299395
275908
494442
225437
471862
78439
46017
434130
408374
275567
96038
59967
102082
27235
451412
199084
353041
34131
423336
53202
489876
277384
318955
420643
393886
297041
84765
134666
227772
189097
184664
374389
443505
429636
218041
33459
70589
36139
526221
429753
416457
88103
160421
420215
403043
448712
342958
455885
21567
296006
113248
275691
28709
54740
160030
203281
139068
264451
43505
375012
41193
31585
67128
404192
166933
327972
211656
442736
272382
147605
85167
69096
124345
338013
319527
107189
505903
394919
495241
382672
404650
510609
48526
531758
84749
259821
474241
261627
87638
177961
208329
218440
480600
375501
58963
242883
365513
119355
520446
34964
199283
133966
238020
82978
325339
139266
188056
318560
265487
520308
484904
144768
370643
513033
357912
165163
101167
155653
76107
86466
178671
222332
397215
275257
234759
139870
258720
528066
524211
452262
282576
162083
144241
306829
484105
323357
300923
471686
468537
91620
86487
530444
496870
502919
289074
36377
77584
334556
503650
71169
97149
92482
35675
176360
118292
431604
157074
29326
374036
445367
354044
203417
13139
335587
457463
216841
462132
56119
38805
208347
103431
463702
305552
48661
408665
235155
485530
412446
366220
533427
227302
80578
213725
265527
31773
493447
475868
40402
347086
354831
319254
483273
129209
193529
189831
485549
334465
17570
35225
423581
423218
305703
303251
18023
493186
107600
104073
126413
493867
305566
352253
111754
367154
60822
2294
291794
298488
391600
155923
276386
162705
39508
451303
12924
399099
58423
281039
101073
157605
506659
174190
84884
25100
47483
470806
146026
338287
20585
274210
201403
265538
183229
378406
191480
20057
41306
194684
58497
338948
453887
49734
117171
344736
460102
416005
13212
240691
198275
146036
524567
391025
353712
415621
501348
278226
350440
286504
466126
303622
535707
73279
311286
396689
162901
129672
135978
11360
286517
401011
49731
274172
30886
294239
440087
311634
435354
508806
175082
469753
357065
200263
97684
265821
362247
186046
296645
92653
130488
395972
47675
234810
408692
324686
263006
293277
369801
143137
54615
38448
229581
268197
165098
454840
441028
2313
175655
63238
384496
305711
495665
216535
211245
360221
197576
42169
6066
186794
522624
323156
459427
421792
119108
74649
470721
460608
68761
534428
311630
238574
27093
253480
253289
357712
507251
325992
101329
505690
400734
397204
295648
479885
445497
169442
203276
250957
32304
408114
141157
379495
484698
474120
47376
16707
35414
211966
528105
482200
433320
454225
321588
447385
12887
25771
505810
308798
283938
340534
155034
283775
304498
193817
470420
160725
461479
408201
531863
418922
336422
465803
282028
501428
300605
523721
413796
58659
300392
322029
357191
496272
416324
398225
169827
57605
100777
96915
345570
445244
41135
335480
153174
277166
258060
467999
269558
322747
258920
63507
95088
21230
212051
309198
480106
223954
488056
78628
171118
413192
263077
116849
514970
419646
512544
364475
424323
251569
511176
170087
323961
173233
200722
102595
249191
797
48301
491373
61826
130224
271933
257126
47042
205515
68298
53233
307558
481527
339215
402539
466810
259448
175610
278977
302746
206660
309480
161291
191504
516215
173378
244907
322529
296895
175163
253044
78714
349638
16863
299489
465437
354353
262392
343355
499776
112154
230120
150859
442314
410783
511614
428451
301558
174664
162226
323388
422709
82100
439085
96443
203882
36841
397038
274947
446598
504137
198624
466541
397689
197251
243060
155200
220676
153885
240712
463053
426277
479581
525218
350584
69411
479235
131115
163605
70615
295920
387251
234023
447878
418295
453322
328800
140638
448813
307791
130588
44608
466075
140229
496869
93543
99849
37361
509956
241942
279077
25851
432128
408837
266440
112544
239945
385167
421558
525604
351991
22010
193988
104477
90859
220892
250884
364063
289674
424980
506409
535920
21119
272055
499936
498473
215006
78336
22201
279549
468509
8494
501138
237234
178884
255470
234983
55523
492803
138675
135600
532261
285519
404120
294881
338865
283802
459699
147426
495804
413643
366046
3599
191606
110426
90566
448659
164546
420683
221183
492990
402679
428008
72519
83427
426745
206811
209556
248557
162189
79754
65529
478516
487788
485609
367398
243032
55832
78733
519521
144042
489623
250522
47090
354345
463475
343788
240496
199536
467345
9256
24596
123707
425317
78717
470030
354633
15752
132210
225825
489428
241823
91494
253099
3519
488690
218779
309795
75396
401146
167690
364214
521246
454999
458687
410581
116568
400257
277135
418676
160567
237931
409476
250885
214089
421555
324604
65524
484121
87177
70607
380528
214511
327485
405472
264766
19602
284227
419011
178440
28649
364880
300747
65998
510133
215457
271082
65410
366782
531323
172677
219280
150455
453031
386671
306006
17067
175461
90506
491706
129160
89020
41295
506464
524019
102291
221562
473291
64878
15365
295094
172404
513342
110115
360679
381031
68647
6226
218753
37406
184598
426844
440024
157293
203394
102095
398590
248826
387675
20827
375537
342515
363408
256886
328801
245587
519861
286514
123351
13531
506020
454660
239822
463858
180499
143855
337812
120026
450465
93848
375505
224464
268438
183932
109083
449207
126317
112611
415802
128825
113659
260171
353735
210930
458161
125844
260149
242464
343650
438470
89925
266725
14424
272165
195823
374991
507844
246109
221416
66083
340494
183405
201233
531070
361137
173049
210637
303057
190672
105045
231385
274204
501228
535177
299901
432679
503886
175910
46799
371877
297090
367742
531652
506463
418795
525523
514581
12352
113824
493475
447629
462772
319668
426727
162172
161420
150949
512194
120000
184240
252691
89950
136229
300665
400349
365398
5439
529489
298470
126359
90660
376761
206702
438106
58193
155983
54876
25000
50253
250840
218480
215411
138228
379392
6256
87042
11008
262104
177111
353641
136143
203026
293439
81679
46972
389495
197632
118522
195441
62607
173811
433184
161047
151527
454698
187752
135031
93302
428444
206988
529057
106392
91530
493221
129061
371017
64376
213474
279414
13827
521797
521955
17419
241786
235976
413022
524711
415058
323122
16156
234321
191776
289093
167645
98278
280055
267594
144153
352332
383480
404839
494128
489615
322707
27830
65742
266488
248616
519297
382707
88031
369069
28028
137690
514016
350470
187356
523898
379442
99299
222735
234051
289360
212451
383183
21574
343452
370221
216292
193160
28476
52876
409794
398875
126986
326373
37250
47933
236421
182847
186153
168763
207988
63153
449493
252753
269062
463668
131366
183629
59131
19391
531769
418517
517572
446099
394192
223672
193878
327237
106307
516338
210436
82119
189043
275794
185732
228777
462949
50894
309820
471711
126568
440335
377367
188357
285308
356305
180059
94777
37411
136319
91873
135659
441930
298283
364908
227835
335937
439697
339074
105854
61174
84772
518733
389345
105452
135458
110303
493065
320142
501119
459141
50857
436764
403832
251745
27911
214018
463588
433466
220911
227365
181454
156586
408141
334731
66275
56813
56668
265472
500715
22631
384793
182479
274757
337490
512861
57963
188159
30158
499462
385635
234746
343901
183933
371523
515699
399019
145404
125921
285822
171626
293448
254250
20552
236433
192740
308289
466503
512226
197151
52203
404317
431456
300604
176911
208408
435429
145672
492600
357614
515684
134844
356642
231583
40552
81141
165057
417484
190488
321841
535851
164837
122290
314000
5816
438540
71907
365665
473144
307258
460153
306535
240361
206258
29680
507125
173155
355959
501885
211388
381487
478303
221586
458102
32519
213443
7485
495164
176692
31783
366089
206580
253432
507275
118319
364965
360812
326588
429585
459200
441355
54474
144657
515840
308024
416869
525390
375236
369842
464366
473950
467876
89623
172790
290888
116325
91457
71181
264105
37701
175754
311276
216787
458482
380357
321518
300650
327077
297675
317636
411074
408636
407515
20672
251353
38851
134668
2952
354053
173480
110017
519261
513550
80035
68527
79610
330736
455744
479974
494942
319818
260483
429380
326969
296649
184978
205996
404759
208633
440608
427634
342977
481886
522564
76030
313345
202080
305456
112658
13015
408150
460815
361660
263047
255038
222111
298019
189749
238054
509723
374341
479407
381353
224742
62001
517511
103124
233609
128639
137639
74068
140844
485441
256665
74389
35504
115055
453813
149367
235081
522765
94863
291355
279796
501226
466578
387239
112360
121301
251503
484162
426021
405973
121466
33038
143040
92046
238111
139518
297747
132236
319876
265653
451565
317901
86537
93786
325239
98939
141945
338386
507444
36866
347950
324750
241491
294674
134200
144722
155438
288890
216146
445522
335202
503711
381855
135162
389614
247905
296731
15972
16341
298859
223799
293936
308337
94733
340831
120990
78149
440750
264048
416636
340193
68136
526985
13424
326687
2508
454271
459494
273340
50947
394645
312919
261690
171143
130248
525678
426891
67261
486938
166651
114759
265632
286106
491807
318383
449139
361489
58879
99204
217118
357931
239312
289906
314659
518393
282811
217428
421749
492263
55649
105873
180567
522014
520005
104088
126424
179975
104171
293126
123733
400967
523003
136454
93026
18030
152568
207357
529775
320475
391235
414842
431792
256189
510922
326678
508689
304150
327905
494383
342024
24322
439838
79729
382673
342167
535386
263118
497378
365366
339556
266855
362776
201058
144931
339128
16639
515907
16464
314112
179330
372975
390194
37782
271288
405485
68279
40937
449830
21783
222558
19291
165753
334228
69953
436574
204720
218245
532923
499901
331179
465721
264819
176745
69774
464676
226705
173274
452103
239851
98019
526072
337955
364758
70011
238998
260552
444533
17551
362193
197918
256935
346743
338754
510845
36607
428792
43611
300839
133755
284040
63363
169600
344168
157141
285785
329524
332752
531123
10727
436903
20903
438022
57704
282982
364025
394107
436569
535283
82035
195451
437929
507247
479796
397198
464449
337919
284632
447727
419037
58044
234387
171497
325298
6649
304424
231615
82135
60962
435524
297145
407080
213903
408165
299874
392700
120613
9959
197730
279873
111086
509486
86332
172322
406176
528484
93536
194011
350486
73800
37183
103026
186178
362547
47999
299522
148845
159558
156520
369664
250035
510448
385011
308226
62581
504082
100104
7294
199656
9003
504992
262304
484632
509505
88653
415103
518760
330172
195627
3916
84721
388797
313148
494742
451246
269749
109796
88691
52391
348579
19153
141280
117968
397569
468661
93073
518253
23621
88820
225230
357268
65455
106178
528240
308827
466675
409628
78968
216118
466991
303401
125847
471993
253557
485525
94470
197063
71888
204405
508942
223126
139067
460969
412397
200510
115746
461425
183538
419538
136820
457006
266013
178328
396570
142123
508865
18457
62389
183801
455314
25263
318740
97681
468573
63954
310983
511775
320152
471533
289398
114961
306289
464437
489721
313031
15232
515958
7586
89678
283659
315919
25203
232457
9722
37715
380342
32528
148732
432369
206683
146836
464961
56110
230886
250378
107662
380427
101698
260901
318722
389971
208720
283716
422006
114527
423569
277678
194933
9334
316300
374557
243304
358148
290114
193293
236057
15658
396246
489476
163124
463389
65640
88019
338709
390794
357605
469007
63502
390281
83238
274417
355355
148904
482591
190116
96270
156411
464045
109461
448017
253463
185943
250997
449353
14616
526918
502204
316532
448788
438782
446133
13931
207881
136305
89679
163883
276958
55939
468325
389877
257565
92656
277174
391724
126701
173212
27283
59884
521855
131044
490654
519486
44909
217658
166167
447512
259304
105309
278006
191073
526936
296100
315456
51949
437067
211436
175190
310505
159849
6783
186122
445127
351589
210957
163529
190340
10032
61040
172162
91777
411445
418902
392085
169209
321502
526290
295080
520138
283536
348904
208422
385942
131984
54272
447986
35977
379366
438297
525384
100693
150568
270463
465961
302649
54015
221469
106401
15035
14926
468045
110256
168981
513619
22688
13735
418792
76262
22999
472279
516327
239947
292011
96347
13215
395233
99220
441697
261385
289761
198212
78997
47298
46805
443528
31374
279915
158098
212272
144565
221428
444879
441600
314417
376230
30727
322109
3367
59525
282332
409907
16516
75360
14310
1347
329824
307269
357523
31854
484494
474597
491637
505885
283567
426910
386811
278174
224473
313463
50222
262452
353352
252095
221677
128872
163072
14478
389342
458258
326029
76948
214624
264435
492999
435861
515478
302590
368313
498993
205441
114277
92103
445996
480208
324322
455489
6181
24661
93664
69009
31805
208210
435436
439328
476311
194065
488399
528855
18912
84828
71492
309185
390023
356536
365123
126534
432995
414820
141471
292714
506952
46901
64306
245965
411823
402726
356926
517454
279799
223562
315734
454228
441250
376209
195927
261011
26666
371181
354253
318110
506641
190194
407139
493607
368162
329293
43410
360835
482712
37779
326634
60389
304671
250836
372551
197885
489697
4736
468687
450756
113547
435494
529095
341928
422466
378261
341573
23106
122869
510447
82578
476555
49404
277373
357112
109707
344361
49841
191028
37815
466866
6049
252823
529449
281161
