503533
160900
306817
468218
198297
100571
340971
23874
517993
183952
204004
326461
195459
480535
98206
331519
67943
275800
179672
25782
491589
34284
280904
347168
255533
510538
323243
530736
192156
36257
435069
39533
214418
100556
139868
71696
511723
433563
468328
389535
495572
438512
450247
115896
179324
214789
359292
466537
347271
508004
156722
346521
430847
92789
519838
20812
236281
46396
517105
372534
34787
11164
10403
383388
209867
40253
125567
89710
83172
347518
332232
63171
500460
19541
311452
7052
210196
304733
12316
18494
393426
430116
49181
325842
364273
8019
323374
360117
166258
314132
175218
327930
471771
465867
331458
382226
456257
180240
346298
269476
175501
95623
137616
423296
485497
72637
119675
131398
310661
533573
228160
449343
9197
376103
81541
67485
533402
51235
273147
518272
8543
396311
7193
17206
440483
239695
167665
530436
356950
365292
385080
226810
244618
277367
127042
422519
460495
428134
420824
222599
45974
113884
294419
168320
357638
126818
160005
462706
235707
234641
450789
293817
296753
159619
418205
223354
16812
402592
507533
488625
164055
367260
375900
357311
343852
4327
484206
98301
412177
152612
310088
353752
190430
78716
61958
156107
312849
239200
459903
318224
134188
345348
104981
228352
344182
29282
358959
275672
140829
517604
204620
58218
416425
536014
188977
530780
491497
509896
55009
513216
96660
80812
191807
88374
92717
488503
29646
361336
257229
346046
308203
228838
151313
184962
243766
314804
498285
396851
489091
316302
179118
394969
244750
379754
178665
411158
167220
357320
311433
136603
516555
100678
465323
489950
475628
519552
363370
436532
8329
318099
448966
29950
361886
413238
511031
330622
429932
358524
297880
140902
291645
528935
365125
137923
161688
413051
408485
161490
422111
168112
215037
170957
195185
32359
344373
108582
332959
68771
447050
496682
163122
195327
484537
148977
435648
17650
154660
154075
219270
248366
137990
401787
200615
185785
330555
298317
428538
428847
409513
351228
386066
426533
55860
468547
268928
480268
48197
521377
528841
533815
468872
414095
3149
220309
175814
370107
158924
195737
467445
459550
297728
54824
328160
344432
224968
470119
163384
378135
458176
306491
141062
484502
510442
527578
365298
237408
319441
96811
302545
232356
342141
107998
171239
336540
239319
163513
197172
9082
222826
273295
47156
400739
58234
376355
464377
98707
179642
16236
45287
314959
70218
224693
94133
99062
168145
440141
476004
291396
115645
22303
403117
157217
240621
288046
424122
147267
110207
513482
477202
482064
37242
189675
352229
64294
414282
171764
450820
436963
258414
260621
202357
462696
403922
241502
184397
19327
420980
243109
171766
488771
99357
54886
396791
517289
248239
228749
234197
68646
44062
56630
251225
283956
224036
303182
58858
411685
71963
246216
193401
2311
8157
238614
331724
320372
267531
5752
206765
220971
261316
291808
189839
37599
430975
69746
504243
155904
222302
167464
82411
61312
275115
133236
43736
166649
427166
445213
474225
206110
426931
459925
448898
237434
319306
212375
192567
392828
96098
204752
14335
451948
319578
389010
330181
95667
439494
484416
418663
198463
316692
66689
136163
413857
521006
236353
204222
391282
466564
190286
95176
84651
269751
83934
222002
358206
84031
183543
268848
370654
264114
386233
474093
45629
81583
72240
35467
282228
295617
212565
280337
196418
398843
71413
213192
392032
398809
49417
456212
108883
253913
528264
189449
83251
82839
125998
94454
298648
167929
383886
446936
182242
316312
350512
413262
228079
138489
213206
34728
306306
234427
27428
102500
215005
1853
259934
4382
517380
497027
215639
183698
18011
467755
161777
159367
146760
494189
503296
441090
17396
140962
364541
330963
475948
515458
691
11626
259086
52499
57046
297392
316388
212761
250525
513790
5665
129860
479660
106912
279671
431110
129713
528918
169346
231276
288773
295600
119798
423102
500034
472358
483671
417946
527160
428237
18093
508135
360418
280236
53250
125168
301267
245408
306777
89136
211490
422827
479364
502173
221435
103998
243838
478485
128019
256676
98570
192486
135175
231787
384053
354927
400362
196994
356979
351125
212191
362112
419720
504393
360059
232219
307407
356695
164017
217741
6154
90721
403471
286487
22076
437702
142952
208466
435087
531215
423197
341
76214
382269
231804
157431
83711
130595
286592
436510
184519
498779
270675
327510
301711
337869
136055
384041
267145
529446
480144
257826
23580
377740
491205
342663
290769
290212
482135
92326
55813
254075
37138
319127
73313
395772
309529
312129
351236
370995
517770
92513
362278
261317
533762
192234
374540
247336
44434
183552
398020
387644
279621
20307
231543
228743
282287
140106
457452
419755
356484
359862
175945
13758
167417
182647
446146
414720
129453
195975
289201
330836
326294
371417
58126
266576
383376
477456
293288
7233
244031
64374
65377
245474
45387
10542
152429
507073
471743
56568
22133
472374
64860
274578
193498
375091
363511
172862
443008
292074
456734
329102
381491
192298
271073
446390
78285
402130
234974
292546
30118
142276
168023
163047
255857
505651
346662
68196
64336
121866
358463
275175
386063
260194
331732
116994
222933
504814
292416
15124
493016
224081
450590
183862
281545
483948
166825
286227
365297
441384
498651
154612
432521
522720
274514
406395
225818
416100
127453
141010
496199
452785
354213
480663
491177
519922
259486
345800
530358
10219
88168
100211
446631
433882
210252
92927
160520
201283
58102
456225
187389
20102
285766
61091
37474
19006
45731
265792
276935
64292
240202
22633
121470
191583
39481
107080
109459
241906
428621
134405
436876
131196
163367
515170
207408
152941
221501
63293
300775
533460
180405
56634
503940
379866
346196
463685
519651
142378
362372
294389
357239
121630
445133
112094
256392
80467
153423
325524
492613
535150
387140
342419
426089
27041
535297
528395
257325
13371
343345
402741
13571
317219
103264
152454
251707
192132
186693
324773
172979
501947
7517
509857
363877
512617
225204
128466
500503
243207
366305
79758
354015
244722
304241
19426
312228
462327
406090
161570
208994
457587
13926
516755
347919
340533
362825
52397
378688
387369
134092
134768
363401
237670
285319
534139
436678
268765
140099
334313
313701
72569
33871
136721
171116
13091
121380
292620
453386
504731
17909
54246
305233
531282
216443
95605
198130
55371
97040
333955
120738
450770
323559
368619
441338
461313
198121
41030
419091
183660
535273
337385
69508
35403
362831
240441
241148
13389
466143
311812
283534
398219
271658
483210
262431
64532
486608
118622
503212
136225
187195
127170
12410
427881
385077
219182
206263
152019
369927
352511
70555
3273
307854
67861
60407
516276
234582
331423
255586
373193
190347
255377
78161
478742
269353
95199
260026
196882
433719
512978
18730
209985
140432
188350
502598
339661
471362
90045
170371
340374
461371
6799
204825
301822
378233
397470
99156
13180
264682
514076
260813
193140
149255
358435
184169
378568
171499
149165
163419
473525
385622
127820
466150
255907
419613
38715
228798
153965
269587
297320
301417
453480
487712
124661
159279
522544
75637
382783
108154
477127
228485
418957
373693
512541
117464
118199
331281
188136
295141
66657
276205
158038
382872
415087
294143
281813
464876
403769
495144
200565
401863
525064
490299
443908
131090
470842
304608
502527
450916
38185
126724
359301
141838
281108
237038
205879
191229
24177
433753
159742
109178
115385
79358
232522
353436
400956
29642
14227
197017
262526
133553
7386
316416
460124
309311
200891
145132
161914
28509
409109
441026
458608
525238
453269
453819
180131
111278
458806
453000
488930
292112
63939
275107
93155
196285
389502
1011
87359
408437
164709
15044
355435
445710
6522
128780
501368
497692
69304
269828
97386
377500
420698
502268
222140
484923
322151
272475
223298
461116
505924
1397
464019
459087
322117
389997
173474
435366
340472
290216
80395
286250
225705
126416
472236
214652
220204
286779
59650
491059
29409
444602
273808
233261
376618
210260
399835
486079
152706
450161
153869
272445
515543
191191
420861
412292
31562
8486
189965
371050
203165
415224
349437
9295
424332
53591
470617
153154
470566
453346
451588
98090
478004
46069
303012
248802
93028
489300
164717
179887
495563
462405
467264
220252
433301
467609
232306
381219
107476
408825
480270
351269
498072
79855
299881
350181
526070
90530
327598
249670
158169
451067
259743
225702
261695
280205
366938
66056
157389
366821
253393
435597
314039
180349
75013
41688
342814
123951
391768
429252
79783
277556
301368
205995
392916
32464
396931
108469
220179
195129
409946
535208
357344
53738
137850
297553
275501
416198
331246
382326
124900
361035
47917
123339
180419
374849
298757
522288
320374
225055
90398
50284
141143
356182
30437
319083
445995
482239
294636
221895
243517
423839
323453
331451
406195
96624
285624
68163
258505
421702
421554
349109
336566
156329
419743
267879
412740
331380
136474
66556
490547
446368
483033
155124
425318
270435
393178
265580
52890
156341
92428
376476
94878
305938
172856
52728
39582
284135
389013
188408
47557
152278
321185
389109
99802
37145
34091
147130
163833
24910
498350
474502
215940
65918
133747
44625
72189
12499
518120
451431
401135
152828
344127
520178
129483
296014
114911
301700
154404
509064
333410
285819
473757
405652
492304
148849
517109
458477
302164
161332
190128
341658
478685
231200
244005
125787
157031
9574
4010
502828
510300
209531
71308
228824
185575
440359
531767
353661
28949
275105
516745
261165
359988
331667
169722
511413
400966
499972
221598
30964
97730
35911
226173
312119
411052
193296
431057
107388
337627
66980
41303
291030
189264
271952
45495
176829
48895
461970
519960
301659
173313
45558
524099
89275
151761
19744
228576
468078
271356
102577
79993
26938
486591
531776
315544
273393
242921
176314
388248
120240
381160
263026
487060
220639
530065
419963
313794
289888
209391
184049
97231
299883
36691
229705
285200
450212
294784
102116
361116
24894
329782
396700
241291
206081
247023
385021
317864
301442
345238
374668
33363
495311
79207
347699
160053
45041
45523
513057
193109
195254
182794
359398
438248
383405
411730
398478
439312
245838
140117
89993
141770
504054
474214
257664
143847
65828
85070
157844
362625
492099
18448
177215
153353
95294
532879
35642
56288
281134
373661
486276
441328
184419
296437
370356
59904
457390
27893
11367
198523
511913
110725
192791
29491
207476
257048
164428
515063
33336
157932
427314
243433
346202
375223
529765
65850
267965
190724
458081
430715
101436
327798
388226
80572
121163
249537
252227
420541
474157
183652
196217
216762
274013
455496
145652
109184
369894
332826
262327
189720
452673
315384
371538
419137
371751
27908
307125
25132
178044
230090
274991
16773
42229
449798
477429
246656
301150
269243
196393
209077
489920
335574
130542
109130
6567
296185
153246
257124
19798
303924
298025
114090
531278
291917
374325
361962
211231
439260
281920
471275
427543
516715
491385
437262
218702
155925
217085
38053
141374
127465
467044
118174
106710
138428
384604
6335
497351
287262
18128
224596
65312
334788
368520
288292
388271
3199
138315
348205
337272
100549
141839
265678
247692
158939
418083
517833
373610
65891
240094
502111
268791
399911
8043
150329
397605
122267
251269
497897
126578
376720
220357
146500
458930
86375
170858
434949
37091
272223
413574
250030
311604
220962
153996
512811
351672
161885
165776
246023
259073
212583
412608
352095
245542
466346
271547
452893
409805
509760
369698
447902
373596
400560
269212
300355
260655
514228
149909
503880
47178
428128
229416
190102
108188
35769
66354
131201
339330
126978
13107
286632
404160
125215
518142
223889
335831
167004
289853
8310
477255
62747
31258
63485
62631
509805
466394
517171
377997
53975
56515
355615
112944
387256
329935
30460
104599
437353
489002
107152
120966
40816
495710
80143
511238
63300
300249
356295
404732
138773
142859
260370
438874
14450
138426
278550
530046
459681
453440
422690
155589
120764
305100
394797
329588
50921
105151
51907
4205
440632
500260
513343
324853
254912
509076
47169
469593
432610
79972
10959
310392
140732
284479
394587
153210
288909
497703
473052
176284
113138
472702
512140
271267
14606
114448
421997
365275
131715
95445
465689
234625
22752
216958
89347
207777
135988
534661
294718
202205
363742
324250
89861
149433
17277
514719
321704
323128
468014
440306
489337
530428
509670
448503
464772
470052
360702
202134
136769
178199
278875
236539
406459
468660
22542
451729
384431
409247
63246
4565
369277
271942
3618
307663
440670
287002
60044
440558
272693
276325
136197
237828
278628
36166
391538
426624
178674
336872
285226
164753
176475
451288
196320
421762
346773
126473
329916
435988
266822
92516
225605
321325
499620
532057
313399
439460
365893
138182
305397
387784
313993
463473
431051
402012
147866
113676
447774
174947
185539
447310
181075
85804
487660
329371
523548
311302
92463
413653
395758
275434
396355
246248
151016
429058
333212
22634
427469
325422
175436
261877
133335
108458
317200
480873
336563
248647
213402
188459
528839
437979
31233
514828
352945
385423
483813
151814
514614
512941
436179
528901
233164
464492
515225
453529
85601
205433
20566
453851
414897
91401
71337
75150
87260
404696
268552
234762
187501
10278
357260
197523
183456
397170
329468
351985
238586
385252
266927
385576
221613
40397
79739
240057
527609
303645
162866
379378
151241
398440
28684
279198
412910
444382
519937
332585
213923
456196
521978
337427
91751
470374
102739
254057
310076
327506
82767
66210
490953
359911
157913
58983
174066
346528
30815
482156
382928
448323
507981
510171
318305
208702
503802
128153
15503
89366
468641
64810
226300
352012
105685
320470
298134
284104
323423
324513
84281
478075
483436
1806
486643
22479
60353
370084
298075
196089
17860
282800
67817
39363
524744
388661
202826
16874
467338
372195
19961
319175
209757
141240
163761
237882
114690
60035
182107
316690
40373
438830
273493
380982
288680
379051
368371
275362
462356
176508
216472
504538
520150
82718
422634
253524
486855
93737
281404
115755
497057
388296
157746
166961
142511
249803
400550
180415
319935
443838
240176
246479
409620
425715
86660
153841
110191
93698
67096
61400
525584
251984
356236
513306
350484
57079
180559
132045
181892
70328
90435
531567
304364
425796
257040
423542
101463
97547
167023
192991
368342
278702
210548
513346
286295
402123
529312
219176
449345
522960
256470
370787
53198
32576
365579
292102
489751
176592
354413
490829
473940
240386
302192
233553
473541
234
419108
207125
274358
46540
429657
192054
221704
491953
432154
410541
179336
473547
5927
438017
224860
485651
524046
302065
392894
173640
337718
123634
294423
210033
385395
118388
30
333359
382692
278069
55627
525347
142653
124330
25209
433593
233422
143902
527193
382847
449066
56739
275623
96898
191464
448494
178561
110273
128532
21672
52836
3508
53809
72636
334365
186775
113415
399409
38862
112148
299397
148227
102032
414436
490782
507178
424506
290789
236887
51088
40834
351502
488653
148049
129762
349074
324383
313263
294642
59936
13458
468595
134015
195013
258635
305896
122064
358131
505907
157613
355219
379573
129833
10753
276395
156234
40292
404956
170588
99778
512286
196792
37341
35591
428421
295305
467316
38808
89949
421282
181849
94162
514577
223858
29942
193835
534503
428130
359888
356244
205214
254137
339383
44898
380997
32916
68606
526626
236523
327997
173228
506397
26630
212159
232206
54472
77925
478222
107613
19362
398200
197909
48413
259680
36271
478375
367946
372392
323308
449362
209635
518761
81842
850
329819
345656
130471
464512
230869
37105
52582
378408
173122
246693
453021
433832
223842
66572
427094
526167
190078
135634
392365
366335
318020
53364
111811
141039
311160
442644
9389
198110
215644
303942
136194
251963
349692
445569
129941
246385
191152
413126
98441
462110
464975
316444
178372
386523
147164
338298
499401
402056
55109
226827
67560
47928
283896
59375
475571
75625
492951
348042
86413
198963
127029
533670
344347
126805
437125
197900
511567
192175
110456
244890
193050
468457
158867
274636
473776
344124
272587
390872
208182
118421
85476
287210
410174
280593
86155
489992
121099
329706
231110
358582
497347
377317
151110
201103
149337
193367
288986
171238
280580
60905
165138
38725
128755
229886
115588
3168
313982
31719
523222
521895
86989
106816
200897
125899
399183
113380
347517
429292
207466
380945
194083
496731
308939
238397
329301
439199
222213
456091
384611
289342
371831
268851
83010
163345
80340
257104
86143
473132
488628
216536
313074
48780
89778
13694
370244
316400
439310
242874
235501
204277
97318
30946
189244
260651
232146
530445
45103
223948
317486
391019
532269
486246
463109
255826
209771
356499
344624
487287
59785
257921
66517
167566
265754
92762
12374
466505
198290
421213
59630
122157
305327
21031
220711
108163
174318
84690
391056
57737
462261
471669
313731
251508
88499
265188
132790
197371
85525
205975
406916
208890
228896
405983
284201
296665
55883
309914
235080
121348
463464
168332
403838
57227
261257
361811
177069
313687
501467
53840
11031
214235
396194
259125
45760
490928
360166
173902
67255
51693
144770
58536
276767
204674
182565
180620
405254
511134
503167
245606
24329
106061
186783
341967
418631
330735
466811
232681
255223
307351
445901
146472
371594
294681
326967
59608
354696
406870
321737
87433
318751
247767
50492
328937
406258
418072
195283
349327
39917
434758
289080
445862
3798
246160
105590
255113
409411
441714
114298
132087
192247
245609
483504
155627
382818
284685
450681
389778
79775
496560
133811
46073
463462
376207
309500
413973
168793
241443
181510
20063
138070
217562
210088
419432
158857
84506
282502
76662
138586
523237
389316
466326
277065
413109
188872
98309
220967
343780
498897
461149
33104
333908
115856
322909
234234
528577
48843
439123
122117
288998
535243
408087
434532
289572
35728
246206
474787
386776
399826
8364
163758
430631
7524
392956
123480
362531
422261
141370
153080
499509
75657
189701
124141
447919
419756
150281
366866
13966
228108
513200
352649
379487
172666
480588
317090
245578
92944
59018
97918
190224
347416
126632
383634
431793
400980
530703
237176
513899
402405
503768
397902
477889
94514
1143
529831
264969
75890
344307
52954
493051
305461
418737
317128
486968
245164
37705
465287
45108
62305
160830
288511
402373
126099
115849
286721
476754
327458
249336
8244
346042
331331
385954
492162
159161
426044
482353
302080
67091
220462
310498
472344
472879
146809
222881
333392
374831
222077
20499
159565
74303
197858
62202
440191
529572
163560
133653
312943
286873
78137
128725
433046
447157
529699
441264
50518
442947
114449
207337
116868
508391
447468
159423
392354
59173
530291
503351
484795
42289
458990
449195
9094
74820
13000
20219
55184
311883
134196
390081
223276
369603
190365
120568
290042
357857
276391
155352
502359
317676
142980
147622
59683
178937
412677
298752
224973
343874
379034
89439
86549
262724
337128
442393
189794
409959
418534
434666
322397
319353
152213
38222
274546
329638
311336
526063
411972
250588
503678
154885
183009
361756
47446
378637
209937
223601
405936
201379
479663
386046
254106
217072
426735
201066
156785
194855
305390
350799
165512
529910
497884
142217
402419
89126
354478
309059
515258
451366
81786
7191
400255
317003
133654
466134
306553
25691
263213
515570
237929
463041
534374
311695
360786
205767
141610
291708
249471
68740
94882
127533
492243
438228
140472
458999
363607
94852
23516
287083
201098
323068
367984
324255
1219
100992
520330
113457
473908
271940
214471
525419
107465
33637
319387
52016
349372
358234
199928
482696
457267
490134
471747
512620
516139
49583
224801
158705
405463
85958
186026
233258
290644
186913
231499
89889
155448
316910
512020
452688
466106
413017
123111
490361
408421
403949
324650
184706
390576
432643
214697
386449
177476
44433
199933
156387
175840
394085
371456
271709
207502
386133
135886
221164
289396
402785
158304
529791
408562
330498
372058
214965
381930
91655
39811
283805
39686
525286
106910
301253
519663
184668
363570
431596
73395
489255
111649
390444
98988
34495
169656
236398
455696
253002
202230
148561
76878
290492
377910
70172
207520
214547
17547
443497
177825
181070
27870
180319
87946
197581
392195
196654
295585
198257
341081
283023
321912
189316
371839
178456
55031
516349
345388
52489
448988
201210
147211
167450
284528
206390
395329
292045
498656
470623
69873
1878
59419
517282
303242
844
132245
470128
51566
480919
162448
37195
398216
217758
520962
73958
529198
404167
159213
15307
223540
28811
497369
187918
428319
69936
454704
326718
88200
43925
136312
449796
84346
281486
333224
62408
250207
362801
471999
210333
37895
196447
155780
231798
533179
257850
432478
447681
164578
312695
134341
317842
141328
209561
307595
129521
393311
319424
484837
147186
54834
491243
187486
299992
373196
229619
14045
419413
203015
43168
311243
89956
55593
40849
154241
296633
493685
486172
312778
191952
170021
7520
508789
372831
215655
82828
195299
470850
505036
251691
57444
200567
431277
29193
16794
386264
14978
178260
303826
367205
191185
290363
258463
82750
186799
282746
369427
283297
227789
452421
511612
523893
267801
454201
233852
320652
112397
236285
269932
258436
153946
238365
319393
326422
343613
285797
496998
149923
468279
317256
175659
387049
342657
286051
430706
206789
334676
145369
424800
493564
121138
126398
18119
238401
145326
174852
362357
28847
322803
489202
33875
355379
64845
13652
308386
299321
87238
475501
67468
391847
204797
219029
116579
446611
39230
468012
309761
383058
252507
309099
133015
325121
332503
261377
113113
340313
324746
360621
97767
61988
171396
169634
259967
149621
129701
422797
486032
371332
451266
128934
186781
102760
238354
531641
431874
157495
406906
363032
490155
34918
208368
228300
442527
353841
50691
346122
138348
356241
267638
230087
196334
523234
38320
145282
465864
265676
199988
451345
345612
477897
52730
531285
513119
341399
275154
58356
396516
342676
203689
235575
3537
229983
106812
197791
445568
251440
474162
473718
139974
508521
30824
34576
98410
190146
120452
384144
433419
514830
201942
130624
494864
76112
28737
522377
508508
348329
241870
358706
263325
95040
173448
525274
404078
58562
235144
15256
224083
488875
297562
242747
490486
157499
240976
150747
531474
35580
494388
174583
425748
79394
315585
273176
207951
28554
220755
26798
80406
373329
437693
527365
196877
390529
225277
45019
17272
265448
362806
240646
91263
399145
295739
287901
13943
45887
434094
49837
1289
291108
429720
221279
4928
23080
148609
278564
459713
114978
205462
324262
270601
318571
177304
521264
444311
69094
345810
69505
288903
265948
193759
137560
425179
215442
467835
209878
287094
436607
6759
183943
327446
406126
332256
403831
461635
160208
442792
440769
470240
477057
432422
139379
95895
221099
380404
169994
429799
331987
393706
97564
483004
314521
10654
225357
496795
158365
392243
16607
251947
343665
421166
345564
176150
275767
123845
78329
243176
332760
51638
486437
182266
427124
67952
291395
236329
26230
396270
388693
53743
231918
439154
297806
31639
421134
20897
28258
404690
95904
346175
527101
56429
524684
454510
147179
520474
553
361385
344603
505153
442598
351912
159688
148880
38145
134896
270808
394850
531510
392843
262126
485823
25095
411545
36580
23961
357974
233047
82579
320622
170494
66127
205634
123706
114565
293476
340445
181732
197864
533958
463749
60409
50086
391928
93513
50346
18100
228500
140337
473424
75551
450654
43112
488135
245095
189742
260134
448570
516505
218644
26273
77037
387214
507035
376902
526812
339894
400959
20979
149146
244457
129901
524123
107792
49858
406545
144168
232836
31001
369825
353272
442468
234571
22529
120266
285507
290138
379398
159639
335428
516495
184760
215287
197485
318283
508212
606
439210
157727
457762
189060
25137
490963
207202
190222
26075
256960
343881
349876
366051
61704
154568
181788
102876
253624
511810
461171
276233
456896
45324
407916
222358
428964
223040
253465
379465
428183
357598
485758
384539
312780
354252
396542
69840
295193
390828
205648
229740
226930
268775
447544
220153
218662
250487
166507
97935
178683
373715
130526
104561
337081
129376
425705
519988
451263
399495
471217
413444
240298
410037
442370
451753
212350
415650
130275
209847
451783
523292
387013
219661
79890
70151
247463
448506
493182
4200
411866
366009
345683
363380
79341
59873
299960
353989
266382
320861
359659
399807
138064
272377
483458
405338
359290
228243
292336
230218
47429
28475
39059
215792
66694
56798
421531
253151
137293
351973
466831
123297
332908
430556
206146
507619
251957
228457
534702
511006
54605
135299
369676
377121
305201
459449
441298
379207
332646
251872
218025
257721
309008
72210
426523
513679
477053
161387
520448
448774
308274
324719
80153
94216
111546
500065
157489
106225
269838
124873
169573
423086
95354
342713
240064
22569
433625
168977
179572
250223
476626
374149
151494
176309
164925
127146
310095
222122
149871
122204
470323
433515
502102
203960
495837
6555
481298
297410
463042
517349
399271
937
223593
22639
90778
97756
91776
98451
131586
264746
182194
123620
247605
265169
503486
207562
412021
256284
62878
477277
86208
459822
125861
237103
187120
451490
387038
37951
180618
348355
22138
517172
32787
511922
354493
205123
367471
484141
263394
54517
490559
182724
456679
345323
5852
404653
186311
400743
319674
313933
235842
150039
247814
3323
376233
185305
281218
91864
70430
410518
102662
317710
306464
450704
35269
200044
462311
186645
251770
356716
478417
448325
445291
246430
40695
186846
93885
227744
407748
71518
416298
190990
468555
518288
403342
530605
164432
436749
435551
518538
481877
80975
403189
529161
9421
79454
2317
533340
535881
188426
452136
148424
120930
285155
177020
167562
238754
235489
34400
63405
93128
182206
198959
319145
169210
342700
459567
239187
106904
79031
343660
468588
340884
535729
359823
299254
144826
22771
473320
360027
369613
105814
142518
178733
187061
141286
384855
282064
199957
529795
403760
272027
116240
56587
16076
375784
347735
382076
145113
368554
430248
376133
431928
38417
488431
108013
395068
452559
490972
401364
200870
254266
64925
258315
82814
38775
456933
140333
233718
442941
489373
99512
460501
286094
180732
29628
387942
384343
298146
296985
500933
499210
187920
340043
478488
269077
401020
187853
236007
364906
50266
308924
194655
386760
204448
441209
6617
522850
124481
269956
466031
465283
40951
447686
161158
190414
351876
145227
232403
57391
236510
85659
192501
106582
279103
461827
495202
37679
26981
280886
45812
27852
35079
235990
192970
535752
450983
127794
147828
428371
228699
89049
172739
114494
232215
333014
129454
370460
497744
197412
124213
182396
465609
165443
183565
380935
184850
232501
300274
176640
478456
414158
87453
231464
504938
245684
189738
296448
527299
198935
163877
52424
64603
137657
535946
334966
330753
461944
21663
387841
204832
95410
408422
310535
129300
10065
202908
323898
370456
435101
64468
376616
143484
498755
310014
387523
290421
3535
396666
120515
443466
409037
346473
382801
488627
28244
239966
215254
480460
128446
11840
302441
474567
152554
304332
138130
37354
205855
240910
151572
437787
337936
65604
216598
689
241287
287232
528567
473667
89664
274888
384781
316803
1390
98856
284849
112643
427178
164033
493950
62000
57801
250635
149107
315854
447367
130328
305838
531653
97527
209249
274931
35653
374235
129691
528190
147667
480475
416073
373483
261719
524500
371783
15774
308761
163376
362995
345058
162488
366052
276028
521866
145301
143295
371166
458431
171417
481357
495256
207285
172568
383288
221507
36656
422059
138583
140718
70441
449346
362910
406938
58474
11343
499943
199212
240781
409832
26373
45930
215186
260725
187283
249640
465946
510836
537
362361
54428
272719
144921
242909
126676
486875
433710
126985
125711
504781
485660
88627
430754
375563
525325
322854
485825
216867
332999
130120
521685
230458
98979
230483
150901
118725
496911
302389
406760
158798
221757
382223
366720
391042
11848
273845
378266
5349
361166
3529
7907
105018
336350
7861
270668
447328
337210
117740
315105
103718
376100
170069
392165
224819
233741
305416
300385
10558
351858
233666
258682
77004
192562
283135
461197
175052
266821
119654
417429
327270
380066
358911
316323
420185
298170
489609
35324
340343
411861
294844
206366
111373
327091
312663
34193
136734
139330
148997
391888
509302
247350
436025
89278
391024
54790
446175
89105
123580
19482
237937
360132
362114
78849
92224
91752
3093
121051
191831
50528
487055
289196
41185
462363
48887
104840
124508
281573
91262
499273
297724
167009
269600
106933
449246
351034
494731
385977
66542
472294
309792
323227
332237
128211
135394
501107
306222
355416
48702
410135
368712
401341
514948
428599
228354
385824
379203
461353
327368
332719
292183
279570
218089
201802
162200
450362
296792
60983
280003
75211
472881
247243
118989
259564
443133
75351
125761
68463
467750
324275
41813
468637
171600
258897
10953
85312
76379
177266
363513
322345
440818
288922
180017
82397
151499
260289
201870
398239
476485
57086
5720
353360
160728
188822
25661
105675
71678
124501
325411
254608
498638
55823
116797
473327
510884
223135
513250
338598
281058
130205
514884
322659
57220
165702
513478
37776
331856
225308
389503
318304
102272
276026
235734
507199
524133
479782
47634
470137
284732
375772
426988
82685
364964
401096
98129
157194
250575
527956
5827
144261
25586
213690
157652
203763
517250
307729
479732
245313
21929
341017
205797
248138
448504
224931
515995
377283
49429
50159
507634
83605
367306
381032
126558
392233
44756
183384
438666
396023
76546
116421
381376
131723
447246
385223
479823
346954
236776
92570
433154
370564
417344
372011
171706
121638
341701
275531
194529
117151
152951
223233
2883
279430
192696
111627
85868
423643
274199
2737
512555
267116
381898
252684
352572
149358
433166
142901
266607
5724
320921
148912
88693
159528
170907
418526
150200
120358
407553
245776
427214
245991
34263
512974
510016
109250
187008
446839
217986
138363
303835
253593
286959
348328
95969
211920
59490
233574
467293
104217
212735
454774
437063
178078
260384
13155
279178
25873
92072
233637
82824
421071
471070
247367
99161
418561
295808
316875
403334
320368
332627
534855
280227
19970
273196
492098
523143
367370
26210
432231
243725
31897
435903
459706
416967
146689
225870
418413
382434
473803
295544
200191
366201
152855
191911
285481
495466
199719
230896
94141
406875
9613
261164
121154
346354
40537
436115
426565
41002
361971
530185
234826
84103
52035
136328
186160
51471
385310
383063
98193
171271
300369
447505
253730
51982
280915
129807
175564
351185
348285
225604
174082
262993
335412
210446
237593
458665
271466
277409
456463
274785
28109
418996
255220
455316
404595
410039
221925
88780
319066
106249
209752
158586
327498
508233
82347
488256
342317
175732
63290
294300
479670
307537
431750
148410
459348
455741
81776
323938
512262
339527
306586
456637
459201
374902
251047
255472
91102
125696
289339
509559
422105
403785
366238
41032
305017
60838
299675
289018
467256
3968
470156
399616
496859
271218
399535
109185
73351
187830
122326
347521
383257
505312
348313
326621
498101
205429
167122
408921
154099
279249
50802
533133
9567
247749
133665
387603
56603
530743
77923
231735
30603
30017
378799
193407
433729
392102
42498
396302
235848
535854
82901
315369
42894
447776
59166
439246
494035
169232
310507
290058
356263
94545
162417
180601
240127
286188
381753
511477
445070
34805
6743
220674
390854
177554
174989
258176
289827
308379
341040
432781
193146
533115
295035
487267
350392
190788
458121
263873
507038
512963
377747
11060
199946
98893
5611
489662
440364
241292
320497
4626
78661
321930
208652
226576
351436
522703
167282
21227
423538
181538
457748
512189
180621
182140
493713
301096
173583
97947
82167
362991
5546
31550
256708
517484
502441
222868
325043
399674
149108
252134
114881
169205
331826
483534
125738
120867
357525
93148
256345
66735
395294
45868
443207
334375
503334
319263
46426
233364
174543
309321
86976
69210
260785
236330
465422
99469
76534
358116
458813
17221
166815
51500
512081
221530
317044
234267
29670
265360
303500
483282
378505
291148
453259
365826
534074
30826
403946
134381
356683
162552
531995
142187
75544
277354
101385
31335
315029
388321
182574
446199
2618
157931
124521
248101
382800
29175
10073
381518
31840
295134
172385
166356
513146
440960
86824
349573
8347
54069
30613
338630
491093
527437
184373
312531
150116
286438
220874
108603
228717
267548
186907
397680
445589
80803
314693
31461
173725
10190
489273
249747
474011
364888
177005
247373
238950
219225
524502
197192
294472
59267
117205
454200
250596
429307
423246
53876
322952
465585
8176
114478
473292
493466
361396
503082
373867
37480
324894
499732
121092
170437
90771
112595
386629
438870
346736
239076
182891
130428
268935
452142
430170
187815
345681
465613
97298
3191
112170
225746
84486
490271
79146
267156
311208
368628
355775
256084
303550
261703
152539
419766
20577
508277
482642
399061
446012
48792
473870
284170
277479
20743
429728
350521
535325
468444
211892
428674
491070
186762
327986
529618
116107
65737
130495
326229
292343
92914
376477
513178
203567
307881
1538
132465
55678
145005
504196
295464
416477
461932
481322
340695
80715
101893
77005
286365
490283
3179
56017
221784
188447
514943
467770
225404
58303
4915
356848
71113
450825
468849
13640
164473
18921
433598
15203
275300
503072
8293
198512
269200
402188
391296
220684
80499
336432
321869
274505
271772
39296
178110
309691
435263
496485
405210
50841
452294
104012
289485
514643
16176
329837
226364
132574
105934
289258
157491
112160
490478
94027
101161
71491
251342
91730
86450
19177
111561
193343
426699
176896
145053
68273
231001
116614
351681
504277
260892
251726
120698
413876
303497
439109
137814
92036
34033
232988
493455
276397
246417
212687
319855
257069
224078
266831
352624
502405
162961
42723
327896
426062
130131
520024
211281
267345
436603
340121
302085
535122
419575
397857
199315
367301
32507
412780
454319
479848
83185
283861
397094
383627
16593
505088
331230
161465
75793
411600
480410
374564
445301
452656
90412
299732
452516
268110
325254
278352
503651
485804
391793
374989
22021
298500
316070
504066
468210
280417
126697
162238
382981
89411
147042
145216
526796
360013
193629
129014
210497
524318
49803
389124
100520
330915
419724
187038
170879
491480
234982
194421
3935
533168
520997
161210
459804
357556
89885
53612
156110
402943
311385
447378
227946
62778
69496
65832
122553
176886
408050
