12925
4225
30679
6146
717
3297
10872
28278
7555
19231
4029
26319
34847
25007
6289
21199
4125
20544
27
3899
23689
28936
24726
17034
17572
13364
25640
14627
3192
36963
25062
23629
3834
32915
1444
19048
7601
14964
18947
330
12683
17322
32001
16648
10608
16909
9929
22224
13923
34308
12308
34399
8398
35098
34323
29553
638
1029
5996
24692
13469
26404
26264
36930
5732
33782
1168
3796
334
35825
32266
24940
31207
13460
18763
22052
863
10225
3940
21567
13324
6948
9437
33945
26336
33682
26884
16657
7312
30772
11704
22923
7119
3873
4278
21073
3671
1172
1086
11674
25296
9203
35580
21710
35699
13247
33810
30669
22625
13681
8966
19202
10401
33191
32230
19814
8617
11688
33198
2577
2606
7889
24020
27099
17916
29788
36871
29607
22693
22728
13133
6879
11874
7958
4607
24047
32126
12287
35078
3502
23320
15791
23130
17127
22108
31708
6718
20339
13405
30050
34659
339
33613
10675
32055
35431
11408
4739
10507
12850
24175
1136
14085
1540
750
25280
13282
12059
4759
20483
16110
33027
36369
20127
16867
35854
11743
8537
22475
8699
7300
10666
20018
30630
11582
17796
25738
31722
21319
13400
25188
30566
14850
23231
10694
29773
2056
6638
13223
30503
36960
9420
35786
3616
18511
9969
13401
3486
31240
10313
23245
765
23312
28457
31261
11222
999
28679
2400
21255
22845
19411
805
33897
9259
8871
8859
23218
4413
11620
20389
15101
22516
7093
25277
10151
1013
24027
23326
7201
23944
34049
16315
4877
28515
31955
18201
25400
30294
24638
