21971
14127
8902
10179
24098
14653
6160
24
33082
9183
14254
12126
17453
16487
10364
13828
34409
19691
10367
1594
27385
15548
33587
24272
11916
35411
7986
14638
30047
25902
18106
20441
32468
3772
21988
10153
17943
17066
5169
1853
26864
15371
23803
8852
820
5303
14032
23404
10811
27731
31301
11894
4573
24105
9313
10287
36666
26511
31425
31861
19808
29769
6988
37361
4323
19175
22124
21901
36125
25061
10828
10865
31239
26848
23791
1683
24467
27093
33640
35328
27353
548
14046
18519
16188
5117
22571
10270
27056
35963
28923
21720
17814
30761
32817
37194
4458
22063
31812
32198
15959
2576
28750
33832
33922
13748
37156
23563
1809
14664
33374
3424
21835
5750
11982
30991
21121
5278
7357
26734
7290
34914
35933
18177
33092
9016
14184
28120
34994
37561
10616
34888
20353
13533
25054
13798
22192
18949
2827
18095
36877
16562
9217
3933
8191
16189
30307
36947
35268
15301
22015
11560
28846
31543
13906
15255
9675
15373
4581
921
20616
20403
35606
7050
16718
1208
24831
2657
27950
9013
23863
6348
23415
26629
14139
2522
12382
18992
7901
28065
12253
28015
7970
11490
13117
31728
19578
25918
10315
5486
19229
23151
29043
25389
37370
45
21641
12221
25759
34625
14227
6169
29684
3685
27224
30555
1742
24245
8176
19023
35343
32105
8842
23237
4907
9380
4378
14268
17538
17172
11905
18758
6356
21226
4192
24095
6168
33216
16582
37601
16372
32246
12753
20750
11159
23650
21571
30098
18748
23413
29672
28302
1776
16335
7600
30838
26016
26939
31067
28175
6192
18402
8434
10109
2921
37035
5618
16791
22146
13200
29722
1039
20998
14003
26070
10254
7926
4081
17480
4730
3555
12867
10635
23946
24997
457
5577
10478
37125
31112
1422
34922
9553
9482
31714
8731
2706
28244
11299
20232
7400
25884
10391
15674
3241
5878
29500
29723
29033
21573
22772
21956
21071
27487
27559
5984
36439
32445
27555
4677
12928
33095
20068
34698
11050
21177
28241
14074
12186
5548
11778
22712
34314
27587
14660
788
10494
5846
8770
37571
6725
17351
19481
9268
17696
24731
6753
33502
21231
17174
24481
35429
35559
17065
25957
19154
30036
15965
33300
13517
24504
33368
31625
27888
26977
1092
19506
32981
14270
24182
3352
19545
10070
17890
25202
27328
3604
32658
26901
7834
6952
5157
28121
19789
15423
22255
20179
35522
7215
16550
21437
22883
5976
8727
22527
7458
21339
7512
27096
9251
16667
25270
8333
28592
7589
779
30733
16469
14509
24297
14515
25564
22173
13811
1801
13265
2496
17170
14713
21056
10501
28137
34678
17012
20907
1404
34913
2876
5715
36267
37434
2422
34822
20495
26844
22373
11621
17168
7256
24301
7763
31268
9303
2558
4902
34868
37659
26254
3249
8146
31555
3267
6420
5098
19061
14453
34535
29345
14620
5383
1543
30802
37533
2711
3462
8522
26438
29092
36634
31900
19134
11230
36795
25952
16532
36130
6549
34415
3126
32034
15198
24986
1343
26580
16502
25079
21814
3464
4260
21831
27652
386
26263
24265
15366
37320
10888
36426
24670
26317
31901
16100
15391
9814
21674
21821
349
33084
16898
28550
4508
28488
5541
31601
33071
16336
3401
14692
20185
18624
25292
24398
11664
31497
7883
8262
31709
17848
18150
22437
3238
7341
22756
21288
27972
12030
25904
35788
18168
6287
4041
20414
18025
33850
26897
911
10498
22399
26196
8471
14802
23270
6939
28013
11025
17755
21616
26486
28931
29532
2494
30118
29506
17224
22904
30974
34253
22842
16169
11562
9767
8083
35534
23319
25353
4450
11945
9878
19942
7602
1386
17731
3209
29610
16105
33306
31382
15753
33800
36325
3370
37289
14538
22125
3269
3356
34368
10645
5248
18525
28483
35195
33342
5025
24841
21794
33281
3155
4674
33058
15849
5116
22662
2287
13764
35064
16166
24406
271
5065
35642
23960
1991
19311
3823
20049
26094
3372
26714
27703
31546
19590
28407
28434
8975
11181
20454
2210
12219
36917
15529
3364
19650
15587
28443
26484
23020
17887
25853
26311
37481
7726
1860
8045
14693
36363
19210
6526
11999
21383
25345
5908
36950
3975
12651
10447
31545
4803
29713
1573
10288
28132
23849
27456
14579
25572
5051
17585
24117
15621
7658
2181
17465
8856
14197
30656
36676
5525
9836
29326
8568
12783
6438
23934
6806
30965
32202
15713
1842
25461
25588
36967
33814
23680
31519
28438
15334
32510
29450
21619
29954
4314
5704
1403
5067
6234
28759
29683
11195
37700
1001
13031
30234
2840
7475
23432
15162
9994
19645
2162
11165
16584
4859
7576
33961
12935
23853
19095
33557
27498
5565
8799
22594
34894
36459
3626
4566
4903
4681
18566
2039
37138
16559
31060
4732
36251
37207
14440
1746
18853
9155
1909
8401
1791
34842
1260
15009
9440
36808
28880
3078
11887
36646
21525
14983
34268
19499
13088
5557
20903
19400
13000
22039
11163
36282
14408
9142
12938
2867
29998
11985
20162
14356
31786
37382
26297
6483
37018
26522
24600
12774
15784
19941
26898
5176
36083
9867
20623
31039
23052
5527
6011
28954
25805
18021
22089
33910
16835
28878
8239
4130
36088
10406
31324
1213
14327
12357
1947
11631
6350
2350
12096
30101
25454
19665
15675
37303
17670
11352
24024
8470
3284
11781
28309
28247
28909
31869
11413
24705
18280
11093
22323
16503
30515
6813
33233
10672
8305
31854
6120
34687
9275
6201
17643
10751
30967
13478
6827
35289
22082
5219
19573
21742
37608
17989
29661
24693
23469
15184
32075
33868
6355
36335
14189
6649
20349
25658
35050
28930
15522
32005
18094
11369
31512
30396
17201
4862
9572
12429
16811
7237
5173
29256
22929
10183
17772
2992
30410
4745
21467
24561
28605
18233
16058
31120
23613
10344
2732
29017
1244
31761
31235
14346
840
34803
17039
8325
23632
736
35497
17262
7036
18183
24766
28219
2526
17987
28456
23254
18389
20006
25815
18319
138
9889
27104
15913
19133
20252
2693
10570
23891
32910
26742
15269
37254
36271
10913
6603
15276
811
35305
15762
2698
26140
23600
3505
3114
16622
14674
23115
35670
22009
16391
18093
9236
25801
3186
14971
4204
5642
36193
1685
26055
9086
25951
862
26390
26639
8971
30815
12655
21597
6511
9820
648
34743
25628
15937
8553
24142
580
11744
14435
36673
25038
21200
11753
26761
21081
15314
9429
23870
32380
17990
4234
32986
33520
34877
27795
17458
19961
29785
17286
34762
14840
7914
6084
26655
11660
23132
27924
33845
35419
12042
1402
24370
899
10753
678
27516
27005
32330
399
34919
267
35611
2681
4402
32329
22306
25753
29195
10801
35180
6416
1995
27262
3409
18039
29299
24012
5245
11130
3046
31811
23417
8062
35442
6361
15571
24092
5246
37225
582
19398
20221
4687
27710
29489
12601
30988
7095
31600
15343
3023
7051
13997
34652
1102
15665
37196
18445
13844
15267
11204
22418
5286
31175
12927
9512
13210
33722
768
13021
28518
17142
37599
34985
9486
9066
28206
21083
34700
18689
28581
27586
757
16381
16949
3147
7886
2136
20814
15824
11721
22329
14062
31870
25923
19386
3619
29913
24845
8677
4612
25310
22518
12122
28511
21991
33337
30933
31549
2292
23864
16233
1323
3087
35141
19013
23533
7514
18289
13816
32580
1093
21994
14193
9748
32666
37675
15994
35960
8402
16889
2920
24158
11966
35890
562
10190
31767
10576
24112
16436
10681
10405
23707
3131
16065
1503
1395
5184
4059
7253
33507
9965
10716
3262
5222
13024
36164
33417
23204
17027
19177
34309
10499
6641
33972
4891
36826
3208
35118
33948
20705
11210
24469
37485
15189
4844
16143
3782
20300
34590
24555
4217
9842
13787
5456
36523
2715
26906
35709
31890
23143
6814
12093
24857
37180
14626
22043
30987
21256
5514
34508
3053
2304
15171
5325
1288
6774
5646
33208
3229
9190
34333
31885
28596
436
37148
6956
7414
7282
6922
29134
3275
14771
17889
9005
23850
10953
29702
2070
8869
30805
20297
18545
37566
37396
37311
28431
9256
9452
9896
22064
20789
14431
12645
21586
26024
1964
22633
21941
3104
23187
3388
13356
4109
25567
20124
7940
3351
5442
34615
5229
32213
2927
8208
37695
27266
30326
14862
23734
35986
37528
9108
32377
16359
22283
27601
34094
9941
9153
8232
2340
24540
5962
11128
33213
14819
26568
13647
17560
13476
35608
3805
9688
10855
15358
9402
16234
29511
22974
23329
17494
28107
23531
29469
31117
7295
26058
15259
11540
17056
6104
12400
14177
34216
31281
17467
8431
14316
7352
839
7485
28491
31055
2782
13854
2147
36205
30086
27825
19404
6731
2520
16396
10768
11123
6748
12508
7321
22041
26845
18608
5850
6536
32033
9205
21842
32561
7677
28891
397
27827
19600
19279
5940
4061
23457
22632
13743
20184
4366
21435
13637
21470
24902
22846
8930
14516
977
28978
8236
10636
9989
26591
1392
13953
1446
26518
24749
996
26397
28535
20599
29844
6583
15888
5323
10301
29643
27012
17144
6983
2549
19415
20828
20500
18996
8560
28866
8737
6072
24199
10831
11388
25842
1445
3373
9659
9728
15925
28444
27475
32300
21598
4397
7841
5977
16515
25335
12475
33576
31631
35428
27004
7350
8935
36447
26154
4648
36478
34188
25372
6626
24375
18211
23742
30318
5075
14717
25387
26621
27743
22860
8100
6676
29799
6835
1900
4736
20817
28927
18727
14510
13627
35581
5520
5145
20865
33490
16617
21474
25727
304
2000
18708
24599
16349
14187
32932
29630
19223
4954
34209
31283
15912
26298
8201
23968
16914
12109
2314
9531
15537
4491
19453
18084
30043
14232
18114
15535
2479
11346
9520
36846
6963
8392
5440
35718
3002
478
11316
35432
28879
20364
31637
5143
13330
16164
16346
36081
37671
12455
20296
11681
20217
16958
20036
16919
16643
6368
10040
2017
20832
27677
354
4490
14927
1329
683
20515
31864
28512
26889
32640
34879
17821
11354
34959
12358
24870
12029
1768
28594
12344
18543
3445
16553
32562
19418
22086
17461
6253
17385
3742
18446
16364
26573
2437
25016
75
8650
30712
12001
36488
34612
2448
23074
10466
7548
14524
7440
15237
31381
27645
30392
2912
29637
12915
5554
35550
6218
3099
34770
1813
2756
21371
12135
33974
15929
14007
32692
5686
17239
10793
24951
19897
30956
21786
21537
21876
30049
30995
23623
11940
13538
557
26089
29269
28577
9751
5817
15324
22121
14621
24128
23182
23121
18306
27471
11320
3840
20815
25830
12048
30176
11968
35706
19352
690
33552
26401
2059
14710
18335
22065
3056
35132
13870
5071
22259
31769
7203
33150
26506
28980
1020
21895
33579
20494
18597
16264
4914
15617
35582
34507
7690
32653
421
33573
23859
13075
26292
14803
20528
24864
7643
26980
34477
22450
2507
35484
25772
33426
10523
2567
10993
10046
36384
897
554
24742
24984
3976
12908
31528
36783
10597
19533
5560
23637
19084
15919
22972
3609
18847
14934
20254
26396
30940
26759
7106
20904
1097
11187
1819
26037
32104
19812
13326
34166
11249
36254
35869
23302
30782
17924
13462
32088
2168
385
5944
371
3600
8530
34106
33603
2140
7526
33266
20165
2689
17589
35452
7143
16619
35908
12541
5595
20928
3198
20316
14097
21138
37081
34149
33185
30585
21740
20053
20438
6389
26504
26458
36683
15931
31919
10194
12381
25104
24571
29986
37345
4520
22879
1740
34142
18376
1384
13989
34988
16296
13188
20900
2986
10355
22245
25868
19780
17597
28373
31697
16923
6940
37625
36190
13875
23862
25739
15409
5768
2367
8357
23198
7195
11703
16534
36725
21304
14920
11850
29323
25500
33695
20830
8419
15448
32584
13294
36240
19587
6546
5799
5763
9803
10639
16128
33005
37397
33955
4250
36492
15690
8254
22671
26548
29958
17243
32914
37281
9903
28968
6386
26002
34469
9912
14022
31775
7770
16382
26687
36698
22347
11800
3270
15177
20047
19361
11884
3755
12518
37442
16080
6220
28071
25513
2900
19843
9526
6063
26815
7689
8274
16655
7379
20076
3410
13044
10990
11524
9070
27688
12137
11391
1687
17640
21219
19378
37440
23682
17678
30217
8435
751
30820
28402
11504
3746
4318
18944
36903
22334
21579
24733
373
10336
27134
36537
9735
24310
17098
14594
3120
7821
32642
2750
13059
30015
29303
34400
36248
32941
16344
36525
18224
37293
16569
28747
6424
12640
3125
18265
16194
15150
2940
30833
36750
30535
15507
6303
15168
13338
19844
17074
34079
7043
3405
10116
14590
33904
23997
1536
9942
37229
28988
2325
29907
32128
20449
2523
11980
19610
9600
35077
16193
23604
16685
17614
33610
17719
6043
7817
30807
3583
27895
34274
20987
10585
27255
4718
11532
26852
21676
15352
11472
19241
20340
9046
21766
13553
34552
26676
28225
9702
21908
4592
22626
16074
35882
10299
8414
34504
8475
18740
3926
33085
5725
13943
1330
3576
7296
28790
2490
29705
16940
22910
15225
27938
9056
25463
10084
27832
22581
22555
29436
33865
25715
20694
23872
8465
4468
542
32154
9323
21065
11309
555
14460
35649
27622
4944
12575
17436
19465
15934
37415
20420
16640
6033
20765
11393
20175
30232
33635
27439
31503
24291
22743
241
35254
1497
2207
32401
36605
9021
37107
31585
8850
28388
1726
1985
36554
35874
17557
32032
20718
19563
30505
12603
31791
29765
17991
20208
13654
28642
34235
2073
16200
16108
21030
8885
17537
18871
6075
23717
21248
13909
20451
23076
22660
24601
233
30924
7985
15999
7002
30803
15025
36760
20592
8258
13505
5574
15140
22725
7651
17859
9858
21798
34035
14213
24187
15138
179
10853
8702
32278
30290
21388
19448
256
19457
6978
4516
10558
30444
16156
24195
31288
16848
30485
8996
31484
6653
18356
34873
7220
25155
2705
29945
27769
18175
8718
37186
4905
27045
8120
20727
16378
16137
18690
18867
22509
25347
29333
5959
25573
10685
31552
31135
35482
3894
9782
17165
12235
18741
28283
29217
29439
4750
16115
21236
19201
23482
25664
26751
16050
4595
27276
5544
34338
20545
35804
18765
8057
13218
14721
34236
22809
7811
11590
20983
28709
14344
1171
2127
6017
24251
28767
11432
9301
22309
34672
8740
30304
8991
6752
1539
2965
24358
12393
18379
28271
28797
16679
2960
8708
11886
8049
31668
11015
19694
33981
12560
11533
25541
12240
7446
2654
35430
21024
25586
28811
29152
31938
1416
37414
31383
34391
30332
1783
36934
4656
3998
16031
15241
28607
31838
412
13990
25288
14242
37708
31121
25401
1848
9195
34301
14417
84
19918
8020
30289
22413
8671
1109
14223
12996
16345
18631
15831
15285
302
14043
21768
17054
30197
9958
27030
27745
31456
22618
29249
9640
13211
13130
9038
3804
8179
34291
27046
30777
6485
17716
32861
32172
33340
32657
34805
20728
3285
450
37658
34596
15341
21502
2944
29642
20453
9340
18938
3664
28966
951
23343
20039
24419
13087
16052
30765
11990
26277
31733
8351
3769
26044
15055
23358
36890
33479
9632
3108
10555
32466
20795
30508
28396
13343
2793
36610
16512
11450
16737
33932
13747
25598
3728
26217
18326
18253
8733
27532
23724
13060
26806
36665
23880
14017
35351
30518
28864
31535
18908
24392
25067
17237
31995
32549
28347
23377
11512
9297
8411
23327
13479
27542
36482
35712
21629
16877
12277
8712
13229
31073
2578
30839
34769
10381
27301
26494
18374
25796
15562
12815
1111
35683
1696
19419
3518
12076
29727
24772
13178
33447
8750
27511
20104
17672
13982
31658
31581
19430
31399
24910
31308
30449
22936
21697
36944
2338
16973
21601
3168
5883
7480
3096
11085
3055
21415
20346
16077
32723
35470
4102
20157
37657
26446
11028
13690
24227
14448
28933
15746
20341
4263
27153
18648
2514
15722
12894
34071
1690
34613
17708
11952
18570
29902
33240
14869
18461
16528
27458
15026
29378
1388
32611
19395
21409
36358
8292
5610
28738
6874
24999
29858
7382
20779
29927
3185
5022
8968
22635
12038
23116
36228
3350
20085
7173
4993
7655
32950
27696
22678
18857
32125
35752
30538
22539
22821
7293
14991
4775
10631
25975
3239
13917
3663
12202
27600
15830
24927
22038
1292
5668
20177
34624
28559
36204
9166
3649
35755
34986
6569
35856
36393
19343
16399
17540
23998
4462
21261
14639
6206
3106
36182
16290
8766
7645
14354
35894
18146
25143
4647
11710
672
9785
4449
27561
5537
9852
7224
25641
5638
5791
1378
36849
31800
2053
20251
9622
7899
25359
31447
11339
29314
5853
13414
23642
3977
8806
5994
5381
3511
31736
3133
25538
32267
5921
30961
22925
8124
17264
14364
14401
9893
10652
3146
37062
32347
8167
10458
30114
7451
23813
36356
11974
22740
21312
4580
24402
31917
2441
1734
4867
33157
12447
23141
10314
13081
8540
22868
3837
7340
23757
7418
34598
22823
16834
10710
2738
15832
17663
35624
10008
29977
6219
17521
10272
35260
8836
10808
18836
5778
22652
24720
8798
11569
25009
22286
27355
9648
31178
36908
2602
211
4127
14833
27573
16440
21954
17329
33605
28999
6780
12765
11856
9235
22572
12756
35291
16999
27809
7064
8421
6516
3274
3513
34784
1911
19078
17645
35529
2359
25375
30590
12094
1702
25498
15906
7586
30925
1641
16252
8396
15975
15804
14308
28090
9212
17126
25719
7385
11306
36486
37020
36500
28495
5049
8271
28575
16407
36040
9128
578
214
32704
26559
6478
11925
23896
4861
6486
28415
21448
18041
24347
34086
35086
4590
27180
16479
3495
19258
5139
11510
3962
32224
33305
21464
8135
5516
9725
27625
21127
9267
3065
30990
24180
21945
1739
9025
26605
29735
29274
6449
17282
21576
22785
22853
1232
19896
18890
29909
23547
34967
6715
19547
30144
27836
13297
5146
2919
1484
2300
910
9298
25160
21738
20203
21211
37540
2880
14812
24704
10593
9991
6894
12684
28349
34558
11086
26370
3715
33438
13763
8640
12371
14122
1667
19427
34168
22140
35403
17109
20003
36575
14285
15037
19385
28291
37090
6176
33008
21018
11919
33468
14786
21334
25362
5567
16988
25577
25857
31896
7274
14247
35084
33016
34891
17148
9956
6321
20172
32469
29968
12297
24939
2610
10469
12271
25643
25945
35090
34649
32945
34466
7572
5404
20661
31068
21100
24210
23912
11434
27240
26436
33749
26728
3068
4890
23474
28296
273
28504
24683
6901
6035
22062
15932
11164
26226
3327
28487
12899
9443
20915
10891
33833
23583
28009
10528
17615
10899
34175
21267
13275
2836
25561
20735
25714
8983
28341
26667
9927
3037
5277
12161
6056
4950
7484
25731
11176
17806
34115
19731
29793
36344
27890
18440
10460
2003
35226
2318
9147
32857
21923
2913
31139
15106
32046
5367
10383
26530
36803
20787
1960
23835
21153
36910
7464
27814
33618
17608
18778
17864
33830
27218
31280
28330
12921
21574
21265
13539
2241
24921
4537
33338
9117
1245
15796
33875
35144
8386
35388
6205
21912
31540
24610
22641
15984
14424
14680
26047
11543
1274
30665
36736
2449
23465
3395
4488
2917
36370
7571
32302
9181
18791
16901
12261
1412
6579
12979
1264
12247
32849
37016
17118
11180
5465
26137
19344
22036
4045
8754
24880
20856
71
27070
19711
16926
25748
31841
30698
17014
8192
27694
2334
4920
34379
18437
24767
2651
32968
21155
26833
31868
15440
17
1523
9603
23370
27478
20550
6997
16742
29786
32882
18649
5916
27665
21273
17011
10092
18810
10766
9230
23983
27488
35578
8410
32049
34479
12121
5285
5503
8527
7376
21816
19199
34898
36381
3780
14619
4009
12216
18679
12384
32446
32643
13879
912
13091
15206
4552
13815
36431
28808
26384
34390
15046
36710
22793
26520
22217
6755
5524
32407
15496
8985
9552
18614
10607
14839
5119
1397
8326
25
3380
13332
24801
18792
20306
22355
24515
15470
5104
12181
17592
12160
16174
36720
14780
14115
20577
26371
10883
10868
11584
10484
24827
1033
28117
37026
34865
6969
29577
11547
713
7023
6203
36050
16167
861
560
1949
30027
12576
17390
26618
22257
28990
8387
31474
29075
16107
7973
32107
2030
27724
4503
35177
36059
32092
25576
34510
33369
4375
18561
16505
16135
22025
24654
19496
11489
21765
19799
20273
22543
15151
37334
23279
8976
33666
12872
12134
32543
23967
34710
19363
11876
31688
36314
3276
23920
15640
32901
1847
11473
11682
6492
10620
19526
3496
32496
7164
12856
30607
26519
29669
6762
11697
30077
36011
22162
29817
6364
17715
34501
22471
26726
24433
31208
21205
14966
22836
34022
35532
167
21664
31323
22074
4733
13753
12466
16760
180
8684
17618
30565
5677
10626
27830
1057
3987
15348
28633
22390
16748
8257
35009
20446
31423
18510
24451
24680
945
30310
24115
6918
533
14940
11984
32924
11641
6639
34029
7784
13878
32741
33049
25771
11063
1505
416
6040
28024
24149
23466
8961
27873
33358
10773
19454
24627
31511
10034
22271
10903
16504
10100
13614
19802
15890
20743
33973
16190
30786
28753
3075
21358
31385
280
13064
22689
33728
31000
171
9050
29499
8252
18051
29651
23777
29612
25744
11635
19609
7805
4309
29647
17354
9705
22291
2947
7721
14689
7912
26479
24409
35862
13736
9162
37360
6829
18520
37041
36247
842
332
25695
11482
17661
31822
22424
14483
20107
36771
22119
26314
36895
26132
17365
18865
28755
17647
32538
17313
14886
8679
1094
4452
28655
16673
18696
528
3688
9590
10637
14496
308
33625
7026
37282
2683
27146
36800
6003
15032
4170
3633
20066
29695
6914
27805
15243
28160
7162
2804
5190
13805
33746
20901
10290
25595
31966
14972
25807
34874
20582
32810
23235
1711
29510
14071
12619
8873
22917
30584
33555
16806
359
32940
8264
17433
17587
23657
18232
2283
18338
8848
4195
11939
14846
27279
34969
12734
36686
13604
9910
3204
21360
13577
8895
13554
35234
9129
4698
36652
33958
11476
33386
785
25235
269
884
29355
26030
14341
11698
10686
26526
6999
32298
36856
23914
2999
33928
4349
20737
34418
36986
11121
35020
6618
15935
5209
36635
24531
14336
36440
11518
16042
9310
26414
35130
4911
19534
26216
2957
4706
6031
34028
34523
10052
31828
3582
19018
36391
27087
4121
25989
29117
27621
16453
25110
5159
25928
22381
35984
15578
15166
2424
3379
31046
9304
10633
16322
23993
37538
25144
20142
14554
5424
11658
772
10035
1733
18189
16374
16293
16180
22506
33290
773
26991
27364
26788
8459
4031
35777
24895
20673
9521
19772
3557
36601
24549
35560
3009
27926
33884
5522
32489
380
32296
16223
35227
18408
6429
7989
31148
7292
25825
4230
21009
29734
19122
30985
8055
17232
14200
33951
14665
31184
28976
237
31309
12522
23861
10293
9580
30583
31424
34467
30624
7776
3645
13390
6465
27340
5244
2612
16647
19254
9565
4046
36657
27762
36291
11474
13351
28238
2878
21672
26866
34070
4017
23243
16692
29371
27642
22200
20963
14574
28156
31221
30570
36929
2260
31608
20624
11140
17853
6242
8395
25241
7099
30330
4000
8725
36953
34900
66
25962
12616
3324
29924
10715
10653
28678
28583
16777
8423
18744
9433
20256
12193
37638
14313
8304
19488
9366
15942
19524
21866
1888
28606
6592
21788
5347
15924
36598
6251
7142
33826
21376
17033
18111
8307
6211
7521
10833
20630
12961
25791
556
28305
4025
19484
25365
20028
4021
16907
623
23140
4496
11851
17185
20243
21105
25295
37109
23996
32953
9733
27084
26514
32589
3447
1081
9884
25244
17481
12351
36815
29193
1614
29995
1653
21869
19878
23536
7568
12678
7356
23119
34096
28361
36921
35509
35061
28975
6195
1756
23751
15477
8697
13788
8990
24593
20319
18033
27998
4067
4752
28935
35204
29245
5385
32753
30122
26190
23748
21411
22326
37449
4974
34026
8123
4962
36042
35591
12535
26552
2684
20516
27480
18730
20289
21704
9921
20584
26583
29264
26614
15022
34882
29022
21887
35230
14941
1599
19509
6776
20825
5451
21433
33796
26956
21307
7550
33415
23704
35695
35837
1961
22557
17857
12939
33663
22346
27898
6231
32619
5177
14188
29230
7984
33357
35601
4695
24420
24972
26881
27514
17566
32449
36341
14078
34444
28494
35713
7131
6493
20161
37246
1695
14708
17125
30158
27295
31771
18551
28536
14662
9362
32630
5166
15629
14252
26922
22935
24324
24741
20479
9808
23810
23315
31855
24240
406
16250
34167
19092
25553
23579
21001
17706
25593
3700
32158
19098
24556
22490
8256
12035
26367
4635
5624
36093
14856
2854
14810
22924
2771
15613
1228
11365
29044
11535
8438
1355
12278
12826
25140
3709
16527
27949
23936
37633
15134
3593
35989
22472
37573
16508
9084
16198
28173
29114
32936
9014
21164
28066
30874
35505
18666
9663
28809
225
18323
18371
21233
35875
13835
20380
7266
11815
26777
5462
9539
13558
50
36268
158
5769
36941
32725
1670
29571
10539
26145
18774
19653
20074
27643
14137
23804
18673
9360
37667
25131
23908
10303
32060
30516
7596
18700
10598
23584
34054
26491
18747
20448
24850
27685
29280
33073
13850
4570
33770
24690
8511
27432
20424
15744
23867
20861
32089
22432
27352
9972
31610
18781
19959
34570
4241
9653
36958
27956
29272
4617
32614
29386
34599
682
3979
36300
29442
669
14391
28046
31138
28676
3544
27604
1509
32373
3016
31489
12223
23766
30536
7626
13222
28994
24488
4821
5903
32637
13134
9546
31501
32730
22578
33235
8698
11237
10120
23374
37002
28752
15384
12333
1254
6347
20505
17911
28519
31603
2477
12542
37098
2922
33591
30186
20037
1833
23346
6984
31372
25893
13926
22587
18385
33397
30474
12220
20821
37596
21808
8706
14607
20552
26508
21282
21269
27706
22858
3497
25388
22965
31367
1823
11594
7228
10733
29701
11172
37386
35366
29284
37329
2333
32935
16893
19362
24743
6805
37421
36540
18878
19463
13336
11667
37113
3708
32573
31665
24567
20248
6696
22862
33734
6427
28641
8611
25254
31339
32042
5682
23142
21511
21413
16935
35326
29778
11262
9658
14077
16735
454
3041
11630
9948
11548
33010
13882
22534
8024
27207
20131
27315
30562
25285
12504
27908
12795
24234
9062
24093
4817
20351
1173
28703
24811
2551
20650
35080
27506
11301
34
12834
11725
31719
28669
29139
10239
12372
26531
35019
31613
3960
20540
2924
24782
3634
10134
2233
17525
11844
13109
8261
22856
26871
31627
24274
22491
32346
8066
25293
34934
11581
24715
18065
16576
14480
10165
33653
16644
12966
7301
19811
14537
2238
10350
28168
9575
31422
15051
22393
19614
16145
9519
6935
5680
17473
22955
30789
27107
23037
12332
27966
32199
2658
6925
2882
3088
3359
10422
25705
20352
30670
18415
19170
95
11672
22467
23032
35420
21075
22083
17386
18104
24296
1553
13837
17933
1324
231
5493
6820
16251
9233
26113
17005
26950
13278
28819
28848
37467
19743
296
25396
16488
7428
16756
18466
10337
25670
15031
19236
22110
35677
37569
14090
14093
19042
27213
2780
12340
36180
24340
748
3184
13239
29822
5787
25900
13999
23852
4199
7935
26507
14001
2901
8920
35887
18794
13731
32115
5831
357
26175
23009
4414
21966
13899
12183
16675
29665
35306
11106
19625
28646
26702
32598
36959
12089
29654
13027
31673
16227
22251
5092
14625
17998
16571
29925
8507
1488
7134
3171
27861
8455
18940
28910
20902
22208
26454
442
25956
32776
10104
16337
9562
3532
35652
11443
28684
7038
7948
14932
17352
27713
19706
36455
10999
25961
36578
25556
9900
11268
14349
36584
28169
27697
14595
18647
12534
3798
27434
22265
12491
17668
11293
34650
34435
16154
30301
11088
20000
19930
28610
16674
24511
23522
25193
24614
32675
7806
21176
33121
37621
20121
22232
8562
12292
13611
13499
32418
17932
1177
26456
35810
18123
27872
30308
24562
27633
36024
3876
37240
11118
6529
17082
909
24031
3152
6542
12167
29060
16445
23487
33554
33718
4440
36727
19688
20739
27049
27035
17045
32077
30253
23553
34297
23
31947
22204
37172
16587
27860
36521
22975
1698
33477
23723
10725
4931
10814
35004
18594
31586
17429
22008
27273
11250
18638
11323
3659
11269
8013
5265
27229
12706
15752
19474
35
7262
3560
4266
8598
17466
33921
27593
24963
22561
3448
32774
8830
32600
23843
1266
36823
15969
27862
6772
36932
28462
20394
15612
20426
14156
8321
8278
5571
4693
13885
27298
30657
25869
18812
31643
21580
9055
4564
33532
5957
33319
23556
31878
17971
15403
28832
15729
22749
32715
19267
16605
29625
7254
2120
12395
168
30943
32155
33696
25429
20642
15661
11813
15588
37648
1576
15896
20350
26207
24198
18503
3800
8862
33141
36881
36099
16951
3791
16253
29123
17838
24287
813
27445
26625
37374
7060
34050
21713
3944
19184
32071
11203
16992
17324
35558
9202
17550
10292
14158
4114
19723
28894
20095
6476
10039
18999
27792
10628
17413
2115
21918
29744
18800
4943
22218
4956
27609
25242
36299
4348
20742
6775
35052
7410
19807
10933
35110
20097
25093
32662
2331
6018
28170
16921
33678
31698
15985
1431
13728
13441
17049
20034
1045
32508
13399
28687
26645
9226
32069
29587
34965
30832
33626
27419
14633
21558
31249
32934
25851
15038
24700
26825
13097
11297
20675
27044
9645
32010
24851
15723
37514
31574
13494
19238
14848
30288
16607
35051
34164
2067
8272
32551
20688
29182
17101
34972
2209
22774
6681
2187
8361
28682
24823
31160
22512
23776
36731
15881
25672
8719
9381
29347
31645
23759
21695
11033
22454
8605
36469
36269
9764
9191
14899
34880
26388
31642
11564
36027
17020
27466
17533
13285
28113
13246
29013
35251
10928
37465
26122
9615
3847
17571
34999
3681
16844
14587
17181
17038
14528
21584
19936
4480
34938
31531
32788
29113
31659
19744
10257
5710
32610
13978
6283
25726
2123
6451
12347
10511
27156
23962
802
34793
7359
17323
12140
8144
17528
21563
12552
9263
12154
15473
22230
32965
19137
4227
9945
24844
31048
8693
36594
11457
18087
8157
32984
34355
29288
22448
12246
13370
10843
35918
29781
9112
36380
8639
28708
17076
22980
23789
3086
25774
1590
37592
24308
16731
10486
19435
3203
25696
3298
30206
2189
11732
21607
30769
17655
31454
17002
25656
33000
13470
22554
4575
19553
31742
19354
7053
32976
17296
33053
17343
16021
1193
6310
13534
24757
5706
8514
7946
4034
2661
21102
26184
15811
12432
10411
17573
10937
7975
34497
23781
36616
21192
35228
17994
9110
20551
2329
33752
22622
20930
34685
22068
20617
17269
4113
20879
29463
29867
14967
4676
22612
31509
686
25000
35943
14555
18799
5339
29062
26766
35506
34281
15128
8792
28423
19216
2016
14716
32690
14563
30413
8502
1547
23687
26821
36041
21074
13148
21279
22130
7189
33964
35498
9961
6721
15973
25181
14163
24442
1967
29312
6996
20160
17454
19467
28446
30414
5756
22715
20425
7310
12422
23152
31238
34360
24361
26381
1030
34506
25078
21772
19931
8019
4210
17634
13652
2420
33745
5189
15351
24293
26708
3539
5489
25646
23684
8172
24466
14379
22644
29717
16439
20427
1559
14789
5826
28658
24907
27285
17570
30941
8043
27196
23072
17952
14013
27571
32878
36187
36362
11300
12157
8
37455
10938
15017
16767
24835
19437
2676
16462
21399
9954
33478
1747
24521
37461
4842
19109
2072
13635
27867
3971
36883
6839
28479
12274
21377
3723
3031
6545
21224
27679
20628
14979
21348
7686
8944
5523
24326
8430
5593
14508
30399
34810
15577
20008
22528
34158
7436
17973
30324
12674
32238
21174
12509
29944
2498
24211
32804
6658
479
24005
27358
33465
13927
19373
15008
20338
1125
36402
9011
5936
1206
19187
13903
34610
6000
5257
20744
24286
29189
17578
16966
28956
30213
10080
30866
33421
15127
20524
9777
35731
23008
32830
14743
247
16472
22960
28277
27053
22686
10492
16631
