48088
50747
22963
16934
37959
11053
50832
7006
32652
26148
32691
1597
18129
18343
35075
9343
20966
33720
41595
893
17784
36285
38974
13533
6215
7134
22356
33852
27791
41942
49764
4860
49719
842
24249
30502
44978
35617
49651
44795
28652
33384
43995
28080
27425
3548
10859
27455
34509
2460
919
18156
8571
30152
20513
7671
31356
29768
42672
9489
13679
43236
33460
45000
43493
35580
46287
33304
796
38954
35557
22675
11482
1692
22115
42169
21408
25984
47496
44111
42600
22590
44824
18769
24119
9570
43562
2545
23258
39869
44098
50052
46508
44489
28659
33036
30729
20302
44355
38353
42889
38859
26771
23907
43928
50273
11629
2438
15035
5877
36586
32499
35870
33093
3922
14745
29671
31912
41088
7472
2604
33196
50586
287
34547
16679
40477
22677
31001
1404
7990
33284
9147
46776
36971
30624
6965
49994
27722
35129
34616
3710
40186
18289
12085
23125
42886
29422
7563
2968
34804
19049
50859
22303
19216
39606
13642
45401
45092
21682
47054
21269
39686
29763
7633
51478
13151
1936
8573
46433
25479
47429
4148
14544
22051
12919
16835
14241
33025
34322
32879
14457
50309
45095
12490
15604
45465
42986
41608
35190
37096
13842
5749
43442
49029
8837
21884
3306
34260
30745
42702
44297
24888
20232
38920
43071
35559
16603
4306
21418
7083
38342
34436
21898
21539
31878
46886
21966
40043
13798
22706
4331
14310
30776
18752
2092
48412
50721
44607
37
12366
39637
4027
44360
44420
19289
40818
36705
38496
51281
48230
46354
22222
36733
30084
47276
24252
45921
5341
29949
5262
41489
33784
22073
36919
48145
33464
45110
32428
8753
38725
37251
26166
17656
22378
24868
42619
5145
25733
13962
10998
49139
26170
41912
11074
40587
42113
7644
11182
6480
21844
15814
29944
21202
24226
24202
37977
48632
3773
26918
40432
20098
3743
44151
25373
13619
3574
27098
33801
44012
2972
32509
19796
42143
42896
11229
37110
30931
48200
51587
11386
23992
8166
42853
43994
48038
46026
33448
2626
10975
24052
31111
28200
26121
619
29636
42425
29180
3534
29573
14173
283
6546
11892
20456
28549
32768
30122
26332
8451
5215
37125
45901
18597
37884
7088
26260
42230
1677
24431
17452
6560
1507
11570
3217
14131
41600
17875
43176
47533
36376
8936
43920
28802
23614
41880
34016
9592
22052
51328
4622
14601
35601
27715
33241
30964
48690
17353
18536
16885
6971
12096
26594
28308
4785
2221
50132
1689
13266
45461
9285
24272
39759
14647
50874
38940
10293
23885
33499
39973
10487
11112
26276
50085
50394
8208
26229
14891
8877
39122
39339
22393
16618
21516
49607
25541
29444
27193
13366
31765
32271
34443
21621
9538
25023
4920
35836
35320
18749
12868
22784
42277
25750
13011
1907
15250
12150
42316
37259
45772
34758
31907
14364
51449
24675
31440
50962
19470
25941
36249
26449
50529
51395
38895
48442
42741
45312
15418
37825
21469
45098
27261
46687
41859
5408
46301
20150
22924
40149
8832
10849
47983
44756
29065
16943
24900
50108
13487
30985
44920
2253
18973
43172
6006
48959
16064
12947
50566
34373
2563
28398
40969
11380
45931
13660
17994
15072
24706
40104
798
22007
7597
41794
41119
41419
2453
23388
11441
7836
50947
34540
49480
26523
36229
30974
35504
39935
4141
19819
29931
50501
19626
13175
49131
20412
11488
9087
30449
21291
7892
7432
6743
26227
11029
8480
465
38668
14533
22690
32506
30206
40087
2655
19108
41847
43915
32105
39824
3966
45597
32488
24876
38806
20538
8850
39093
28380
31729
29891
19733
20384
36509
25545
38285
44128
10901
3147
21843
31387
38168
3056
7341
15837
46200
43440
16374
28406
35071
47625
42904
24283
15955
50642
12655
37875
1846
49265
16542
39793
46642
51176
4267
18137
41158
1565
30952
35976
6804
14038
2281
7448
14786
11747
24784
51209
16358
43222
26583
28918
11902
656
16519
14297
50734
16879
49684
16467
48880
43834
42590
3847
15879
39040
43099
28766
39424
46251
16554
41205
32081
34639
6665
3975
14925
49302
27840
49989
20977
21068
2027
2339
38441
16890
8039
41437
29965
38703
50669
46004
6095
48872
41172
6624
31287
14361
10175
29227
13860
36284
14086
45643
37482
42144
2966
10337
5364
21881
36997
40349
1809
22669
26688
34433
42674
31463
39370
22589
25637
50235
43491
41862
37600
4917
31596
11065
51125
39948
34708
16640
4549
6081
31727
48219
41270
43415
4922
12583
26672
46955
24061
6229
47938
14582
44097
27487
27723
50661
30192
26924
40680
10588
15512
38904
43094
28415
45842
3929
16963
7524
38694
22049
1980
4022
26669
41761
9591
30523
30258
37119
19506
11751
22054
45107
50053
41865
34193
27311
32279
38131
4797
46800
4711
38848
33538
6314
20618
21533
13103
15276
34428
20503
25426
15792
39116
3066
17033
9624
10031
50870
24772
36652
12378
966
36926
7146
502
42833
5982
30949
25324
1667
3311
50803
1575
13905
42832
23754
17579
23405
18638
48528
14356
9820
7323
37464
27620
27373
13284
1358
40190
27384
32106
35339
19107
47777
37499
11076
20372
25780
26223
6834
26252
18712
35625
27497
28772
3810
28035
23166
34995
2349
35871
23319
22201
5739
437
15486
13941
51627
22364
4745
1315
30981
23222
47503
34721
34954
33716
9297
907
48414
27545
13873
20197
21524
2532
36028
43174
45192
5127
41045
11714
15092
47740
27589
34753
23168
29478
27443
4980
35948
24339
16645
45417
22616
37386
48048
21519
3605
33626
23678
2046
15806
43024
20282
14440
28322
20782
51648
26171
38361
18659
40801
28650
24214
27946
13122
31195
21278
13182
16103
6046
20575
12977
5017
16509
50081
46196
10010
39747
14405
18924
33439
23666
2607
27779
2551
24165
42051
10017
3667
1192
37181
25385
39811
45484
39303
48378
21426
35695
18022
43684
11812
16422
7739
39054
8864
36326
48341
20336
30627
1831
13522
19438
28465
31222
11088
45489
22609
11563
30904
26894
20493
19113
34021
7455
11051
2090
9473
40841
39697
41715
20340
45871
34703
12160
40218
23099
29840
2179
28951
1832
7189
16208
16080
19137
19400
1201
49525
45181
39821
5249
5263
24589
22485
9307
44812
42386
40815
42077
18921
29660
46855
46177
30568
31361
44346
31126
33590
47570
8481
44559
39694
4229
39205
21219
36312
26619
5457
36136
12728
22971
22417
19610
3198
10275
3256
22921
8024
16666
17231
36711
30189
39943
48047
13723
9809
12390
31273
15368
2032
48179
16726
12383
49312
14205
31932
4242
32443
10346
16884
38310
47729
33774
12989
6096
40007
26920
22240
27476
25115
32525
34122
25641
41141
39808
7476
20034
32259
29659
32899
30718
25431
24664
49052
44492
44932
27462
33147
37465
4124
6846
50662
50471
42932
26767
18336
11999
5403
45350
46524
30928
14877
18645
39963
6290
10369
47857
8161
46314
7929
36269
9992
27234
4842
22230
39059
3774
14425
24668
25338
37216
11140
38261
23360
37127
44203
251
6221
51213
35637
44672
28573
20647
12963
33762
50179
9315
41719
12467
49143
7640
50470
13942
3661
29289
46968
42877
3550
37235
170
45723
30388
36945
13046
6056
33570
32144
42109
40030
41493
34421
11374
2689
48213
261
49559
48937
34179
19293
36329
42411
32059
9048
35235
12013
38645
40535
38747
43718
26741
3555
15694
23497
42847
35322
41581
24950
4116
36970
11277
8061
23794
18114
44269
45195
36941
12094
26354
20816
32299
40019
44878
41660
30193
3518
28068
42071
41073
7415
36939
37752
553
23507
20893
32628
26205
50956
40184
1139
44388
34499
25405
37932
24402
29455
7602
19072
43634
4843
27388
43745
16705
2720
21517
41948
15206
28619
11099
17619
35763
42834
705
25692
678
9952
1249
49339
6352
10405
10453
12152
51363
43558
31304
40570
24136
45477
49470
11440
43117
10368
49193
18170
42324
15470
8708
8023
39014
25053
5565
18426
37701
15029
25007
10707
26664
32843
47678
30774
51257
35737
36991
2713
1717
38101
23680
40527
26222
18385
23150
15422
14610
20878
38094
15465
1971
22096
1282
44781
37634
31
40722
7019
39566
17699
36643
4569
45397
16729
24275
19736
33894
41891
26978
25710
28061
15453
7288
25749
29716
3735
28780
47668
13107
42629
8389
48667
6993
22569
6260
31151
45017
3931
1773
12784
25702
45460
31655
48941
22225
28083
19260
12680
2709
42761
2074
29232
37302
36374
11845
22123
41556
46521
47699
30702
9186
15923
17960
12034
17176
34791
13492
7613
4891
32788
23741
27606
10120
17263
29119
432
12323
19212
12308
41262
16371
17219
36242
7534
24176
7224
32014
3299
5512
27466
45560
28441
11905
17676
29691
44667
11450
44336
15406
35874
3191
27444
10403
17526
14579
33636
9794
36221
6601
38211
7296
4463
49149
24034
16292
40273
16898
49184
28013
25866
23819
19871
2392
21680
12200
13743
8871
25378
40410
45601
25567
18634
30329
10392
31910
3562
27465
16181
40785
27664
1425
40606
32291
4600
46591
14874
16560
20203
47083
37034
48201
19683
28735
35259
8652
4420
50685
16815
1116
35194
27203
28171
20975
44408
35245
810
24350
39159
45899
38090
33141
34698
45531
18738
3229
32012
18482
31335
47349
43668
4571
30804
36821
9317
35957
24205
35734
44163
15802
50543
4563
24629
38452
45159
23732
15060
2267
35105
37893
4401
10976
43700
7112
45082
16750
42317
30764
41048
39527
32199
48702
40755
37519
21756
24802
5036
13891
38903
30323
20251
51523
27942
38490
44153
45374
32194
16184
40443
36490
19843
20107
410
35915
22510
50480
7848
12598
31135
51581
22989
7481
820
26757
1965
31492
25194
30170
30394
51198
149
12053
14467
2728
28897
34974
7497
26490
45158
9455
22371
15907
1121
46793
46568
16553
4906
10267
21878
11816
22390
17382
34262
11266
39690
17667
35120
6044
33344
28372
17988
6630
9296
3373
6795
25350
1102
51404
39371
6870
29862
45852
19347
4606
7960
45894
31482
21696
3238
30522
46666
22913
38665
2805
28015
37144
31522
36855
34156
42221
46266
24268
975
12734
20778
35664
41161
23767
32663
22806
46280
24841
38789
46474
20750
36380
25746
9266
18889
42012
8365
28097
45219
21080
2931
6054
34223
12743
16661
15131
1338
3643
14858
16871
26089
49947
30397
3418
35049
5563
35854
42053
45995
36845
38305
3434
13869
50233
34170
49712
25044
23899
8626
24725
38662
23851
48551
39632
12131
17681
31970
34740
34429
50672
22809
38724
42403
45700
23640
11518
1295
19646
15209
42979
5465
13975
8342
7553
7129
42089
28867
14491
10381
5580
11987
19697
20510
40676
14612
50167
767
49317
47191
34317
32836
40876
25147
37904
21025
24932
39905
17564
49407
45790
24290
4660
15708
11162
1243
40659
30019
32664
16148
6526
17645
48786
47063
22313
15085
14638
1686
32213
41911
5566
20331
30887
41535
6786
12567
31651
24070
5812
19670
1781
51659
16440
9459
46409
48564
48014
25778
51409
16160
23147
13950
27680
43807
45194
50924
22059
20329
40424
27590
18514
3499
8848
79
42594
41028
36143
48107
48835
9399
47501
6301
8201
43720
9908
17628
10671
2120
14
6005
22092
42124
42522
29351
490
16095
7994
1317
16384
18462
45136
43460
16023
44606
12983
22100
38018
14202
27979
31454
25731
467
3385
39389
51418
11736
51551
36895
26923
3244
6974
9998
51069
4166
3123
13130
5181
18333
16338
34963
12514
22600
10208
51561
18162
5311
47687
21361
38209
39596
10048
17828
47024
19564
42688
23714
34866
39412
46868
22870
9547
26372
31209
20527
3956
12918
23332
33251
46458
17011
8676
18508
11129
30983
40985
49268
12059
21948
3482
11170
28345
7772
33469
5847
5338
18489
23658
21019
22807
24464
14314
8534
19607
40108
46551
22663
17895
716
34766
26667
21266
34722
12065
24653
39722
14818
20529
4796
43899
50138
40867
31098
50168
5256
34247
38098
21198
31697
33291
762
45394
33157
38343
23583
31927
19520
5295
48902
3253
28168
9181
41987
7043
17431
13228
37256
2760
43682
12981
47221
33954
27015
29270
19149
10555
51304
40797
43988
43750
27223
5765
22050
40305
16345
20363
29930
47829
24446
20597
39540
14158
20427
39791
26078
22638
6255
7321
6856
29849
46960
27699
36333
28896
28622
29637
40353
33242
6652
11634
24469
18421
13470
7433
30488
5493
14481
29183
44768
11180
43813
1657
45624
11008
46584
1033
23503
19830
16085
38248
1877
38674
292
5107
19225
45977
47558
47639
5980
6472
35903
18665
47176
46386
49913
37921
35732
40368
37883
26551
19792
44851
14377
45214
9021
31709
9324
22067
43922
34354
45088
35513
16492
186
12493
50283
20273
10973
8330
25215
41681
16748
8159
37348
51644
32230
34015
41563
35984
63
6816
36648
28801
49588
3348
43764
3072
4040
51055
45013
8361
41109
20207
51203
31475
2242
9453
38228
33497
41465
46344
12321
25977
28218
34838
27661
27499
33992
10064
1802
25544
13337
14313
28045
10137
33779
18894
682
24302
12083
1491
6962
7754
27441
16617
25287
31684
13386
33860
15061
51517
27899
48019
37765
38041
34921
29898
13348
43978
46431
10625
32615
42679
50207
26659
36005
24490
50948
800
50852
3395
48735
27470
39394
22388
35509
30146
40670
21483
25681
46934
22513
34839
17360
40350
660
22448
38870
27708
45093
989
40848
24217
23559
3331
37378
7386
36730
46151
22918
32028
12694
11476
17796
43020
11050
2702
38271
45403
35118
2688
9303
45807
23929
51361
28012
19434
13997
450
26164
35567
40200
50089
28621
16474
19948
36529
30026
35953
5582
44481
44553
38733
4766
2442
14853
28195
13016
15190
44122
30256
12395
45197
32707
20131
370
37313
35578
26501
19516
43387
28263
31004
43317
28871
50988
49479
40995
43495
7844
29292
2757
5248
17969
3777
41271
15164
7297
44905
31958
49513
44087
8369
12832
46242
25998
44107
3316
19106
43292
40595
43463
27963
29342
30876
42352
40884
12926
18965
44079
19974
11005
47320
9853
43636
11086
30895
31460
51309
38854
26322
51266
44674
2583
30531
10103
11401
8785
7097
15649
48623
7799
25080
50658
30328
15801
2865
1879
18658
45634
20668
26151
19080
44068
35991
43161
25019
2742
24125
18997
47858
24672
8627
17563
19176
37820
37855
46566
18309
18083
30819
48513
47641
46684
8987
43436
50437
15877
39221
40945
5200
8355
10590
19132
22402
38150
3038
31122
23185
44847
45770
30442
18565
12000
10396
36590
43216
35168
35936
51623
37099
3242
37158
48761
26480
4313
18292
19479
28970
21304
5526
9792
32486
905
2637
40482
47321
6833
23780
10047
8064
22703
11139
13212
18849
29166
16508
50558
20621
24498
15407
25449
12561
9451
14331
15651
17275
2322
23324
23742
41459
43424
27051
7375
46765
30419
15032
15799
19654
30878
30534
26275
26215
16131
29254
33928
42670
3790
34480
11477
31563
10706
6189
8704
43771
20376
40268
14586
45786
25810
37583
8803
16611
50121
43879
16285
19780
41594
20921
24096
23253
16082
51108
31298
40134
37019
6278
25197
7285
1678
30629
42965
47811
38585
20092
20678
8725
12465
36209
35078
41740
40487
4625
40460
43170
25952
9375
26834
35424
31514
16723
15118
38365
34577
18425
29509
28341
18653
12797
33413
27410
39442
45683
40003
50384
37241
20909
41514
15395
18223
47895
8802
45106
11279
39462
47327
7820
40928
30991
14427
28065
5111
2096
30211
18816
34052
37168
40594
18988
10225
42835
9531
35361
32984
28041
32092
10837
27381
11984
8259
48755
24106
50861
42650
48621
6516
4918
41903
43035
45172
14940
22397
48246
1791
39776
43800
24509
39251
45317
22799
42503
37025
33637
30812
19404
18365
4901
35251
5901
8093
44820
7162
7477
47209
5154
19821
17984
25145
48267
9175
7244
11434
31875
45925
5463
24761
14991
35032
10941
20462
44552
38625
17089
20591
43209
4535
46464
906
29972
50698
10124
2178
43
27903
7995
8648
26143
30139
31884
49478
27632
34647
13943
36963
10880
26273
17954
37024
24150
3763
38337
16483
15905
37976
2849
26526
22315
33908
49901
47727
30573
44131
29042
26079
33122
23920
47244
31363
15705
12380
25540
12179
33964
29934
23095
42
827
8495
36952
10285
213
26098
13159
5984
46919
44862
46504
22295
13981
30805
26857
16585
16994
34620
24922
38941
41897
40948
21232
19095
46066
8162
28643
3581
47658
8875
1048
27272
23477
15682
35079
42989
524
48271
7903
25106
33867
50655
50177
48921
21489
12050
846
39553
18517
9701
28329
2194
32134
30360
7749
20446
5822
46847
26860
16000
49905
16477
17144
4102
23243
27703
28131
40000
51035
29960
47746
41951
50554
35962
16961
27133
15831
28475
17473
26177
14603
49671
29534
20219
25555
3626
30270
36213
20794
49359
21300
20918
29100
10288
30882
24912
26606
17793
29192
47300
25247
23594
37472
14930
14488
30222
46870
12118
39749
6509
32570
7717
17880
50588
8226
22536
30438
19624
43357
2633
16647
43468
5958
16018
16169
22421
33619
21770
42604
25400
5712
18888
19157
22386
24709
22911
36165
16891
43148
35298
50438
24269
41361
2718
42237
19770
36525
40165
26900
1272
37419
30320
38772
51051
48530
11982
44272
9969
1608
11939
15115
441
24482
40530
47601
10964
27090
49802
4778
39846
20321
19660
49683
47364
4082
16303
47522
17938
43892
11351
31125
12340
7731
50815
44438
29219
28525
41729
23163
27195
33441
11068
5518
32414
13728
10647
26948
41954
1876
30971
2707
49254
28767
42115
20315
25721
12331
29829
42380
5484
6119
41913
71
41557
47889
37449
24356
31043
46996
49419
20443
12875
32720
6015
25362
17499
10562
31054
51358
16586
39204
18439
12415
12236
51156
3412
39928
24055
3660
21588
46653
31204
15038
22768
12684
34552
7398
6633
29032
46157
40248
51371
7588
42455
12081
49757
37838
29343
30610
35869
23663
22460
5297
38388
51626
12329
13746
6771
35939
19540
17961
4834
33872
1867
17557
47545
47407
5943
43400
6145
22394
49609
6084
25101
19233
1018
37612
46110
6112
12410
14188
31214
27884
9122
29174
20233
49991
19919
27701
12184
6768
18465
39803
13477
50091
15240
23633
29037
27111
27612
11855
24915
326
34187
46258
29908
37834
10766
17085
24170
27868
47985
31515
48380
31813
27159
36199
25244
49709
44541
46175
12373
26
29021
2559
43797
963
30276
50804
3067
24077
43001
30960
9035
34884
28504
12569
12629
3928
45575
38852
46000
6830
30365
8982
29848
9308
26718
18958
75
43113
40685
10039
5313
939
51118
11150
34704
14867
27408
45503
17326
9456
50310
16628
33504
31188
21818
13611
31255
5160
36336
26758
21078
34754
22896
7233
10002
34336
32089
31093
43200
27018
11252
24354
12352
38093
18197
9069
3771
30658
6247
44967
28644
16118
9468
48859
11315
23236
3666
42920
18444
4496
41019
32798
27709
43661
44917
44231
2582
17447
43552
6182
33728
50679
40132
3375
30699
7435
291
14043
42622
11172
4911
13821
20307
28924
46951
33275
3060
17015
33494
27065
21880
25162
43860
20448
33429
33005
13807
45998
1739
48461
40836
40464
46343
15024
4334
2403
10490
13696
51610
28227
42900
43337
16761
10402
10486
15476
26388
27980
38540
3907
35053
12771
21997
33367
33248
29365
2393
33630
48129
49610
7710
11819
2922
5683
24042
26855
16895
1006
3720
29996
42614
17479
43859
38612
47326
51570
2307
44690
17325
36244
36009
24142
41212
37077
13893
26827
15631
13294
30469
9427
48006
11109
8924
43960
27939
33617
17169
45402
3057
26498
4429
30660
41331
26281
17422
41639
145
25576
32867
2164
19923
35787
49435
46543
42084
9110
38576
43392
21439
35224
20740
17467
29624
26159
3136
42345
9876
37763
41406
42854
49459
42797
26063
4253
46463
15255
41472
27602
43449
26747
13083
31578
39570
25606
49605
43450
14374
27706
1473
3664
1032
49344
14742
23352
10494
20590
10469
33076
24800
45532
29519
17833
11608
35274
20304
48628
33517
41213
47097
16820
18229
26340
44976
9234
33947
31739
5188
3679
33865
18384
44211
12838
13188
28844
21105
28119
26684
12742
43651
11366
22453
45615
51315
43749
21292
31375
12432
33579
1976
16097
20351
17425
863
41091
39918
33022
13910
37902
47115
22229
17518
38829
16681
25502
29439
46099
1850
34054
13199
40952
23997
46062
18569
44298
46366
17316
12523
39950
35624
6155
19699
11280
3167
38531
2530
43533
20545
37786
14528
22876
41018
25421
5955
20735
49642
40651
51594
23124
35760
31428
27460
44880
15871
29872
15273
40240
37512
32191
8465
30051
21620
13301
50728
16639
45513
25187
19767
8009
38558
33945
36069
16191
1926
31481
33065
39271
10935
11039
29125
15437
10568
31326
19441
38155
2504
3378
28561
14754
32418
36152
29927
15535
16236
5169
45613
4218
47190
29726
25301
40203
35192
10470
51447
10549
33845
49031
48903
31162
49865
38833
16363
44019
17340
7205
23395
31235
28383
19175
14396
18182
10415
23556
9911
46356
39769
4462
4316
25005
19772
46635
10248
31342
1134
18691
40560
10500
27729
19277
19235
4293
1873
14726
21885
44949
14888
11197
26971
18450
36125
2277
12283
14951
24329
18992
16466
13956
31785
7453
13870
49544
486
2103
47949
24204
16001
46910
13928
24026
28746
31582
22925
14859
34182
12397
28487
1734
32084
22854
5345
22217
43137
8460
21211
19915
15600
11390
24050
33467
11807
38557
41744
41473
34643
5500
42383
27535
36073
43011
42589
37577
11520
7987
43323
34992
15388
18126
12872
7642
11581
17567
925
27481
50839
28165
45358
47204
26520
33974
1014
26178
36345
35711
2282
19495
36823
16227
28028
33489
16089
2571
47534
45215
50976
29711
42691
31445
25434
46927
1885
1306
3064
40272
51667
32011
34236
50242
11357
38363
27569
16653
36750
25862
27269
20009
46056
22771
14971
14336
14245
45849
24708
12754
27232
21664
13146
26052
28340
37813
22801
34513
19278
32186
40997
4930
38071
25987
20494
14616
3609
6766
7369
4584
44835
3857
50793
29324
50719
40604
35364
48982
38283
40394
38439
31624
34662
51379
5567
33885
39095
40174
30042
1357
40125
1769
45623
1034
14370
607
22252
25006
2845
25048
30521
1752
7298
32725
21069
38683
28635
32760
34752
38573
22427
32098
44452
2301
16688
27262
42285
19412
2076
2121
27283
42239
51512
38254
852
18941
25679
28648
19291
36694
2116
17581
30934
18865
36521
39651
42177
40634
39706
9394
49606
24470
17148
34440
26877
14395
30937
35603
35202
48500
19093
35024
29895
11038
12986
13157
17470
13999
39784
22036
40199
30060
32703
14832
15150
31226
22175
21869
41518
35582
22517
5650
33317
44732
23272
13246
27746
15288
16974
46288
22535
15916
30148
3531
36237
27448
50282
12908
27137
42226
30430
48614
38301
33014
47113
17383
5108
42728
10963
45031
27301
18686
47071
32367
45877
44183
42227
15558
47464
28375
46719
12363
26919
28176
14812
16078
4356
44398
30005
9905
13727
27378
19834
10536
36917
580
28762
42388
27308
25720
38367
29767
6365
2542
30282
43162
17193
33674
22718
6417
22917
47966
36758
45044
3780
51032
50884
27452
1659
50646
12841
7519
14496
24413
36544
38893
13772
48494
16765
45608
33243
51553
11250
48557
26532
33927
51479
6732
22432
38560
44521
7194
40442
14221
33683
33830
12850
21212
38517
37766
15970
2581
43579
48656
6646
21020
23901
36149
42043
45990
32196
39464
32067
4587
29325
29224
45440
32981
13678
22942
334
2387
28604
1611
29984
48278
35782
33060
42502
50952
27995
35057
8585
122
11358
43951
20335
21996
29096
42008
45648
32368
19588
32739
24843
27915
22540
41630
15400
25264
26932
154
50739
11269
29072
6036
1574
21628
44464
14866
29018
41027
20515
1475
20474
26441
10483
5529
31490
50007
17491
13220
21545
28750
29443
3077
21386
13288
5976
14271
39897
46749
46818
36988
29048
46349
26295
28095
25714
17595
40468
44989
33856
8461
35933
757
16077
9719
43499
51229
45635
13721
50446
43649
3113
22837
43104
23760
48561
28137
27938
7767
29681
33682
15860
27947
37662
17981
39333
43115
999
1461
7925
42693
41460
5686
39738
30395
39925
2959
3659
39920
4461
23695
48923
28740
30121
12020
10004
17156
12326
48401
6240
19775
3262
10335
42595
1271
13958
36140
13742
8570
9941
10231
46226
40528
21379
29456
34492
39078
17077
45670
7893
19537
10460
31786
42993
12254
23230
43905
12568
34702
19121
36184
42879
2406
4885
30744
25242
25219
34516
7242
19826
46085
26522
34666
14391
44439
20774
10861
15278
47559
16325
9959
21719
8464
13709
30190
49368
30208
22211
3545
25803
22581
32650
13511
24209
50961
4386
49794
21285
45505
13322
1279
46193
2169
3989
46993
38021
31937
9933
49522
23878
45028
3893
20737
35143
38473
47917
23009
6271
7316
25884
16797
13084
50484
6072
14876
22124
4723
15339
30454
24609
33213
32391
5849
4814
28585
10492
578
14234
46210
28848
28183
23281
12649
18428
28160
17708
11860
3536
41184
10019
18672
20525
16572
46312
23466
1190
40211
39436
48909
7858
16520
16826
5925
30602
11695
47502
32225
39854
20286
14993
34542
14849
49888
20459
6231
2030
28319
7310
1721
49828
31643
982
44013
19251
37000
51288
3981
31277
13420
49212
33297
14284
12372
11985
33103
48874
50452
1923
583
26162
35397
48344
5690
2591
21246
43622
4391
8240
33310
7743
28752
13750
13730
26319
28948
40558
42375
26774
23344
30591
34114
33210
32708
20054
41701
25071
47647
3012
21544
8044
28170
15769
15739
30041
26147
27155
40929
50305
22727
29004
47796
48322
19691
20174
48091
48284
28463
30311
16046
44287
17593
43969
46453
8130
35930
791
2343
29025
18938
38996
19091
17881
41428
50792
37650
14968
45942
48594
48250
19722
29426
1900
46389
21365
21255
30691
13791
29213
31092
42302
35063
27636
34271
1719
33115
51538
26535
21250
16336
20650
11930
9972
43202
24410
32917
44004
49046
34090
15076
44168
349
44630
20648
41082
39327
39709
11550
3687
662
25794
24674
33821
20240
22458
37336
14409
41924
19803
1532
24769
47366
8685
47937
24328
23285
8314
16250
8164
14918
12404
39895
36047
10942
28139
38619
10427
41006
14578
18457
18295
31276
44575
47930
20903
2192
13145
14703
42759
18075
2999
41756
42331
24927
43824
46883
23350
10482
9766
946
46357
5545
1089
9751
8383
6353
38575
43534
44129
6503
12744
11436
40146
9025
43049
20671
49839
46017
11455
30359
18539
23734
22692
42364
6086
33146
50701
39772
27161
41424
19312
45820
44656
13161
36263
7723
41588
26780
48221
23655
44214
14805
42264
7895
33365
4154
29452
18417
4149
1803
7937
49484
48053
4959
2802
24101
12384
33336
14181
21572
28127
6273
44865
37567
29010
11198
41636
32929
4455
23993
46112
46435
4383
38166
17466
13779
25276
16889
28889
7768
7406
40923
28221
26524
9815
15141
44485
3200
25139
44804
45718
2273
45843
37704
3615
40944
31489
38075
8887
42293
49562
1647
5979
14550
2586
10531
38045
880
15798
20859
20249
13835
47765
19003
51421
45538
19354
4704
31851
20838
2777
11246
29732
13813
19530
18677
36902
204
15466
17468
25593
19991
12401
49204
18279
49356
40054
31417
3089
20398
45972
51374
37028
24292
6099
26003
26285
37839
34258
31300
36071
653
29395
5788
29744
29764
46480
9391
4765
24738
18169
5078
41953
39422
77
47909
36982
40270
28617
40126
16032
47686
41092
29146
31892
11193
589
31042
32559
2562
4855
36280
3930
49902
45808
25057
37109
3569
22244
30558
30156
32117
40212
861
28309
3709
39252
33079
39877
32297
49585
15808
4362
5218
31703
36846
22346
36842
35823
6463
49910
51534
13096
20480
21868
21223
5320
36450
5382
32240
15309
2013
14147
11718
47513
32156
25870
17440
43989
46231
19667
45410
51583
42006
26778
23900
35050
11091
44813
1789
38578
475
15446
26559
34252
31531
34953
45134
14459
7505
45343
14767
5656
50926
31607
14642
17070
46774
47599
29068
43588
6872
9204
4789
45243
18905
20457
25942
10011
473
27327
927
3513
49656
31620
48150
49482
2683
30171
42178
29233
13638
27705
31890
25760
15990
30743
22149
24650
32808
31158
20488
9696
7504
51579
8072
18622
6657
13856
13019
51427
36745
3305
37207
42605
25625
21912
48463
4406
6489
21804
10943
17126
44379
43274
4262
33409
18216
14052
14057
28596
31971
34009
24294
9743
17878
6746
13415
3159
49759
35595
32241
8202
39433
22685
1429
34432
9542
32602
19466
17987
2308
32747
50387
9878
18183
49169
3249
46636
14486
35829
8782
42793
23890
30160
25765
8960
11595
21926
23615
38260
7480
2812
34180
26649
24936
21367
32469
11793
38465
40167
21359
29868
25876
31626
9780
44533
30405
13737
35081
22831
1746
14729
34105
29489
2217
39941
51469
47279
41379
17301
26734
40156
13823
49504
20156
16685
6498
10620
50128
4213
17630
17334
48469
30732
35480
26829
25404
4896
21634
20673
50448
29466
4509
48450
1612
46757
35800
12436
25060
44002
27799
35875
40404
9281
6102
40922
7201
41551
1750
19040
2000
9435
23909
21897
30325
34190
32258
15479
22863
3819
547
30565
31901
48092
37664
43753
25999
28718
39479
42257
10883
26334
19393
7485
29514
5307
40447
15374
12803
41314
24564
39737
17117
34523
25741
25865
46109
5931
45971
6077
50764
48253
1221
41525
19604
12970
21241
33692
20436
17222
26557
51327
15702
42066
44082
10298
20048
14298
14732
20041
15147
50147
48238
29186
5158
44006
20257
35699
173
23004
33278
1747
18341
1119
29379
29362
7010
43126
43276
41568
16282
45316
24771
48625
35381
35994
30724
34778
12042
42939
24683
2801
16425
37854
50141
28995
5378
3397
37593
12781
37647
23932
26000
1253
22734
17060
24981
46875
28437
38958
14768
29982
41232
46173
24308
16785
17451
18220
42703
31527
43977
7785
12540
47719
47901
8614
8800
48572
24322
24279
22109
29260
6995
6602
36661
3571
35031
8816
11202
24649
22805
40796
17953
46860
44348
34290
24164
3694
4357
16315
16964
17362
49740
46575
37303
47744
12597
45926
43028
22223
32523
25579
23512
33119
6775
29497
6674
39499
47413
26753
42470
24764
29139
8254
44286
1460
44041
16270
26979
8341
43643
42222
16824
46319
18955
25590
44868
24305
6911
42116
50336
33453
38551
855
36060
7740
14506
17702
46743
1093
10424
41118
12848
20815
17570
50725
15713
32919
37561
18350
6970
24363
12637
41207
15619
48888
14097
27361
46475
1057
47096
30284
35533
30457
1059
4290
34387
32373
3948
16192
10889
16633
45740
20536
8414
48600
27856
3824
19015
21562
43229
25642
47736
39662
50985
3630
49639
46132
23339
47809
39015
40316
25419
47376
1843
14253
17140
27285
16910
14244
17214
8703
31736
9932
21684
50125
51115
22861
45033
23862
18650
46859
3849
44936
34351
11495
17390
17002
20697
30666
8423
31139
20326
20792
24830
21677
14721
21649
12764
25103
13515
43957
16851
42174
31163
15652
27392
11940
36175
41818
36815
7899
30814
9177
9929
39609
46738
35713
26773
1386
22661
42065
17825
7117
17860
40716
12334
36985
46392
24370
18856
8153
50644
42878
50008
37361
14617
27402
11337
13150
35420
48339
40578
35463
50626
49157
50017
25055
20102
23106
2430
5509
45782
9104
23983
266
37719
47435
14448
29061
37468
29728
5550
38908
43664
50252
44772
2051
6160
6859
18737
29215
35608
31501
32033
30301
49043
9309
233
25184
9827
22868
40438
37170
11625
33669
51430
15252
25068
11853
1610
17401
26210
11293
13262
1945
20748
3717
47804
25949
43511
8137
36559
12831
44789
28360
47645
21416
17509
49417
22442
6131
24415
30112
32433
44900
23189
29746
29071
46650
29131
15069
35878
11001
26401
15981
1211
9328
49804
11656
18481
45744
1600
34202
24857
7045
4490
41779
31041
42050
49705
47961
25854
48478
29164
5168
39502
40806
37563
38218
43127
45413
26320
32466
49691
24613
7580
38105
50876
50564
25000
47343
48263
29116
28255
30239
42649
20416
29810
2663
27002
36021
41374
46187
22631
50011
4453
48975
20956
40378
39883
31348
36641
492
21474
29268
27060
38992
15082
43003
8175
3546
11061
17475
47041
39546
7851
43296
9049
24532
32231
22345
2106
12527
23965
41170
35417
31124
23975
19261
10105
23945
14990
33976
42934
50504
49787
38910
20927
38352
19269
4197
18806
35016
32692
788
23634
23607
19570
35789
34442
6901
22852
13215
23956
1755
18094
23278
37423
33220
4583
21136
42131
30503
46367
30589
26756
50348
35832
21534
28814
24538
40051
23578
6335
45992
22578
17455
16295
40690
40002
42770
6163
6557
11316
5162
4662
45193
32355
19084
43844
2426
13305
14966
9912
7567
22967
29361
30856
29040
14373
1720
6066
2323
6292
35293
25554
3700
31477
5967
9176
28432
13796
11497
17890
44196
11345
45345
46728
36752
3910
29102
9330
49791
22738
6059
19276
36243
12916
32387
33337
916
9458
38897
43701
3820
23816
21917
50062
33723
24258
540
16283
49911
32935
16838
3736
19119
6185
38860
35273
4703
48953
16843
41505
12230
4355
36339
6753
15019
6025
40056
7142
9255
44966
46426
50434
20487
35054
20200
20497
33673
42128
8263
51709
769
19059
9971
45188
23896
40557
33757
11727
4205
51496
8014
26424
17543
22691
1816
44049
26050
50825
929
45361
33126
32955
25263
23052
27763
49923
9581
22619
34590
24994
14936
42646
3280
44627
22207
24829
51347
48771
40362
44213
44549
18349
22732
28991
4950
17227
28305
33406
2879
36181
46708
8110
20406
7176
12936
9224
38745
29384
39002
4281
7371
23836
11742
22813
33690
33788
15245
32032
51696
3240
15281
33049
44472
12232
20781
8914
34803
28953
13077
22381
29710
35792
1590
45789
46582
39068
49280
50954
1978
29008
42615
8404
21447
28712
35584
29408
30289
8074
32793
23781
18728
41522
42247
37046
17205
48083
48980
27546
27554
49105
50262
37696
27399
51591
33150
48638
23510
5702
20635
27000
44809
47317
43486
50220
44462
16583
15258
30897
48505
13875
20898
15693
16767
27747
44001
25776
4983
42088
51050
40834
48712
46619
50383
14351
11284
31664
22213
27337
5552
40575
38348
12721
12315
16462
5781
38066
9138
26188
43942
41063
34737
2909
43454
30108
43136
33878
483
35077
23066
10241
33528
25840
45090
14299
43789
46415
18259
31913
48882
27437
6623
21521
19454
8219
31764
2592
41637
33973
44048
41194
3289
23365
44008
39969
10139
46856
28524
43134
44605
37979
22588
5789
35197
763
24947
8749
5206
31027
33493
26514
14825
22280
36655
8889
16789
15283
9738
1321
17348
26712
30586
26811
16803
14190
2228
15921
15084
23171
34556
45150
5269
14227
772
8594
27562
36453
21735
23131
15975
20832
31403
38568
9146
23971
35346
96
29229
14044
7445
4599
9692
37095
43660
19430
45675
13524
45218
2009
31532
1289
13393
4428
32436
29249
18107
37422
7357
22674
26384
12995
2616
49582
41336
2112
33879
21515
8863
9141
32764
33096
12646
20112
50285
34427
14157
26981
39240
30444
45519
28820
33892
36186
8774
1308
32649
40586
28085
23286
9522
7165
24486
22528
14646
28673
48055
15041
13866
38072
15793
50657
10066
33434
33815
29564
36357
41490
46149
30116
15336
37860
20083
35554
1432
10458
1378
16691
9606
15810
14911
51599
25822
17068
242
36568
24343
14420
14238
9720
20746
39399
47756
3920
30165
15525
25959
39529
20907
31507
3611
16293
6144
36396
27351
20999
38656
11468
16842
13093
28510
21893
11660
8456
18016
9491
50605
41461
21871
7418
34706
7016
20025
47697
44776
25874
13573
27315
19474
11078
8269
50855
422
40401
38835
44046
41315
5908
11896
7219
34937
15220
4294
15174
10907
36274
16850
37728
18695
15134
26339
17122
13166
11412
28996
24331
2650
1652
36565
44529
32211
45682
15565
11365
21028
5942
35064
23331
11330
45383
9286
41693
7133
10270
36033
21436
26752
23708
13652
37346
23224
41482
12303
28404
28992
31019
26009
19594
39215
41612
33782
3355
17914
50027
36822
43345
10698
33116
25050
10844
49891
24832
6197
42829
9226
18546
47146
47907
3340
18736
15261
37222
2569
47062
13685
11954
38632
40886
20319
48050
24625
13718
7627
13135
49378
2881
47200
9934
3435
1390
45656
43085
34219
38049
44050
21977
29701
16670
15517
42845
13706
31849
32538
27819
40028
31314
23887
33793
15909
14258
48821
32417
14365
5094
17339
49821
39431
30389
32201
43851
48252
25306
19427
308
40269
10783
40282
9457
4696
7414
17288
43359
15614
51227
3654
16461
10190
41407
21633
19141
37644
482
3621
41741
42749
35406
26969
25807
21458
39312
23570
15417
30115
39492
4321
23000
31889
25376
1853
48342
851
24953
29041
34158
10974
21980
24711
42424
14514
23698
2117
40094
25594
34458
35944
26686
33680
43122
37282
49985
30429
16333
19860
19117
17149
32327
34593
28519
17131
13069
27
20118
25628
17445
42799
14020
8572
23264
16246
23304
36874
28677
18410
27333
3588
30309
23430
9843
26336
8789
21527
44405
23179
49376
12193
20290
9464
10751
45997
17736
11919
42295
44915
7961
43574
36265
33261
12188
25996
47475
24035
48459
29719
21981
50534
8612
27652
24884
4165
9654
3105
14828
40130
24701
22997
36851
9381
18675
28443
16604
27440
33900
3466
13218
123
3290
36955
20224
36231
12940
12149
46724
4315
41519
40263
31592
37878
50939
49608
11364
5197
42588
13437
30413
34228
36951
12427
15718
6941
21952
36297
24117
24559
13105
8045
34199
640
28416
9940
34476
42064
21571
15901
1144
25199
6581
20400
19259
7801
29614
36338
43044
9209
4610
4809
45856
22521
49926
41521
22286
17544
40226
3816
8965
1329
18944
17367
34605
10678
41405
40972
23267
35811
50183
34314
35177
29108
47318
45980
7582
19824
43617
39909
44986
41233
19368
4641
25728
43803
35924
4097
35199
44524
38058
46009
32311
46829
24548
45443
711
8657
25073
37963
38405
684
13216
3453
33015
46770
29356
42788
11428
48756
45270
8542
20187
26072
21397
29754
41487
47830
34214
49153
25429
22859
48967
22473
10748
41559
12791
48488
18967
44783
21348
32926
2884
47936
39967
8967
2149
41324
39326
12018
33024
50802
10912
7605
30215
2166
14735
40661
29947
2424
24036
10659
598
34061
22375
31241
15065
21819
49023
6448
29001
8425
5246
50730
30135
24913
2816
28640
48168
45166
2624
23415
38039
