3716
28277
38411
11632
29853
47541
2904
5654
24318
13375
24602
19222
14512
32639
2670
6759
32040
45408
28958
7696
3124
40798
13423
24587
25253
41577
46095
34795
46490
35362
5757
5744
25600
21226
9946
16825
40307
16231
20524
21758
3752
43432
49565
4432
37161
42698
34342
38664
26637
5811
32696
12732
49739
20875
27345
19471
12371
17549
48842
33080
10277
4925
33404
42621
47976
807
21172
43832
11756
17406
43647
28126
34761
36464
14927
26585
30826
30628
4736
3761
43983
29098
21450
37974
32170
37288
22599
51503
1127
7295
48208
8954
27921
23914
21975
13067
31061
26864
46663
4172
9374
31187
3999
43205
17027
45324
49282
15344
3224
32519
18745
46338
50234
38189
50265
22497
47784
1948
35592
6525
19280
17799
3837
30528
39158
46030
40742
37205
41015
6683
18858
11205
8459
13419
11820
30984
44744
14285
47134
35610
49774
4858
47738
14744
17889
23823
3845
20364
17886
46900
24646
217
21231
49811
25065
22431
37909
47547
9340
43407
1989
22170
41203
36806
35546
34233
31140
17154
41383
10329
23212
36799
20568
44531
23383
41822
10173
4100
3215
1125
13473
36972
29195
30053
38916
48000
20564
22414
8642
9055
35549
18912
8998
26543
13129
46190
33443
36038
49879
43227
7407
39760
1328
28559
33926
8505
31469
36798
21526
39088
16153
16952
40751
13359
14072
34095
46652
24369
32823
24846
165
50700
44972
40064
22937
1109
47650
15153
47823
3954
1458
42769
35155
42072
10545
10180
9881
32911
26104
24173
44344
17710
40630
31448
8623
4235
13805
4106
25805
23472
7099
5709
33833
29463
8512
50414
28543
3606
7984
38410
3895
24400
29643
28413
24993
231
3852
14824
7103
10249
20780
48212
40461
4096
36187
51278
13293
39180
574
24758
6508
40363
2369
15117
11720
9582
30740
21213
38600
27139
2492
43869
2362
8124
579
49677
25890
32769
46852
48440
15531
19633
19081
27352
11910
5521
33546
35801
23203
17989
36344
39090
7691
21097
47596
34897
7689
24926
14381
27067
11661
42286
26581
27858
8876
48137
20790
32421
38303
5209
26028
10858
3867
6500
18466
7643
4083
29679
31395
27397
34739
22866
4007
456
36548
25451
25989
12158
15335
28828
19058
38697
49079
27671
34919
2809
44614
1937
24527
23027
14509
5174
358
3781
11547
39980
6596
33959
10125
1439
48518
10037
21570
2057
9318
23457
47303
44161
48629
1488
41126
38274
4091
29645
18951
46183
17816
6961
21207
13973
33454
46061
13417
30467
34376
7264
25742
48708
38120
50919
34353
10980
26066
36706
12195
23545
8179
9200
7617
42547
46931
32813
30313
25377
31064
1396
16751
22538
27287
20761
16133
16427
48458
50965
36250
13468
49843
31566
39097
20943
1864
38925
20486
11958
49271
49018
34397
28456
17368
21441
1594
36689
26236
44005
19000
41733
41034
24433
9004
11594
32734
3219
30578
45546
49584
46404
8945
51063
28972
6296
14074
48773
39488
5099
24154
13274
13968
17163
4211
37392
10185
23599
18540
30187
33708
39992
45884
26572
2621
38294
24503
2361
6504
22358
37078
7276
27844
41651
25029
9404
28272
46394
23999
7182
45184
16401
23296
29178
50038
33158
10471
11424
20798
10741
2956
17866
18661
36594
13121
9509
35264
46369
48041
34922
51516
25384
35449
4067
37038
18506
49570
26477
44924
356
30753
41302
41544
33039
31636
6434
31645
41196
28446
26412
37209
40450
41007
13406
11637
34580
19969
36748
25064
13497
16832
34103
8326
18746
51352
47354
19994
18386
23506
12019
17137
50720
19925
6210
48350
7108
19754
18780
26858
3117
50087
27474
9348
6052
50187
41139
2295
22161
50560
637
29485
19799
34997
5652
37850
43241
24576
45985
31627
27266
34138
5185
2466
1364
12374
20365
6244
37772
47370
16030
3291
27672
30914
25986
5711
26689
37370
918
46997
38203
29709
49921
22598
12381
6612
35418
15277
40213
40073
48995
15430
36994
23625
46087
35727
6282
1408
16357
27349
34691
44958
20407
428
33760
28748
14628
6151
35261
27822
35407
5734
14916
16959
51046
23808
36995
6201
7680
46455
6375
43600
22069
1487
30172
15370
19264
141
42307
39030
34504
4092
4564
10312
34977
25781
34417
46216
51417
4994
23282
418
17967
45470
11797
14749
41251
44910
21037
39101
31398
3945
13186
1645
46359
27212
20666
46201
17098
42206
34679
47230
5132
39096
23391
42893
14838
823
13367
23550
29313
43031
2765
18198
27305
20012
46374
37454
45658
16394
36693
27600
770
31365
11772
9530
50511
42792
51620
25011
23539
46680
19671
1207
41356
15896
50693
3656
39126
33298
12593
50243
47056
22410
1595
48456
28862
12170
47674
6179
554
35106
47283
4881
5250
347
49886
17226
33041
13211
7790
11226
32228
15146
30126
35240
41615
40158
38446
17488
47202
124
5219
27650
45869
47010
13303
24861
21699
5423
46874
22344
7344
45310
45205
719
22505
1912
11677
8348
7150
11990
48381
45585
15976
6471
23847
8079
26402
40347
29442
11887
17051
18050
35281
7299
49714
47275
29912
49227
44563
50931
34923
36467
49380
47793
32582
12082
27445
552
3248
10881
29835
25330
690
21846
35058
24303
22047
42047
17312
46879
263
23162
12996
51706
46114
51389
34807
27663
44120
25412
38077
6492
32641
8859
7082
39300
11041
6722
43056
6399
35959
13118
45325
37576
44874
46975
7130
35345
19380
18131
33229
3415
5437
23317
28344
41716
16632
51031
19326
31045
11631
23244
50356
4975
36031
824
28382
3298
10462
44885
40215
11431
1961
42657
8670
16736
29372
37753
40872
49767
3624
6446
22553
27321
17611
2848
49144
2065
13784
1438
35313
24208
48397
22890
23940
34221
30775
6705
50200
19896
45463
42521
49571
43997
845
7256
27866
17254
21961
38215
29999
35140
35119
17494
10202
26955
46398
12882
610
38201
15125
32131
444
28112
27750
28178
33179
20897
1206
4183
20244
49754
13183
46459
25932
6862
25809
11698
17781
7897
17706
28584
8668
16237
9862
461
9588
35328
16956
18324
47728
29200
7693
20229
21356
224
5040
19345
13163
5369
14560
17597
20356
46554
51274
26060
22339
38728
43103
49753
2580
44337
27951
18014
30367
21731
21131
12464
48063
3301
18395
31206
245
6866
23294
12974
10361
51440
36427
21071
23568
39544
47824
36914
3156
42148
50986
125
34380
35157
11471
46685
33181
40553
38942
48938
9585
4840
21336
39558
25387
2288
8242
12539
25175
39127
29753
43778
10260
39149
47369
2184
43289
39719
38256
31466
44702
4960
44454
29155
12888
41025
23455
21768
43300
9010
31725
17495
244
11058
25974
40837
38934
33316
21607
36100
1031
11606
46270
26068
42559
50769
11474
12233
262
24392
15377
20899
33182
45983
35894
30566
13442
31914
42107
46892
43620
15756
17003
36588
41418
19214
10354
7557
45431
36044
39592
19513
21538
29823
6644
38543
35375
34677
24991
12775
45074
25563
674
41031
2200
25503
37975
8484
44100
27185
23325
28903
45558
31161
31456
40731
3419
7551
7746
47794
9709
7734
34701
47612
19237
5272
15913
44887
12892
37700
18166
14851
26642
2419
1117
22423
29390
25648
25272
15046
41151
47754
4933
4343
21568
4251
26254
24326
19763
16915
14784
27804
22367
27644
25530
16973
48605
34768
27586
14125
46963
21440
16866
10854
48182
39248
843
2360
4103
13510
49363
29595
50649
2388
9563
28815
5177
49900
29896
22422
8543
20655
29150
42363
9031
7365
46106
19321
50743
45818
44314
29371
23705
28550
30086
32481
51009
49440
40653
35247
46616
30625
41235
32123
43272
27964
6330
9718
35796
11037
20088
20312
160
29605
33488
15934
27330
21021
32395
5007
7252
16045
2084
21309
8097
29009
32787
24988
42974
46182
20643
10798
43717
44361
25698
5283
712
37032
39742
13623
33250
38786
27407
24634
40243
20630
30905
50073
40449
18557
21721
41734
7123
39337
5954
47153
16306
35804
4748
4378
8565
35738
6378
43568
33386
6421
8467
33685
44752
12145
38423
44562
3779
46952
12108
25018
49580
4938
4498
5267
21147
49285
12628
37311
20787
48563
39922
2823
42894
29434
27876
5542
13330
26467
46827
33910
13734
23154
33164
35166
5832
17839
29844
22467
37013
30127
14529
8545
43842
435
6648
28858
32262
50065
9202
32086
11203
39680
31026
13031
24504
39121
10187
48541
9403
29597
30620
34100
40908
17939
51438
24656
45933
39100
28691
44387
35828
41950
14353
41980
2031
40451
3946
37947
50964
41920
2125
41416
27549
45320
37494
39931
506
31593
16638
44962
42576
18391
50318
34870
41574
38830
48566
21190
34478
15601
13361
51014
24689
28787
29869
37956
4616
14774
5989
23596
35621
48178
45787
35329
37936
44031
9334
49009
13306
32180
12418
7543
16944
26759
9341
46088
45726
29488
39998
5486
48385
32841
6039
43982
26720
4873
26782
30890
21833
44363
17272
37244
46171
19997
14651
22783
9497
47362
37381
49104
26587
39191
13774
48428
12202
30130
2753
51215
17685
15151
22655
8395
5771
21036
43133
38935
14691
921
28071
21595
18818
32555
18831
37307
17956
10082
31497
25305
31217
8087
35780
19972
41101
48085
13854
50218
34276
27972
17571
7171
34251
10237
12258
25908
23673
2774
39806
23362
16896
26851
1985
42029
51239
35226
37843
12679
34712
3691
38424
23639
13462
22945
13583
48789
48402
15980
342
43887
3941
285
45764
12851
26582
43280
15081
12695
46023
46487
17959
24314
15502
3461
3770
33662
48522
26777
40397
40326
1052
19599
15480
27341
10303
41881
15850
26017
17615
13765
10612
38676
40814
15735
46938
2439
13699
28451
17737
6108
24192
8978
50510
5596
520
27031
36207
15683
49083
37602
30417
17434
9183
24012
43632
45202
33155
26517
1578
29808
20751
3441
43975
1783
41787
7267
15880
28233
4421
7750
8890
48211
29690
22387
50680
45605
35820
10946
31073
50766
30631
41634
46303
48510
13454
8916
11126
43411
30857
17852
43865
6461
37990
12172
17624
44076
45290
2357
45001
36796
36909
26692
44815
32957
35323
31088
7089
2497
10952
10316
18570
46511
36142
16347
44396
45521
29952
11491
6893
14873
36849
13252
7809
43655
18914
20342
14170
45129
22587
37397
34652
44020
3758
50320
44939
14174
1224
28096
19004
15776
28150
33048
21043
43388
32560
24284
39357
49693
2335
11408
45428
31254
25133
7061
44487
18744
1890
2799
10035
35191
23590
14053
32872
8222
34641
12414
12933
29510
5543
38462
16068
2140
25049
928
3446
16526
47648
18100
27933
14701
27777
32385
423
6549
14443
15823
29953
3915
29865
30339
40426
8266
50082
346
43591
42721
12720
14138
50946
32403
11487
48575
6331
14063
37835
10904
9888
12878
16708
1319
37737
19443
13494
22263
10857
50555
1902
41124
32774
126
5129
43016
35312
27478
38843
32833
20711
13120
24728
37652
16029
20745
13535
7439
14581
17783
19272
5374
7220
43926
3799
47072
29051
18982
43000
39884
23652
43583
354
10708
19964
26038
16223
20636
25608
21042
45111
9090
22486
27151
31169
3209
47741
30342
34912
28984
51414
21324
48215
36627
48079
28039
38044
21399
10457
15893
48775
32848
51280
42707
21502
42210
15445
5370
19815
48871
4026
1998
18054
33950
23713
22437
43972
7565
22935
39825
2587
22184
50887
25467
29505
50360
51216
34343
23381
33661
50582
9342
43678
44503
18032
1847
35321
49411
48187
313
2800
3391
45321
42885
31798
35704
29062
50867
4275
28879
24551
4877
42223
43367
28737
21497
815
14047
6875
1564
51552
41256
10537
1227
27118
9129
38681
3822
21851
3352
27442
51261
24799
37230
39156
33953
9981
6251
35656
32851
20478
16697
751
48587
24032
14815
50029
32102
10550
27771
26118
21187
27508
10808
33255
11433
12574
14225
23333
5655
7673
18768
39985
34914
25225
33254
45945
10020
38689
6218
41938
1171
22154
41614
47334
39907
29257
24930
43939
19888
44423
31332
8587
38798
4503
33730
6737
51405
14089
51084
265
38437
10319
5854
5895
44088
12703
36240
49737
563
17021
41311
27685
34656
35237
38466
47769
22404
30606
11323
2306
39318
48577
18538
42524
8769
6436
13441
14433
8799
27230
5770
22330
5639
13867
34413
5774
43524
18080
38779
42335
35469
6912
39136
34239
8186
5721
35340
25334
29832
35061
51390
19814
3806
44479
13560
24996
47468
12572
47408
19700
48282
24385
15340
36160
38167
50974
19221
41817
35630
362
7822
17481
33560
33183
12565
47673
19418
46549
10762
51329
48565
40879
44728
37972
11603
39094
46429
11623
5296
40113
3983
14900
46002
31021
2443
40724
11492
5159
14375
19044
45941
41578
42402
30474
33705
24033
922
6374
9807
18262
11553
42265
36981
1079
16683
41279
1482
20911
18734
26357
4946
747
28887
27162
15939
37776
11612
17742
43284
23531
30978
681
15191
34496
20258
37965
36829
11141
15832
3850
949
38487
46411
34129
23558
17305
15608
33890
32947
7779
18547
6419
10999
32572
49876
6661
48891
1029
11936
46267
35494
16590
30787
27684
37252
1825
10191
6523
24089
7867
26300
30742
33768
21185
16304
17849
50299
14760
25245
25172
19472
38486
29653
4755
42119
4322
20033
23519
1196
10779
38690
30440
18274
23852
37296
24679
40713
37029
1723
30607
17641
46125
23199
2595
51470
37949
22304
1899
15674
47632
29521
10801
51453
25156
22000
50294
26657
21431
25432
25775
19944
25772
8500
29860
32382
31993
34097
36958
3444
39163
50491
33198
29864
6530
40926
44711
4144
19859
14986
46502
46067
13101
44761
35742
2701
7047
39202
9926
42539
22130
12017
1463
1265
24886
16370
17842
1340
16166
9596
38346
36825
34069
9872
48346
3182
18367
35287
39915
43380
37374
47359
15439
558
24425
34277
41703
13714
8691
41992
7981
30476
23387
43599
2258
2862
10
27276
10188
6937
29115
8474
41842
36059
17407
10937
34861
23449
17553
27737
48359
29921
22707
37530
41068
20797
34246
31879
2611
20843
46401
17409
22702
38754
21665
42949
33831
49450
42873
28562
7657
48915
16435
254
43504
25584
24899
49538
45439
46295
27355
40188
16993
9942
33475
9171
28756
37273
42104
2418
33533
41530
28692
47925
28386
23024
38799
28662
17947
5938
22938
6905
31916
39034
47277
560
8333
34438
33620
16235
7666
49931
19282
9068
35015
49058
37658
11849
24935
9263
19735
48801
24519
5115
29400
14133
34464
6668
39398
6686
15106
29881
20873
33305
36744
37656
28051
40178
3121
5048
41532
13475
33916
16123
49458
44883
4956
6679
20403
23609
320
12407
16784
13901
29029
4659
13764
3784
30626
12250
51436
38514
17576
48172
19518
42842
1356
11652
28505
38671
16144
4393
7404
17893
5226
40433
39010
14277
38234
35450
37901
43650
7221
44662
47032
36850
50527
20300
22988
28751
41895
42931
26256
9605
48535
28464
17133
32493
32682
41845
41162
1348
27207
34245
18480
46387
41788
37338
39082
49246
36076
17329
28589
7327
48620
14600
44901
25678
24384
31504
8157
49292
38584
21529
48396
1858
44442
34522
5520
24902
38761
28369
25091
31068
2977
51392
19510
1435
31854
23416
23738
36912
18868
2054
30396
6107
869
11778
3866
34408
26192
43542
10184
14151
13819
21751
38629
36942
25474
28894
46557
34514
5681
30433
45825
33667
11909
8833
10177
45714
33644
16006
40150
31278
17282
9210
29345
31259
15528
7379
23055
15140
19634
47633
49838
25675
1798
34925
31270
41767
9716
20824
8411
27084
10489
6019
27937
19273
10370
34425
4589
18284
26676
33430
24398
39259
18315
23630
5865
41743
51072
43416
50126
20260
6253
39183
13384
34790
33870
23566
3633
24944
30455
37246
27350
6128
50314
30623
8090
48897
30833
40763
36604
3861
37864
42678
43567
50333
51386
19905
26660
35356
12909
49887
31657
31455
34459
45066
18822
31793
2014
12510
40457
44875
51059
9510
8462
15780
19401
25333
13601
34558
672
9339
18236
45420
5725
1712
16926
41606
44257
42261
38525
32738
10914
50716
11585
515
12702
21419
48161
23924
17063
49974
5167
50374
9640
17718
30942
12310
30762
33722
5496
17819
24261
17414
46602
7940
445
34798
6812
40369
47610
9608
30
37016
26966
38450
48649
8689
27270
37257
40163
20641
30891
34744
15075
38521
735
46184
34479
21942
195
24324
5528
19984
49914
18613
24448
48361
36873
4240
6521
20728
13744
36026
18458
49620
23250
31637
18494
26709
8278
16626
13606
50215
26726
50549
43405
42454
25119
29039
33055
40534
27353
13189
11019
41973
16925
46140
22618
51465
19307
30265
175
20313
35412
50313
24951
29948
43029
31553
20906
41714
6729
8554
12770
7272
50097
8630
27956
45444
13773
26943
49981
4935
6140
10162
24803
35833
21780
51615
15582
30736
24000
36977
39223
5447
27166
34667
3109
16005
28653
23675
26626
24973
38744
34045
11686
49118
14011
92
43612
24976
3045
48669
24804
36949
50244
21873
3201
2302
30596
15345
12759
5848
46098
19953
26365
38661
12046
14401
38197
33166
38951
6742
41004
1215
48949
8866
7332
32220
46159
50246
13049
23030
24737
1909
32544
47417
31714
16613
21061
37163
4532
2886
10045
31943
19153
21308
23743
33428
24143
39351
27496
14363
51490
3507
1342
16967
12484
5621
4780
31237
22856
16941
48796
31698
7400
6774
24159
9847
28727
51567
3021
22253
46785
45191
20991
20830
3141
45144
26278
39953
28066
7144
43452
40411
36632
26083
6829
18437
62
17281
43252
47031
15013
26100
4029
26621
12112
32907
34147
41977
32257
10072
45542
47893
35500
15360
33487
2413
33212
5926
12196
23910
26945
15438
45543
26505
36871
1474
13556
5367
23581
19344
5573
10409
2304
28925
16418
37968
38440
35001
12761
13906
20587
15436
19382
49306
47206
32122
21626
12421
30795
3521
17642
45988
36837
13918
49472
21789
35214
31847
19311
43961
31444
22574
24386
43946
5918
6422
8509
20036
17438
41873
2883
12693
31933
18670
4681
17114
16441
50532
350
36726
45030
8922
30988
33985
10304
41479
36177
35524
22607
32218
3445
39440
25910
3423
30641
2010
14192
28597
10929
36343
15132
27347
19539
2269
51140
43862
34174
7976
11458
40074
32076
13735
13716
8204
38250
23130
24552
29819
26244
48403
14484
39972
50756
32389
811
50893
38289
34751
25519
19870
37962
16321
11262
24474
15628
25921
25582
13871
1639
32151
45039
24810
14956
51632
17056
13684
4970
21950
4061
22301
46986
20037
11361
34705
47779
40355
12798
4158
12457
1513
13282
13816
31471
31760
47863
24954
7180
3793
6188
31240
9310
7807
38594
40079
16145
33459
8471
12049
29050
23688
12993
31376
11256
35576
43827
26152
19317
34642
10885
27540
42751
32038
27413
13926
2340
805
45572
26001
40499
43914
14434
48114
46116
20476
32674
9384
12571
21002
813
2447
24881
1606
4999
19211
14562
5950
10012
2427
1232
3897
533
47662
48901
10429
18108
42945
46001
48471
30877
4700
31212
27100
39699
36119
32269
24870
31957
50773
30529
15794
47111
19498
49628
37712
27865
1185
9567
16406
32476
43888
11228
621
11917
49066
16875
50389
42860
29603
8680
48423
51614
12767
36085
35979
18664
7885
2235
33599
36289
42916
19547
23228
3211
24522
16722
23051
50941
38227
14955
10587
3885
18989
51370
6117
36304
6354
4248
13979
2283
5695
45239
14112
14085
24665
34633
26840
23003
8491
39890
39735
31118
33562
33353
1456
44876
34094
13297
31975
9211
47566
36218
360
23105
40293
50889
34304
45094
14985
12830
49247
41470
48552
48070
41516
46837
23676
22885
20688
49488
11997
32835
1518
49959
34017
14415
29498
21126
25527
33869
13347
26838
27482
4468
26127
8812
27707
15221
47087
46045
48536
19793
42562
10957
33701
47353
45865
11234
39810
1430
28554
1501
10592
31499
37628
1579
40469
36370
2190
32871
19960
2659
37140
26947
30929
50891
22475
51677
37790
16739
39622
17577
26952
50632
42487
7127
4507
34036
2824
32940
782
6291
35410
2275
48767
24727
44368
33922
10877
3622
9590
661
38097
24871
17336
4424
26796
23631
33031
17942
28418
30049
50067
14018
30200
16286
10209
46825
11368
21754
49290
31390
12300
23672
22196
46342
22094
47540
18186
45946
29355
29196
8611
6364
11475
15777
3275
10884
4342
8100
5746
17992
17386
5106
33403
44644
4529
49652
23806
30650
29203
41346
41432
33786
15644
2072
28781
8754
1504
29503
45696
19808
6847
42511
37688
15658
6517
10301
5157
7058
20077
39053
46064
22236
42161
17457
45055
36998
43605
41933
18534
19155
38195
28614
24584
22887
13574
49601
18048
40515
24067
16942
28031
17740
29024
21938
44364
30255
15471
30577
46587
12113
453
11507
31938
30527
39449
31673
38336
15056
23730
49752
26800
12849
48084
7246
43185
33296
23355
8032
25976
25227
42977
34814
6487
3026
28939
13270
105
7663
36518
41147
17240
40701
38900
8126
17
42732
38194
47164
51293
40444
44320
33764
14028
29083
10057
37057
44742
28489
15393
43704
31550
34346
43143
26224
8346
41381
34916
12990
10332
7955
11268
24775
14890
21820
3501
38133
11791
5857
29346
41638
5212
21540
45426
31523
48714
20705
35033
36608
21478
11369
8483
14296
27217
22107
35986
35616
24246
32623
16988
21861
46347
49810
26735
36429
7214
41780
28193
35937
30199
37113
20890
50697
26107
22039
40947
20733
18026
13967
42569
5645
9279
35705
19977
19010
47870
23670
39576
41469
29432
35046
15443
44870
26232
49623
12396
18580
20959
321
1969
42704
24822
39700
20350
27417
30870
33903
15050
48791
24435
22409
19982
14476
4057
39572
2262
20656
28294
14123
310
23952
46080
20310
3832
38123
27691
38178
33540
9167
32315
42443
44456
49145
49020
15864
39484
29682
16259
47690
616
33396
10338
9050
41617
38737
4481
22888
33745
48826
39939
19635
12864
14078
9023
6593
37981
36966
39469
17462
11800
50109
35818
10526
1581
2333
32790
32507
44441
30961
41632
2706
19936
31997
43900
3863
8360
24590
43306
30927
543
42531
19450
13780
34680
41221
43231
39087
16738
17029
14800
38126
46822
43316
17289
16342
42182
43046
41723
7614
9193
27788
37411
36653
4402
50048
557
42506
18330
40271
28182
35826
11777
22830
41389
2570
49456
39228
3724
6038
40006
44818
6591
37487
38088
3350
37192
23322
48820
236
21824
22353
10305
8036
44155
7254
19297
45633
23669
21750
23226
27138
45841
30364
11512
46589
32357
4632
36052
26701
47050
2056
32522
46605
15011
47186
12115
22524
7601
10538
45705
19730
10760
41440
32781
970
50255
40942
6269
30043
9694
19924
36920
51673
16622
7714
36392
5292
13403
9482
38442
50295
17043
14302
22471
27377
8349
46780
29291
26090
38831
10420
41216
33120
51308
16616
39631
23022
42786
36776
36013
48315
40545
34011
27152
43648
26662
2776
49275
1455
45549
2208
15904
35099
29551
28351
30979
45185
9045
15657
33834
4456
15878
7782
10416
19584
43973
47692
11998
39675
28175
49206
49098
50623
45488
29366
18201
23591
45753
26781
48131
4188
8418
2970
48741
39309
42027
23037
19807
455
7852
44311
51698
15363
36212
30340
24054
23778
49856
21508
37156
45994
19066
51687
30684
40029
17696
5466
36962
47479
8624
44351
4637
44077
12739
8073
23882
25108
15161
36569
34676
11064
36394
18855
10586
25096
47372
32108
13572
47628
19535
13484
48196
10291
17454
30651
9161
22072
27050
51545
12253
8121
14686
37012
38100
40786
33002
11493
23435
3430
13990
34460
36968
1718
30180
22368
17755
18950
45264
24404
14323
14254
44893
21325
20081
44086
30797
9231
19385
654
32803
8362
20633
41364
4389
36232
6949
20093
24707
10803
21087
8616
15513
2409
4045
1617
51296
44412
37841
19609
14412
46865
4329
1385
10067
4358
1178
45200
4416
49817
43240
29052
40847
12156
42658
51353
8234
24591
26608
30251
29132
27991
48336
20857
25202
10576
43076
11755
37863
510
49894
1416
7712
31629
19865
45738
37679
51136
25740
34502
21075
15785
49518
23301
41668
29674
34583
29145
43305
15912
25367
22329
35396
9674
31294
14280
43427
11242
8795
20146
27698
11684
4707
22928
5231
30851
38119
39966
2693
3039
10468
39000
48906
35062
38308
6999
11659
47763
44395
37067
11858
45642
11897
35768
8319
40318
31931
43363
37920
45124
671
3612
22651
24253
35914
47418
12755
12479
40804
17287
40611
46021
48603
10541
20887
49028
42744
5823
39616
9554
18154
22098
22708
22157
23440
23822
28223
13520
21220
33657
16759
45399
31660
7391
20886
34773
2944
48292
11555
986
48117
30161
43182
12092
12119
6587
29985
5735
46516
48138
24844
13982
46896
193
20935
43886
36899
40311
3829
18430
25971
29475
6361
46263
40462
28047
4270
32873
21591
3580
6842
33436
13356
17732
19848
47988
39376
37690
47868
46246
51562
31516
40367
27677
23306
23274
16233
13649
47409
8515
28502
24986
35906
18245
4845
37243
9516
10056
37778
29241
17719
18015
40323
1017
30047
11679
21711
43418
13278
1756
37607
46293
42367
11036
42958
17958
7175
4592
44410
37306
37268
23659
44981
47905
7211
19708
38434
18991
27728
31011
16947
45012
27712
21494
4394
50984
50918
24367
29162
22357
8937
24492
1806
22206
46167
29128
4756
46022
5120
21249
28339
19856
45908
14056
43971
9370
6797
25619
22969
27260
31663
7312
40446
13205
6955
41153
16599
49852
48487
47679
27186
31274
32224
25929
20246
21951
51033
2425
28627
4309
6302
31185
23683
21742
41926
15669
14694
4152
13899
27175
5232
29226
21472
12753
26641
25812
22551
8066
34886
33712
37315
13474
47724
46823
23800
38753
40591
35802
43230
44221
24194
43119
12121
42475
22443
20396
30737
8191
33340
28721
26291
16791
18690
13578
32494
2251
45920
17129
48483
19029
14224
16855
43508
11347
24409
44988
11854
48927
41169
5504
16134
6718
37383
49294
41838
46141
4153
22169
17689
41495
738
47143
48633
42283
5222
35035
42656
17069
33289
35461
29775
22970
38748
43863
41335
34022
19823
31584
50800
6888
3440
51077
46929
2758
49860
32118
2837
47333
28711
20145
19301
34823
51175
4288
33823
24523
8698
16834
32571
15709
43166
31678
17635
43679
25142
10775
26341
46440
31799
7942
47711
8705
35171
48951
42919
46592
48103
41486
38204
491
37495
40812
40994
49465
35263
8557
11928
26471
39875
24351
24623
12003
16452
15544
31133
19833
27370
10189
44093
26565
44466
33390
39698
18943
39641
18008
36938
19469
49751
48910
29211
15225
9409
47904
8817
32862
43819
39767
44449
26564
33895
8141
26841
51385
19840
6318
7928
32587
49499
46581
35148
17181
46974
34948
30490
42094
18281
49333
15977
44476
39193
11568
50123
5469
34782
13428
26849
29839
44591
41827
917
18520
21671
34412
40795
34672
45895
24957
43544
496
9576
40816
24134
26765
35774
2482
47960
51110
39445
8195
13059
19116
30741
28656
10065
14962
19499
9471
36039
30585
39832
33851
19916
21930
27803
33998
26818
42122
22349
18925
43979
30456
8279
38427
17774
18496
26623
31827
51093
19962
35104
10864
3317
48280
33194
6001
16299
40346
25303
20254
9333
11385
20160
8835
28120
2359
29337
39052
36395
48861
5105
19178
38008
1569
24531
24300
30489
30694
35967
3658
24513
24301
1147
16337
36208
21051
30676
21816
8546
12627
23848
47253
31887
1765
2162
8633
41306
13147
6113
37261
25704
18821
48934
43257
19566
22639
48590
31692
44444
30746
6475
1785
30801
30246
9098
31429
32254
48454
14511
3906
28733
42357
8647
30093
4480
27809
34716
26927
42928
12178
17026
33263
29123
18996
20023
49516
33924
13089
5235
46509
44888
13971
4698
49172
2791
15301
871
4015
6153
38327
3590
11968
33370
48299
32365
10033
40008
29107
1095
31292
31814
26783
26808
34738
21385
2684
27245
32676
8285
28826
6406
14761
10246
2464
20291
33075
6159
30268
41800
26687
7426
19761
17399
29750
16326
28944
42964
24712
46877
17053
20255
2422
25668
38721
50071
39921
42891
19405
11515
41575
33665
9413
7868
4484
13804
47061
32378
35184
21425
49590
5830
25873
4653
33507
8756
49996
34189
18846
8108
18305
30475
37504
1834
3154
47998
46063
48347
23707
5603
17130
1955
40998
44753
340
41307
14148
44996
11265
50069
10663
47971
8312
24673
21327
49790
17934
51660
9564
37906
35754
44750
18344
31155
27047
34549
4732
8207
49897
38068
21622
50625
30486
51618
22166
8551
10563
9813
5134
36595
33811
37086
9148
38130
46601
14816
13376
7738
20580
45412
35689
5375
15902
35641
14748
5411
28190
2979
44557
10695
26173
7023
27727
31200
36780
11775
26439
41009
23318
37732
40562
40854
46221
22735
40390
27110
33152
38332
24937
32175
22903
18251
43008
33790
37459
26848
32759
39978
38795
3231
42941
40153
38351
49177
48606
21704
42699
20760
38991
30940
18877
34355
11924
24555
14267
40376
42196
50636
10323
49850
44871
4751
23064
21265
30283
17627
42136
45680
8307
50533
21564
27326
30408
21118
9058
50181
5008
45581
9850
47892
15932
34395
227
13086
49190
29504
14095
1036
3204
22216
45234
8977
11973
18434
29335
20439
50972
22719
21306
80
42912
20390
44193
40251
50942
51044
35680
30899
40783
33371
30040
26873
34401
22483
32369
43152
30277
39452
9836
46599
10311
4035
6315
47709
8113
14064
5133
21955
29987
44142
12199
45454
8
41599
15906
13194
33678
34446
49238
37721
11444
22882
4483
50326
39383
41758
7408
17113
37847
11066
36425
36108
7621
48445
12208
6120
1722
23239
18055
30869
1163
40234
45298
28313
27913
995
30300
44303
49960
1530
2603
9136
27719
21909
45917
22405
31823
13037
22864
44569
45482
12475
13700
8149
13010
23424
36956
29821
30201
42634
29528
6147
45246
16743
48659
26298
32245
36015
31762
34255
43048
24273
31688
43619
42705
29523
3807
8846
20385
23129
11143
41593
24364
13
17603
18963
27732
5998
27875
47655
32452
25732
41297
47663
8969
40543
35724
34360
9619
17385
40850
48700
18246
5315
32007
20958
31349
35640
2268
20854
50738
37050
14404
16201
19428
4439
42481
33564
8828
26988
31820
29871
3528
16497
10569
15197
17986
43466
298
15262
48977
30760
22949
42251
29170
5012
14209
10493
26310
43949
17897
24733
35383
25480
4283
39016
32996
45077
46254
20466
25322
42641
41208
3048
29262
5817
43285
20983
31682
45062
38461
28696
41655
33259
18208
2160
2285
32918
8357
39599
19028
6592
40548
7137
21113
37522
24118
51128
47493
36371
25126
18128
33979
25379
2726
6031
37529
16933
24325
36811
45934
2549
24967
49072
32679
22810
38726
11765
51300
47106
2628
45390
47688
11769
27124
40502
19787
49106
44532
1362
20022
21560
15889
18649
27959
1655
49721
38714
6964
42466
17244
12724
29321
23399
25043
39092
15256
51477
29567
26405
7555
31779
45904
18901
46038
42516
23489
26540
38421
38771
14623
46936
43351
13539
4710
5051
20773
39465
47103
20629
11263
37367
1380
5440
19274
14014
3782
47735
46311
229
14471
23618
5961
27836
15341
5932
45056
51223
28217
47140
22654
19446
41625
38428
16664
854
29501
16335
47543
6603
28743
29402
45631
15044
42106
29625
16215
8085
38014
17174
39961
39911
37420
24207
31894
50934
3296
15133
42734
49842
23613
33465
39079
34668
7466
47452
31119
21405
14384
18215
1716
48285
27056
8865
13314
32986
42907
39375
9627
45996
51073
46861
15424
16845
13409
36161
39970
46632
2973
27070
1157
51520
40168
42528
39332
38082
13977
25471
31319
41403
28899
34681
276
16480
1582
50306
30515
4232
31992
22731
46830
18348
11694
5139
5658
31386
754
40937
35998
11159
32991
49097
24643
49107
41898
28921
43974
50779
44615
4588
45935
12393
5302
4744
15588
15849
24174
13890
32009
13238
45153
50059
47780
47900
787
11801
42532
43052
9700
36539
4609
9886
38939
5123
199
34636
35136
36801
15679
16152
23735
16716
41965
7811
4200
23979
28556
43584
2026
7525
13222
27181
36416
51323
51340
