22177
33240
30657
1965
5581
1330
11758
27369
32668
13793
34402
26388
11622
13125
9685
17758
30965
24805
266
11249
25741
17499
2929
23665
1341
28761
18871
21621
7125
4787
23688
7285
5330
36537
8732
19815
22231
10521
14270
9134
20175
34577
30636
26575
9093
27434
13758
35983
22259
2204
35167
20775
31145
37484
21036
1158
13235
24069
3173
34080
36614
2008
30919
27376
26871
32056
35358
3670
27447
31640
8932
35526
22454
18696
29904
24474
12598
1518
4679
6821
25901
18855
15384
15860
37529
18082
2014
17449
21787
6740
11023
4419
20290
29165
21128
20314
31606
11704
7036
14892
13547
21485
23430
7976
28871
25458
32613
14781
5573
6399
15791
6945
27135
18718
7721
24299
13936
36970
6579
20899
13714
12561
5064
26667
5661
1461
22357
14190
25894
37567
13015
31008
26717
19276
30316
15577
220
7411
2063
4529
13857
4391
4597
36854
11213
11846
12802
9356
16453
16727
12104
26429
13976
35348
27000
15278
4170
33689
34868
21498
34111
34958
9348
8894
4338
25569
36783
9047
29988
33578
37102
4622
28935
37464
3922
10508
5250
1660
30171
950
36343
24159
36273
13109
32599
8375
11745
17157
3365
12032
9533
25777
28998
30815
26563
27489
3055
27694
24409
3952
34494
8200
14528
22391
17916
4218
14776
2568
18512
28452
6872
1782
19822
33476
15509
31250
6353
31264
25722
36545
33430
26242
21710
22509
28982
30469
17176
10980
16376
29255
25645
20967
14258
2453
23582
1091
25628
33530
13120
9474
20087
28951
18053
36820
30333
597
17392
19312
35438
33632
20216
450
27416
27256
27606
13670
352
2282
3560
31703
10858
4305
25195
21948
25179
31435
34782
3110
36646
15118
7035
20507
8008
8699
6879
5981
19219
20152
16844
26298
16051
22249
21281
32718
23480
36318
11884
9029
16707
37538
11903
31438
36956
411
23923
6051
10089
12686
20418
21510
37617
29055
10072
36265
34313
8940
4385
8459
14908
25328
25230
6649
11286
16991
16942
14916
18054
29702
7543
12175
25019
12687
1951
6454
10633
7231
29958
8142
37022
35137
415
13403
27334
3764
15733
23358
34894
732
6363
31375
31997
16751
26419
11997
11953
2020
7160
2439
18450
2713
25343
23437
13148
25837
35052
32952
2239
7017
17919
6826
35694
8618
34510
36192
34718
6471
21970
1446
13784
25227
35988
9649
15023
29061
16093
7214
26133
12717
26632
24915
27075
15236
11380
26154
19800
11396
20273
8134
27122
17968
33450
19347
9471
6963
25788
31082
14632
1954
23769
17319
33825
34067
5955
14008
33380
35546
11447
29703
2718
32017
27991
29802
32233
177
10410
31032
22592
18789
28290
19424
30640
4762
33088
24635
9186
9430
4485
2678
28626
25344
11055
30356
8692
13494
28140
18460
28816
20840
35026
15231
22687
14048
26054
35024
30458
17567
5233
949
9469
11710
26617
11223
34009
33402
37566
20532
10691
8897
30786
4321
15298
610
30925
9823
18365
28913
9290
21827
6801
7278
25031
8316
7457
28500
18179
11579
5582
21188
28243
8327
21699
33821
10748
30924
34515
23926
21977
36890
2576
30781
1790
9615
5357
16424
27428
6880
26976
26838
10894
274
4292
3658
33157
20066
2816
4868
22793
20912
2382
20525
1620
368
20279
2633
25631
7000
9826
22562
17015
17442
15718
29371
30366
15405
1741
13446
4053
27723
35337
21571
22976
11814
36958
4028
14248
15772
32391
24204
30155
17939
37203
36801
33704
29012
3568
33159
23896
23755
23583
5284
14491
5640
8589
5413
37475
31040
3546
12127
6728
1448
10350
30697
5989
30951
21470
36644
34451
1604
4740
5224
26678
24810
17079
9801
27524
5290
8758
2602
5785
27614
19965
27483
24397
9204
18352
188
33281
5862
9481
21172
24907
24957
8545
31198
7826
5942
14249
21064
27408
33757
10293
3555
21939
33587
6746
34674
7115
14804
14748
26539
6059
1226
413
20293
3491
26457
16278
23111
18790
19362
8761
36722
6686
12645
35500
22338
10366
26235
17321
25384
18016
8744
4381
36301
25033
6903
19005
30996
36755
31367
18022
37042
8933
5838
31637
34721
17503
37649
25028
16570
26315
20749
23238
17208
33397
28069
23519
22226
7192
23854
29153
24566
3734
2664
27963
32427
3511
33488
37058
19546
9274
983
21881
620
31246
6625
37057
30086
12663
34716
23671
21791
11429
2504
12797
30084
30621
4839
30783
3345
24092
14257
4691
5139
16482
26834
35390
22369
6917
27482
33315
3469
37340
12493
24874
25999
33102
25285
13296
22178
15341
10462
33372
8111
29554
11102
28277
7944
35061
35198
11661
28166
31972
27650
2944
27349
12581
15909
26172
25076
1333
25734
18640
5088
21417
2214
3577
7716
16026
32370
21055
20476
4502
12096
4351
25697
25795
9161
5913
10656
6036
22114
9233
35508
21800
14438
4944
32802
17630
22815
35556
2676
22039
29746
21000
14870
12155
28969
17445
15305
30295
3718
23403
1664
13578
6189
25338
13234
23667
4050
13083
10572
2672
9149
33299
27890
27867
32347
2127
9478
31015
25464
592
7184
10035
4334
24948
3021
31066
10629
5492
35926
15628
9431
18629
8329
12905
7562
27865
27565
19759
30217
34886
2518
7737
12831
36684
3104
1820
35035
18356
5848
18101
16929
23793
35257
28080
4314
34250
23106
29487
31547
32463
11346
22982
10935
22935
22448
19364
28645
18884
9308
19743
25049
3969
3216
12608
16611
29335
16130
6890
35955
19358
25467
24610
618
18594
17940
32595
27810
35177
31317
31921
8527
25704
36995
8297
11034
19461
23199
35302
30394
24696
9703
16189
7614
9756
14298
2631
16038
36670
16458
36345
8164
7323
35569
15983
9176
17142
9343
16101
26358
4127
28334
33964
25947
24896
1277
23615
2597
30387
37282
26870
36049
9563
13958
32015
33948
12632
33572
23330
17540
14578
30359
225
15005
20024
28495
6382
24783
5285
20722
32844
29669
10177
31768
14589
28932
10331
2727
33549
13371
3324
37411
5966
16919
37364
6933
7785
2793
31071
11786
35692
18280
8824
19778
15288
15698
10146
2397
3414
14488
35981
17590
7776
9842
5844
30340
23049
5441
15570
36858
17
10968
1995
35878
3354
30595
32033
5078
35612
17544
7857
4448
26309
28274
27899
7424
23886
3163
34728
3539
30237
2126
9266
35561
36709
33718
19855
24655
36184
29210
1021
11220
24058
24765
19235
12465
210
18991
28974
23915
18217
11287
33215
24894
24788
32505
14623
31265
33187
17484
25170
35959
28122
2902
36991
16982
7154
27280
1431
4974
34112
36414
31665
37110
664
26496
25072
10922
8024
6508
1012
34870
444
15752
13044
7069
4515
6286
29190
13038
3879
15400
26605
10621
15970
743
17076
35413
1182
26800
9422
33039
23305
3411
32788
22603
10537
30304
34005
22012
9410
2724
7649
30136
8285
25523
26097
12286
13603
19086
7289
17979
3239
29493
24226
18880
9930
2185
19857
29648
14889
34404
8630
30698
22974
26685
35332
36110
15855
14396
14292
29779
10987
5833
29869
11495
1100
23372
17803
31010
22600
2682
36469
1844
34422
29495
12236
9198
21798
36800
16620
31878
31136
30307
27652
12643
15606
27291
4202
20541
3678
18992
20620
5313
5551
31609
35094
36403
30364
22080
9953
22150
25357
17152
30578
35384
16309
10438
14953
15499
26526
16487
23471
8556
29667
32726
7295
28090
16677
16104
27030
27533
23534
16363
20836
34385
3132
7503
7288
17812
2699
16735
22466
11294
29060
10663
8389
4477
3484
16132
6891
16400
30257
8081
13927
21183
9455
33972
26365
32906
26327
19940
10375
24926
3575
21356
5650
16202
28656
2396
13164
32383
23282
25104
6607
31275
1213
10119
19309
6086
10579
23646
37597
27933
28615
398
7903
13372
30110
23265
24571
37256
28689
35118
27191
25962
7899
11175
3794
35270
24562
9622
35774
32481
4730
1747
26929
16239
13531
9997
12376
15175
6437
18976
15152
30444
6358
13239
17692
29411
21453
5568
24813
16284
20011
33208
11410
36761
24316
30045
9607
11647
12550
3995
25440
31645
20179
18413
25923
34059
23065
349
33889
12068
35076
24151
37511
15440
35512
32604
29595
36789
32461
28235
30329
10227
36260
24564
26150
14476
577
11433
29399
31604
4526
32508
26466
19852
33253
27512
30878
24457
4630
18153
23006
11626
14161
25492
31827
27526
12357
21744
1700
15232
431
739
32280
31084
36039
31344
14267
36778
1497
19793
5176
20555
9561
8690
29981
14596
31495
5326
29126
30729
20034
28399
17047
6581
36594
10450
6056
10517
19385
33527
18301
10546
16426
4793
34526
6095
37088
12449
30891
30877
17846
8978
10899
20907
21246
31415
35800
8243
19534
1746
12729
24568
9898
33904
21487
14049
1922
36990
22923
18373
33440
9387
33629
12297
24766
6998
2361
911
13887
37587
16408
14592
2419
3878
969
5720
5262
3782
18059
2207
21813
6143
17493
8953
18823
6709
16001
15084
33598
26644
28117
35217
36005
32205
32569
33610
2888
17358
11172
2697
3286
12712
16220
26719
25681
22839
15866
33403
19882
1346
1864
8696
13638
5036
26366
36675
30296
16450
36109
37247
16097
20667
3440
6142
9353
26677
11667
8844
18553
25856
34274
6651
22960
5510
6301
1118
25032
4682
2047
15575
22658
14471
23699
20891
4432
16259
933
3536
30684
34279
12820
35687
31806
7957
14384
30755
21615
26854
17339
5879
5527
5708
710
34148
6278
4844
37598
10881
7397
3357
18342
9827
616
11527
28015
10654
32983
20922
22151
5236
2603
3430
15284
3446
16331
13155
28559
11313
11354
9892
21304
19721
19704
35151
31335
35889
16791
9143
14452
25674
21851
20483
11071
19970
34454
7987
3721
1662
31285
1417
4052
20926
17589
9129
7709
23953
452
8717
25422
33963
31067
35274
6990
26571
32938
373
10835
8724
878
5665
26043
18097
23750
26028
11291
10263
30283
26895
9645
17931
8319
36405
8587
27505
8814
8288
8156
1523
31964
11583
7454
13378
3569
5320
2150
2903
21211
26674
25044
33751
25541
16032
32198
14232
14089
2768
15283
30408
5563
1113
33832
33926
9674
37377
5781
7151
33805
36617
13286
23908
27090
34647
2355
8430
2038
1317
7022
5482
17519
26991
27484
2899
31480
4567
20187
1310
16998
14764
9558
94
25834
11208
28491
29035
2973
14
16543
13648
16744
3739
34798
17706
3133
30111
7126
32256
33844
4579
6285
27363
30267
2618
17973
1127
32051
3508
23353
10019
5824
18837
1932
10393
25324
16617
27467
32860
34213
15482
5545
26769
7819
12419
1973
28338
162
2021
7255
10425
18403
31
8811
6537
24661
23433
29109
12790
25239
29962
12365
27929
4701
5256
4552
27196
18974
14072
18883
11767
18191
1959
13139
8681
30386
7789
8813
35012
22243
5272
27258
30026
21046
14281
28253
19530
24535
31458
687
37523
17873
37657
8330
11371
27763
2564
4197
7435
9340
16956
2584
26337
9185
2154
16282
9280
28697
32855
35110
34864
27716
37338
35604
32710
26445
4396
16024
11540
20932
10540
3097
25165
3582
18847
8969
20358
6682
18414
30221
14017
17399
8405
1828
1262
3729
28602
24094
10735
29119
8792
23318
35895
2855
8722
6092
26601
23375
602
9462
29173
3024
36543
13113
18741
18251
22727
16369
10298
1754
30395
37357
36918
13133
18952
31815
18417
12269
33712
31192
15013
34107
19900
6138
12395
19099
24343
35551
35247
16666
35555
2400
27814
29582
17338
5601
29583
11601
9201
12499
16228
1441
3692
3814
29286
27129
28038
34850
27476
26753
33850
12425
21578
5909
16417
34231
10734
20270
12884
33888
36092
798
29374
31619
31707
913
25287
13588
9841
31387
37584
24455
34419
22230
17839
11927
9669
11068
24628
1697
13711
31500
499
31031
5155
17960
12524
29357
14282
36590
18915
10058
29331
3212
28880
8554
16489
32251
1184
10182
19955
2802
25300
31268
5014
3415
2043
1464
771
37019
17187
36161
26793
34527
4719
34635
6184
17281
9429
17838
31390
15035
6045
2326
10671
36566
29901
4768
486
30993
2950
18542
12121
8206
2167
32846
33037
32190
33971
12850
3835
22626
27919
15729
9952
35437
29037
25654
1435
6881
34769
16823
29868
2893
13812
31215
21858
8368
34417
15573
10593
3456
22981
1458
18412
19321
11978
31051
29889
22825
22339
35568
20328
25220
242
70
26500
11932
2537
17811
36464
35136
4721
24218
988
9644
27661
2352
6248
27456
27263
23817
1198
20235
15504
6001
33951
19569
16195
143
29639
8393
20178
36351
7403
9319
29617
37337
1859
15270
28010
28987
34628
8072
32197
13069
17902
16045
19365
15829
2018
13928
21269
17834
20056
30378
36965
15182
22517
2952
4323
33665
34712
2071
9038
19411
20872
26979
16348
14245
34838
20144
21441
1698
19990
29093
22246
29469
36033
12270
32748
19351
26867
16933
36971
2865
8360
29687
15396
16890
25522
6601
22547
29486
30594
9868
34423
27509
1918
8540
19445
29909
8437
5486
13911
29694
17210
29652
3014
29448
16240
34487
25113
3916
7199
2202
16806
5175
9568
26504
9851
22803
34963
24003
22065
35509
27934
16364
15738
23555
7490
23948
15998
36321
5333
28337
34737
23914
5588
17652
5392
36856
22648
25564
14444
28580
7536
32850
14125
25479
18665
30123
623
10812
21312
10988
7827
33907
17783
9723
18895
24279
9409
19052
29169
29858
14834
35484
10304
29233
28198
11530
26291
18071
27708
15078
13981
26033
15317
33132
24567
3228
27736
2945
8975
18794
5529
24943
34169
25785
30379
17738
16639
5044
18603
2812
19751
12326
19225
19506
20825
34603
6315
4910
29589
36085
15919
33923
16315
9352
6993
8054
30661
5803
36302
22157
35009
26286
37149
37526
11048
21361
17054
1655
32566
36442
18256
19787
27420
23304
18159
16654
27459
32771
32545
28465
1963
30240
32169
2531
30824
5712
23739
3462
3499
31721
1891
22405
27834
2086
29629
33348
7651
9362
26584
26997
35023
9004
12034
10813
12318
27407
11684
17343
23525
35368
20012
34573
3933
17443
20495
23561
36720
3938
18119
20373
240
24986
9748
15449
16544
16499
27790
2274
36114
24476
17843
16300
15109
28820
35657
23094
26023
36628
36277
31173
35008
33969
33060
21187
23179
10907
3292
4441
1933
12515
28471
15071
37157
33452
21867
32403
23385
10448
27134
10020
33997
35510
17470
3111
3677
37548
25723
36431
33064
1407
9421
28250
10116
16854
22905
12256
8442
33322
12349
26865
13841
22135
8205
35772
35489
28193
12210
36467
17947
2566
24817
27310
9802
4820
2191
17498
14544
23801
1683
33686
30654
32894
14865
17923
16747
7425
22462
15424
28708
19403
24196
1260
28052
8543
2236
32675
30223
2823
8175
5798
5393
32410
16387
8523
20871
31587
14360
24519
7996
22597
14761
13145
22571
19783
30119
11218
15737
30722
10785
7607
20759
10956
31536
16526
7920
22353
33946
11676
14942
13901
26507
4584
25743
36733
34413
23905
36774
35015
25307
6411
12408
24885
20675
7505
10215
2212
10413
10566
19895
3259
4873
31353
608
22841
17126
11461
5979
5358
34267
12293
34497
448
12612
25150
25534
23091
76
35
20611
36078
21622
2882
36483
16219
18143
5308
28218
10954
27007
28257
13489
33002
28314
20323
1193
4985
20185
1883
5842
4650
32929
25309
523
1130
17711
3008
1462
32801
20600
28976
5426
17644
18328
29620
15589
10453
19000
30139
31060
14459
33328
7431
30022
21687
28158
9879
21537
5502
20778
26160
24686
8663
9301
10603
18091
30949
27486
8401
21326
3402
16316
8871
20866
3920
27414
20564
3790
4720
18297
3758
34785
17106
28748
15010
11083
33898
16566
21090
33779
24289
35910
1886
989
9127
33273
35790
10210
23070
13166
26637
20285
15865
21239
21796
15835
36961
14465
18241
5254
16975
17199
31931
34537
24488
9854
22275
2034
6775
21201
26495
22662
35306
14845
7818
12829
1042
31780
33641
331
19255
10830
36315
26064
11931
14932
24940
13600
37014
9695
8608
11485
21965
29376
17260
23643
10660
3832
11713
19557
4113
12494
2309
15817
14346
25695
35071
19102
32450
5662
35719
2807
25077
1013
25339
35589
3847
23156
15950
11717
1419
28819
33543
20162
9217
17755
33446
6033
8199
5645
20202
19584
33694
29101
3245
19588
3745
5826
37249
20829
31102
20046
4350
15448
1171
19585
3382
5379
13102
17704
6747
21517
27260
22129
13738
30599
497
29534
34371
16549
31564
20646
1361
35842
17716
1535
29183
17636
37069
31381
97
17337
17949
3461
23811
10578
36583
17806
17318
33638
4816
14453
36655
16070
16213
15590
18065
29733
14038
463
20602
14208
4565
14524
32277
23063
16557
5387
21894
36440
14689
22557
20536
15892
1035
32212
1443
29862
22017
19018
20362
18038
34761
25685
31307
3335
4711
8006
24492
37666
28169
14508
37156
8042
12937
7377
19477
3725
26272
4550
3701
30509
32372
35471
2809
28188
14252
365
28102
20754
12398
27372
19820
10864
5356
7204
15345
8905
24903
2280
34523
25548
17601
32161
11725
36640
27527
10042
14872
21758
2184
31342
2722
18326
21755
5660
18916
30614
37117
6021
14074
28590
12058
1156
23835
35583
36030
18124
20369
30104
36215
14899
29253
18037
61
5799
31879
36681
18302
18771
13228
14806
25469
24134
3250
555
13272
8233
6785
9269
14815
21533
33697
1216
2357
8800
28184
25291
6700
20638
29538
389
35502
29047
28216
20157
8892
36538
16247
30933
11839
10264
5849
9835
3418
10543
33084
24954
36575
10758
29945
15884
7390
7025
2093
12231
8177
15287
5642
11298
16052
16281
8561
37611
19009
12461
20758
2434
12843
21797
18157
5872
26579
28149
26794
5938
18537
29485
13447
20700
16102
33305
31201
21990
36653
14801
9007
23298
29775
21049
3564
23017
20994
17514
22988
25885
23152
10407
37295
3579
30528
1666
6915
35627
10565
17401
19680
28499
18723
36667
29070
18570
33828
1507
12367
10113
35791
1498
9074
34587
20735
13500
160
10709
35294
22163
20043
5837
35291
75
10733
15299
12235
29560
1786
9475
16881
15079
14296
994
11280
27475
31679
23031
10891
15712
1430
8454
22491
34727
6378
32561
20726
14827
15159
9576
35688
4402
977
22184
33817
22333
25610
30881
34594
8817
8637
29252
32018
36498
29176
27373
37576
37678
13788
23505
32452
553
3237
16100
25877
4722
8710
19562
20800
28835
18304
12240
284
25425
34668
7443
23077
3940
32064
29899
4758
9648
953
11207
24952
12886
2481
1249
28776
14374
4788
8719
30626
14692
32438
15422
17934
13252
13877
28759
16418
22709
16472
28484
27059
32519
3369
23012
10231
11490
14121
3690
926
10485
23244
33498
3385
1064
17290
32516
37553
17426
18851
11833
6175
11756
8267
35377
34141
11695
19801
25793
25178
22535
15861
37683
16560
19288
2607
32493
15124
21646
27073
16636
13413
19337
31334
4107
7642
14388
14237
4318
11423
36756
34244
3444
30164
12259
8721
29700
27664
28354
9190
22352
4284
3488
21873
8832
6480
3037
24376
24756
34650
8424
22750
16336
35483
28001
35171
5003
24538
34336
6155
34671
18102
9616
10041
144
33575
20005
3084
7633
28551
4976
9555
28836
25027
26339
10874
36794
25592
17640
28150
3042
2067
37245
7525
21690
5291
33876
30200
37634
4156
36291
20062
17527
34000
5870
25635
33044
1362
16533
10313
6548
8885
14960
7572
1896
27114
8959
4089
36408
9514
27443
16250
4504
36660
23011
27487
22104
14399
17066
35664
21817
18012
35415
32094
2446
20388
28112
10284
33863
18934
4528
19398
6943
16323
10384
25942
25914
2650
26568
30495
24355
30874
24936
29240
19736
18650
26785
8730
9720
35379
25473
36562
29944
2299
18695
35756
28950
31372
18773
28547
15319
27675
4824
11896
16708
36982
9163
15867
30399
16096
7441
24970
3932
695
22489
33914
11385
1146
26156
5417
25069
14203
34566
36544
24837
4077
35451
32676
12855
20540
29220
29349
35209
20303
33059
19586
27773
1123
20180
14667
15116
14053
10815
32704
24333
20190
11087
29677
23332
29706
4116
27893
8962
23231
36355
25361
477
1412
14406
29106
8232
6706
20072
17904
21809
28062
31667
27741
17599
9433
32115
11947
14305
6959
29900
11909
35327
7916
23911
2278
20888
27862
14441
12018
33899
34784
37360
10744
12020
23962
27306
37280
17350
26153
31861
3943
2587
26816
18958
18239
23624
19149
2
25774
30757
8734
4892
19078
18704
12887
9489
10616
4845
27808
5810
3051
34323
13886
20719
27852
34406
31432
18989
36491
5999
5023
19775
6332
35690
28862
15025
7234
11992
25997
22257
37147
34398
3322
13792
21371
5060
24704
16261
34046
6012
5216
32597
33887
6672
8160
21539
1744
34955
33917
8482
14469
23042
36363
17737
26114
9891
4494
18279
12296
36674
7913
13795
32940
11106
20169
31320
5653
6112
5728
29946
27079
37084
12321
25587
12062
2965
18835
7782
28844
11959
21707
37163
25135
28921
6365
15339
24725
15468
29928
30241
4525
28291
20016
29964
26559
23334
36572
14344
35570
3626
35333
22910
13682
33873
49
766
33423
4950
9741
19927
1804
6153
20734
15233
31026
7482
462
37410
13057
10327
9738
37457
15894
11638
8300
29480
8342
34057
28843
9875
4981
27152
1704
32166
16563
36564
6321
5788
12978
7452
25167
2721
21043
25354
34106
24168
32683
6227
33158
19417
17123
17937
19875
6018
30922
20124
8876
33324
33523
23871
13279
11544
36766
20411
19962
34796
190
32
34036
19012
8364
7780
24440
6667
10308
30345
29440
31556
3871
19866
35678
9200
11606
35290
8989
485
37606
26695
1222
5230
4079
25842
27247
29013
10747
6843
29599
10386
3862
19644
16471
36672
15853
24542
32145
2190
13256
24941
17935
21081
22480
22303
33645
20551
3845
7872
25148
32009
24868
12181
35745
26363
1148
6930
32740
10550
7169
13490
2636
16347
18123
24442
16496
19407
37120
37066
401
36497
34813
29965
6100
19438
25452
15717
11156
11343
30184
5099
11916
11470
26966
27116
4408
29980
20568
13004
16907
12213
14180
20709
31290
4244
18651
34681
17668
20196
279
31328
23548
25711
9181
19402
15429
8118
9939
30888
31631
19132
8444
9359
27925
30195
10422
24448
19703
1708
6855
22085
33626
26096
32745
30515
5756
20354
21031
33134
21536
36165
16862
13463
11300
25701
10129
27826
33633
33493
34871
20898
15174
14529
31824
2386
10644
21052
29117
9209
21420
7203
7889
13016
10228
29368
9699
2080
14201
28331
3750
5717
28061
3967
21628
10325
7078
18345
9749
24522
2230
14856
23223
16068
22770
29597
15552
9302
17285
33344
8819
19315
33131
5196
7615
20684
19785
1945
2324
32565
1545
19253
22212
24399
31628
34217
29641
34295
11101
1205
10154
26516
10617
29494
20803
21921
29385
17451
25882
13377
27838
25002
29198
20432
33383
9614
36312
20278
1842
7463
24277
28922
4405
24872
773
23700
813
34512
15820
10846
24787
3999
22201
20167
2287
106
24811
19893
20479
1596
36799
37124
4298
28741
661
3971
6694
20209
29966
4830
21568
3530
28376
16986
32376
21554
5878
21606
31525
35621
13951
34753
685
32986
29915
37633
12874
23203
25337
28378
7586
32055
24429
3331
18804
7662
10921
4039
33565
176
16115
2592
28020
19162
835
17793
16734
34658
18529
16436
37623
11696
29308
18981
28815
15632
36510
11222
11212
13917
27374
37654
32318
6718
24968
14167
20441
37506
25805
16674
11393
12724
33366
29686
33462
9234
4608
36642
3121
24832
10088
14570
26767
30082
18240
34818
28307
11787
11842
22888
13760
28311
14809
7514
10248
29320
19100
36320
21806
20069
15917
30522
30481
3028
35682
34801
1347
22739
6988
7643
14956
10827
20203
8769
4479
15121
13943
33837
35866
4501
15527
6208
10655
18074
21442
25272
16186
37687
5726
10236
23765
22136
15794
37668
1693
16623
29257
15844
24329
36310
12512
4204
11744
24158
34760
1699
6410
36199
22173
31000
2994
21364
16330
13821
35259
31998
37165
2641
8172
22071
29767
9419
20299
23610
8868
31941
23062
18032
8825
1324
35208
8278
18467
11125
13872
14769
28852
12999
31812
36279
20393
4358
31450
10143
8983
10824
12118
6893
8147
13769
23148
19925
10310
9850
4713
1612
13699
35614
5187
32303
20227
20731
7528
34767
13786
28825
12516
37653
6325
30478
10576
12839
2477
30561
6218
35632
34468
11655
32289
23786
11732
18317
30077
25630
8106
26433
27352
16280
19804
28097
2609
28359
24249
9515
4214
8223
6734
33152
32586
37709
32472
36158
15908
30332
8665
36275
26427
32665
24900
36051
16616
4728
24863
37565
10789
23985
16241
14225
1316
18715
2815
13579
1686
17491
812
32021
20214
29720
29916
8737
27798
35647
23005
9752
29751
4250
29003
25169
11514
12359
20396
22195
19110
11605
22922
14175
18578
20909
34826
34810
7843
30338
35765
22312
36519
24368
1906
14790
18550
14888
8399
25282
34492
17117
25821
7210
35058
22350
25954
30248
9547
7688
6779
22826
25074
564
32965
33813
32162
14597
9605
23843
19380
25126
22734
27325
12626
10261
17710
21112
8194
13998
2817
33960
21396
32054
32185
9486
11477
10487
13641
31402
13930
3593
21854
5127
3355
32160
3200
16053
10816
13268
15963
14527
32484
14244
4188
6298
27141
7912
30860
4483
19228
22893
13182
27254
10869
5854
7066
37101
13745
14832
11079
23806
30413
18795
19917
37166
21242
24360
13532
1318
19914
11419
26119
32455
30040
35904
22561
29451
9150
19072
27598
12950
11080
13882
4452
3099
23550
33432
30704
182
27884
10125
23394
33080
34968
33794
26798
28329
21746
32798
8727
34280
13676
26370
16567
20688
10875
22034
33620
7112
23638
27955
14012
28534
8320
0
14976
12658
36726
32949
34394
7445
23013
18613
6345
36893
30181
5138
3975
19505
33845
16668
25023
27608
15202
24529
36340
18224
21874
17297
4311
19905
23126
20808
1418
2284
15280
34917
22092
34006
14828
26380
22859
25091
16108
7656
35713
15066
27878
9724
20105
31410
26283
1999
34626
20940
12064
32896
21613
21740
33387
36898
2821
25266
4739
27106
7282
22821
15438
2112
14415
26106
4442
19837
12362
28335
23435
24036
23978
28221
3982
414
36419
18383
29572
15245
6875
3233
20497
36387
11299
12547
8502
65
20309
35355
6799
33533
15415
30850
22610
7836
774
6687
33834
24227
11059
31327
6698
36531
32562
33000
29596
19862
9788
34562
19314
30505
33607
6966
12580
9822
3840
17622
30160
16988
2604
30994
23018
21972
6293
12360
20028
36227
21721
36495
17513
675
7420
9180
26779
3254
7186
19449
3077
36810
29701
3724
12384
9025
37193
19507
15003
8619
6185
20695
21078
6222
30102
4410
27441
22199
19283
32023
4205
18406
36420
27225
35496
18067
845
19469
2332
36790
26696
8937
13593
7042
7579
20349
29517
32261
13972
7800
5859
29524
15990
30964
12053
6842
27130
18141
35494
19607
4470
8706
22995
35260
7952
27438
20459
19169
20360
27314
8582
10791
25143
25770
14699
17725
4048
26960
9742
7470
14787
12421
11861
2225
14055
6339
22553
27457
20694
27649
13045
5891
37323
27556
24818
37362
12756
11275
35098
30645
37580
19795
726
22537
14538
5299
18986
28007
7788
13914
19237
11182
14998
6488
5984
10975
30127
6413
5531
16460
27315
3791
18797
33827
36130
24629
7772
19386
9518
6912
22255
19623
35913
16133
25568
32608
26731
16960
13474
16748
26092
28128
14877
15540
15253
37512
13444
19299
21082
35950
19311
33839
19705
22669
19658
26248
24254
4745
6233
4905
32443
22140
23234
10003
8963
589
5040
9698
23316
17457
35957
36450
6944
16692
6558
37708
7978
29546
7901
23074
29085
8996
26204
22568
21548
21684
24278
18660
17938
16076
29079
21511
21426
33528
31107
17908
828
17429
13514
2928
23649
36183
16987
24463
29294
17012
31934
27997
37188
27424
30624
3134
37628
16301
12914
15378
3293
23118
14354
2437
24497
27144
18887
9824
10075
36488
18283
31174
18199
34779
25849
25550
32624
5583
32350
32822
36496
5783
32224
27423
10951
4866
12304
5341
24838
10724
18130
9634
20665
33609
35705
3857
18814
26373
2814
14803
32955
8695
11450
35172
5324
18998
34373
7995
5161
29543
18987
21404
34234
27063
24189
21462
6262
2598
34444
34160
248
35050
13782
14409
36031
17124
21116
8907
29293
15531
35201
14348
28856
6281
18750
10957
34177
5416
21941
7168
5857
26094
25823
26606
9915
36011
9466
30183
28558
712
33343
10926
22115
17824
28721
1876
4496
17405
5102
21299
18751
1051
1929
12698
26633
6212
27261
14220
7283
1206
9141
35427
28040
26478
11742
28562
10364
30845
7805
37351
9528
24248
1581
9739
11311
33352
12704
686
5947
15126
6624
34387
31485
28310
5777
16800
2620
1647
30453
37070
27743
12964
19002
31942
20874
32217
4799
7167
2679
15412
30185
336
8779
21181
27553
9189
36416
17172
31636
29947
10796
14675
2570
5304
17120
24981
16463
1007
5113
37281
21086
36017
27005
36076
15173
20869
33209
35855
3597
34578
28151
137
10048
4676
12226
37132
20740
22809
24959
36021
26147
4671
24112
31287
3448
1292
20777
25977
3078
31069
21387
657
28155
24422
19582
13749
36902
19032
22521
28012
20146
20510
1679
28943
32293
13415
36134
20853
6635
5377
36357
13533
6808
28130
34081
8725
24274
6393
37449
4313
28531
17064
978
3201
5519
12885
36771
24265
5488
24677
32551
11728
3970
36717
3147
28597
20683
666
8021
26229
32466
14391
30782
36377
35497
166
18253
26052
23841
22265
3086
26922
1298
12283
15784
32919
36611
30175
15044
33732
34820
10829
19818
13357
20697
21672
34593
15609
35529
3798
17863
23781
1194
14728
18464
285
29541
19
19136
21029
36335
24199
10878
29790
13820
34675
2938
243
29556
21586
9693
4530
5823
34363
23696
23881
16256
4653
25995
25691
23084
1003
34729
26026
24140
12037
33545
17867
31161
24067
21984
481
4626
2101
15234
391
29919
15706
20252
17395
9656
23464
12317
2595
26684
13848
29950
25836
9874
32560
4918
30940
13577
33790
4637
11162
2848
37136
9659
21385
21701
26234
11295
1915
29729
32042
37394
23506
22878
3272
14526
3793
9762
13070
14417
20337
10911
35016
30370
22870
33646
16532
17198
6789
32387
26676
3554
30555
24195
33340
329
22926
24495
29031
31951
33221
20397
2626
8821
18396
593
12601
24359
12728
15936
20915
27879
24377
14387
19392
24215
2934
13086
10851
19296
36499
20487
33119
34923
16934
18508
3858
28996
30321
36775
185
12846
30132
35370
24516
12319
32176
23401
73
22295
16497
33472
33611
3525
29323
10359
3831
37162
20100
5111
25964
1834
22899
5905
3366
31217
33491
36512
1359
469
17057
9463
21139
29824
1244
4523
14003
24665
26189
270
30719
4175
18865
34380
3661
16714
25408
234
28563
18955
2519
36715
31079
30601
34204
7524
10068
17665
3633
7905
4975
8593
19986
24717
121
30716
17129
19301
29077
7150
25331
27409
6010
6551
35849
25365
13063
7120
7502
11768
32061
34254
11981
7691
928
27591
28936
37278
11289
36284
28473
14610
2849
35545
29794
19501
21911
31125
22079
22678
12965
37530
33300
9270
3950
28619
37309
34348
35090
21229
7707
12946
35351
5483
19349
29716
25435
19343
4123
6631
23143
16513
34654
11312
2469
10054
17014
36137
37299
33147
20577
25051
203
25392
14031
35085
23572
781
2149
22239
33250
31856
21087
7091
8049
33279
37429
25201
19747
24869
14474
30218
22680
29621
29856
15308
13523
21286
11995
10680
12145
36749
28787
14478
31448
25893
18254
18946
26288
1038
18029
33577
18457
14004
28731
9949
16008
35128
7190
20531
20243
15940
27477
17769
4678
17770
30846
1913
1061
6764
4429
25650
35769
3731
24002
35034
33092
14970
7479
37637
5168
15227
22019
20183
32524
11273
23504
29851
37470
16781
36413
31751
36090
34192
7757
