128214
205948
239328
463821
385014
3977
255926
195391
196307
249600
506614
83195
254279
227329
442760
336332
495289
130978
291411
115399
505939
275164
302688
242549
266489
143749
481735
73481
442545
35450
8465
476592
406519
219380
397775
284989
287086
149022
46248
449186
150446
469288
467118
356309
396518
64790
285238
462414
244583
480989
520787
416420
160068
517530
186880
403659
256926
223395
50570
135347
61661
319834
111799
427720
378727
93606
259900
468558
290192
474371
122767
511418
197308
187220
62985
143425
43899
150707
416968
260656
297698
44504
405757
206384
408079
10156
513092
143605
470199
48521
437141
99156
511833
315160
496055
148291
143489
54090
522644
331104
149576
171830
108360
5718
291932
326873
203700
152172
141171
178773
305946
96216
301966
182083
455243
105918
207103
214391
522531
464366
352998
15394
429880
101586
58082
364871
461448
524976
161136
249656
437992
455751
449136
501227
188344
154182
289985
492664
17010
211319
520441
285024
359895
37905
480910
453310
184851
211116
158449
353029
533638
335766
293866
426467
325465
194157
244081
405793
114592
503156
504540
8413
376295
496452
430265
203464
63621
436791
340365
242280
379713
504908
165877
239511
28655
156291
409523
453522
227724
99652
258328
513810
412099
195673
376479
87225
489438
103783
359558
178791
430600
367771
396193
460615
3013
503781
178758
49988
238858
273563
222245
491215
88405
352870
366480
70335
10642
125833
178770
215360
346209
441418
333833
407312
301263
102591
239043
367309
353280
15608
276933
101105
147954
172386
302167
252150
480369
16182
17657
166137
212986
268934
445941
161866
364272
423395
419969
423985
478612
529047
285413
218384
397718
317107
229228
341146
56731
382905
258789
253714
300846
85804
208203
323594
358582
508547
527198
42760
525344
487732
223247
489678
302207
230362
141985
10671
469349
193370
199928
146838
418827
140368
454393
231690
495297
369269
387089
251040
155000
455089
194792
359866
373745
437495
297141
354207
122011
122547
267489
383035
108191
67108
404523
469189
102420
243506
116146
202016
505598
298368
253964
368812
282136
421814
18412
261311
31036
243895
229861
57460
11265
436711
472542
429441
50790
511585
409072
143410
19664
413112
463341
109326
119955
304700
390727
521404
124280
384096
275934
506959
238062
435790
344345
270949
67423
422927
280906
233214
362603
238534
360514
139225
405093
520561
389240
366815
87832
190538
499767
242121
327521
184639
83029
207693
6090
233683
331009
304975
495982
466250
233704
233575
291997
41032
172000
33678
389343
157415
16643
394163
296066
479080
114680
321157
456320
508539
66411
482451
87457
437978
427487
388625
533763
420777
368705
534281
304015
502799
81754
529051
405615
349335
76804
404752
250662
334135
197741
62559
223672
509834
358812
366586
292008
174327
180097
365524
397709
191521
321119
466418
444568
203966
88345
388862
96948
403204
61465
262168
277272
297740
39894
168489
404807
506101
5474
268610
306717
510177
314541
256373
25334
31854
313742
392032
109787
367853
316646
170473
232235
29353
521909
293780
135650
58556
81922
161776
52598
511261
174922
160646
40350
224588
243494
427734
16390
41386
526341
235919
520827
288411
275735
404217
27790
214469
233536
429922
320321
121366
166224
280491
34261
263822
307992
232175
535333
404
379525
290297
401537
491956
244113
409097
477703
155156
482447
455366
487929
353090
447003
145977
376328
493529
263714
317733
251383
528337
363085
169198
337814
402371
146041
262996
322152
84909
458128
484185
25775
407361
334709
421078
280449
378117
394396
392130
361062
465268
28541
124193
477924
134320
370701
35760
64913
340410
299068
293312
278966
331085
195146
104352
450695
520882
120206
24789
45264
442512
428525
200757
448597
152358
412650
58858
218053
303543
498183
479692
59797
94204
224331
503794
519828
233402
261610
509213
355022
165775
203894
136598
122597
480220
386593
188906
340688
234418
281137
50700
374023
315259
261950
289727
525406
129090
215281
85077
139675
514840
305298
228883
148413
69448
336283
179067
506104
168992
197038
300616
371062
427708
119768
126964
496833
446155
388059
201191
301617
323346
348806
383098
479136
183048
137103
236456
262010
343224
25142
233812
352980
306728
258304
183509
275113
106971
471729
508804
498985
373437
363692
123838
185401
159908
532501
361103
331103
374463
301471
85086
498655
23336
259095
111803
239946
37090
389181
297577
536020
327275
461517
269756
337238
186153
259250
100782
44891
110060
56664
517788
220571
317740
325079
212572
447348
377975
49727
418907
139790
93944
244115
406840
36891
439470
418711
260463
475593
230723
288772
529434
93961
529629
248981
375148
535807
354545
435522
267141
433066
240448
7728
452143
453145
27948
370087
174580
15668
501372
436126
467274
372765
220383
146722
387917
461065
227773
52127
223951
325896
314943
89852
54015
297920
523934
218770
51336
53298
237919
246329
71455
143674
231854
329340
250302
88123
288833
530551
254938
120181
57280
93152
441524
122218
35060
147061
514864
509417
519856
384528
25080
324816
126756
383
373378
354053
52920
15081
29542
277826
27044
196485
266644
36062
524262
31545
151227
489599
41850
256894
362638
402315
12273
158147
407714
425151
312036
120253
310999
362251
234739
26972
390935
260452
65335
286994
287171
311010
250840
287783
171080
475484
127999
277623
198860
299474
520990
466246
393251
345193
118608
120493
494696
243907
92474
276017
479849
268209
215086
207814
171081
368484
128151
138682
231111
381233
215663
104123
485079
291059
496286
350884
109996
481515
111776
529382
245411
510527
208649
388593
140767
166837
259088
109665
369570
319146
167079
510756
313248
49817
269062
116768
270763
428865
317412
176913
136104
479085
481690
32130
483079
226101
514377
101646
128878
243112
516060
36658
3517
296373
198693
404878
487202
391131
10968
92315
475040
401692
166089
88420
502051
259987
299394
241545
330615
72147
329461
418249
464606
94860
173200
9045
495177
198595
111638
5151
202808
453875
515432
393513
389789
61667
478235
130563
345744
281559
471562
422777
52990
74954
38939
84066
532547
155695
385024
377728
445479
363395
101482
143399
463734
314196
124026
242244
174540
277920
186608
6425
235511
353800
397268
465033
359566
392368
22093
281846
152238
84162
532302
533352
467137
359965
468524
271897
268938
439063
108306
383196
275
111447
117286
428146
509568
286516
226958
99284
6929
7459
344934
292633
182847
32027
492724
410900
435814
471259
88043
19061
131159
347527
369870
413743
355654
463837
269234
36513
61149
351827
455632
105159
348483
79987
469172
481995
509276
382862
104472
433216
332332
255500
109039
321182
484539
16905
167849
179262
471181
304184
157768
73187
154360
474777
532280
475762
198652
158808
463621
426080
384668
6050
142544
439403
7860
384910
24763
514526
5937
272358
269305
194295
39682
422488
195269
251784
140592
369933
515917
451137
400832
259467
330416
167600
130635
352860
518554
395653
79132
427165
403833
346002
131568
92820
6092
403015
164539
215270
164544
156805
225765
107414
412917
438711
116032
380550
274599
104316
286443
95637
139767
151864
506181
407811
264401
422961
534787
237612
131998
446641
195178
466712
520717
289789
214269
265538
16348
421879
171108
96826
45000
63359
66887
470563
312687
504659
320085
180714
8730
240311
254126
399166
284269
48958
214403
500792
332970
419098
329545
467976
350805
324222
452404
404388
456223
185917
214410
149982
302929
104082
49922
269460
59109
203805
486226
401242
483654
127842
328808
288792
391273
445156
149836
531248
37079
513506
347455
465301
279836
461256
360000
48609
102906
58521
257059
2539
360399
288284
314963
397840
511234
346655
69859
132375
453222
192479
265300
146057
324016
381792
495408
476267
320125
318715
351103
521723
252508
251133
194099
344424
67736
42984
388337
261586
95421
534908
511142
107957
377819
518481
338354
49962
96082
312582
441696
197970
466761
396510
381560
291393
497234
394258
324636
109432
145798
155446
506562
215314
120981
389751
106630
65856
229661
36238
85169
125669
491593
77415
79453
420427
96647
416555
166444
331481
493872
159867
158823
448408
159878
438859
429154
171430
79282
522233
184720
280935
160810
386287
440837
494627
158844
268532
151148
128683
484473
184291
225264
329615
505171
301590
439977
56161
309129
361655
305974
286721
349499
301924
448799
83305
338881
262306
428395
192940
383789
279638
366853
371829
157140
18194
155886
424041
226164
392865
398163
267258
143924
100037
154801
215864
178898
89403
442265
203217
24812
106183
197774
352181
54479
125775
30105
397704
287837
533543
512131
207474
366283
381652
454250
212568
484676
399122
445317
26755
336111
78457
80023
310873
244675
420121
421889
523202
37396
179269
490631
401319
321464
442087
507125
190332
44351
297283
351571
3779
445053
394805
242563
42880
349060
64315
117806
438088
316074
481406
534259
496322
279757
432219
68957
299950
302370
436041
86159
450721
325658
484347
516784
35626
397570
63879
201373
67485
455229
459702
138001
350214
331176
528784
506163
53933
169916
82071
451177
303726
80753
17739
28971
147773
189220
346340
426393
248548
316337
124910
362271
446245
264307
247864
361002
243853
38441
179469
121956
229466
285087
127176
157174
73487
422779
424231
110516
414571
440348
69123
300342
203626
425425
42133
351131
1326
146006
66231
282796
141197
409497
477609
107185
409100
221570
410711
324655
367026
382271
417297
460345
305777
172789
111952
221635
8437
260701
279552
252749
58652
340999
171308
301612
380284
207365
2206
317944
135030
7477
333430
511973
313813
361729
13378
423311
71723
330560
315164
233488
208480
469318
207193
18921
334815
164727
485773
225941
31621
496954
487058
273909
376362
5520
87643
516631
229843
261575
365767
391462
258307
26419
259830
38196
454561
361483
357949
446250
510916
58209
213878
140248
409732
485109
480344
304628
183224
389447
223417
78469
248274
425699
406601
265918
237155
530945
466035
93480
8940
441852
526900
507237
415375
288391
483323
12889
276875
490943
123968
234779
411947
464850
371713
129863
161113
326491
15491
313710
73629
162740
228551
214574
168980
512513
431931
180105
531240
378393
446888
383900
50719
408375
294191
501108
14417
286617
373194
266649
214392
182008
5326
513495
269822
502481
145237
494015
206708
433721
506020
7879
247482
94297
454276
101077
314101
142871
371094
93984
17653
516328
348163
69961
28043
104980
103777
313852
73711
18493
268470
247312
179651
300145
467266
365402
364726
58412
126983
147831
59956
527270
324576
174288
439887
189575
116533
378905
466204
235541
369053
48819
510235
35557
443618
223726
337987
271605
280116
292618
446610
206334
376543
212092
128571
314333
186974
369641
358807
306598
226889
124859
518030
466122
122129
420815
507963
119878
411339
174586
171029
11047
453122
69825
188990
265567
120751
397286
168459
359364
268315
81839
385375
158505
236244
381297
466176
245361
232454
82993
179760
455844
280734
364429
367923
497870
18238
16656
329095
75734
355825
54783
314102
485962
41851
159851
465867
194714
52036
59891
358843
495814
36508
236512
486230
270324
323602
309206
134056
212809
451712
3392
522118
153175
189369
302923
226006
234059
231954
393298
475534
51352
23198
127874
535029
276658
88894
434145
90798
16257
203085
473391
294286
184521
8554
232988
273231
184220
409039
256140
348222
530490
201028
347185
230804
424526
316470
187287
129431
390561
526698
501967
3584
140387
265730
186370
80993
323534
390199
436261
299268
442974
285446
424906
421234
244467
455875
173038
200713
188808
209001
467725
501560
243941
60927
260081
304966
338226
483785
486669
239603
489342
451157
210485
52455
484735
105948
30364
200439
350352
523293
87784
504800
351937
313590
199289
456934
499995
270097
103266
478151
131182
311834
14026
141080
475218
125401
490769
110519
520768
399158
521079
145553
294871
165123
170974
205949
131473
320620
17620
140100
358623
247609
485206
256751
173517
73944
329985
430667
485095
233653
181868
305350
495807
15782
262093
147531
259432
322071
397787
402003
371352
445190
172476
444715
403705
497096
105877
69596
202380
188404
47647
106501
355009
302442
231906
184007
13079
524530
275864
393031
420882
94876
167040
154455
191657
234613
80573
134982
425634
473184
399603
85908
437151
241154
520235
40423
482863
439734
376744
172860
525740
142729
448119
449274
415522
470362
203486
320893
408789
8597
306748
172248
130045
54471
497572
478939
345110
117012
36751
243623
253682
482686
454588
228803
506612
260364
164443
532088
96944
363782
444662
278688
335190
20459
224599
500272
371228
428285
148014
122823
141365
311447
108718
126842
38331
183032
442627
219026
426681
126515
486224
316101
130551
84227
476318
446052
480943
424676
356637
164371
323863
196328
254466
517793
342509
170369
282635
374244
123232
148432
348850
254491
504677
223900
396786
133096
431917
468724
495944
141583
333383
102096
126647
404346
17839
6836
465379
193251
28074
435392
157033
493704
126291
50918
104590
364972
237548
126473
469203
457821
247966
16759
49989
237894
362006
472868
519140
4766
464013
481501
411892
482535
197768
273530
510563
236066
150978
188055
144450
309489
525065
176977
51421
85317
273885
359512
394651
169947
261860
14719
43670
255109
406649
119872
118295
319837
492472
47628
33192
443943
55829
80070
401114
379573
460724
175822
172575
68451
272088
176639
506542
95395
99701
416476
68416
242344
156258
390034
172738
237644
185810
118720
182192
90778
223588
170942
76707
453490
479253
189724
378500
48673
239068
389724
190758
143814
259939
159635
227690
329089
270828
109418
426142
93591
364735
200045
247750
250292
344020
503387
167434
452580
256281
115211
13911
420003
292569
48751
21630
499930
139530
162699
214303
392440
484700
105557
389034
174724
465956
455664
372905
133183
441731
105057
311897
114572
56743
309668
34668
37310
58699
453630
292902
40949
387179
512425
451974
242346
460426
201072
151905
296973
226052
265404
10139
453022
373524
460645
457207
76389
339272
149286
99714
193458
365681
9203
49354
19096
155337
440349
27603
227588
205378
145729
334933
307297
310143
258103
117599
103817
131252
317019
406897
61284
251776
287622
167488
232579
489267
290091
257933
49100
83239
330005
424497
84676
523267
459651
22546
437123
242117
429613
309340
390363
208116
115593
482688
447195
343539
377774
449756
230995
495794
63157
8569
73581
459944
429243
449511
424099
63230
217882
457793
224985
499647
144531
50026
487661
96534
269161
186742
521462
108552
60434
153909
467806
434208
267257
45048
285340
215535
391432
14195
165508
59613
42683
396549
136472
210807
61434
421010
259097
347251
261832
431078
494527
490128
441984
145796
417174
476637
325410
419655
510879
16768
239063
383668
295929
26274
252640
475942
295281
162828
155649
488886
279215
368415
413871
211994
202095
243721
213201
460233
337007
271359
283759
64318
131359
263601
1120
513443
400001
495556
450307
425711
212048
14422
53785
448927
428127
217448
7668
78420
401217
80198
124229
481292
254345
371605
125112
314223
429839
530642
258696
365795
155640
234688
451399
489958
392630
137846
72201
24905
197968
345899
395882
45316
306643
350014
12987
218054
449446
124301
29814
188583
30617
283729
228412
63452
254991
217232
59050
505701
278695
370455
5989
224778
297138
65728
210331
273071
298166
80104
216403
177012
295457
89008
234979
122982
285737
452885
372285
285053
168233
138426
158778
372397
99121
283149
357427
370685
246719
25917
50284
211533
236965
443481
72016
489461
177878
497278
417810
198178
218996
424052
315657
373556
33335
510242
133440
480741
311782
452232
466346
218956
526413
382211
95472
26126
150976
147468
43546
83902
92522
202653
102998
521761
425122
526019
397621
502269
450649
102169
438856
177350
8044
392478
448276
108342
337998
421936
456163
335130
122990
112315
231990
119491
235663
145261
33108
421535
232868
421042
23492
485610
136184
466872
159299
50162
406872
286909
483180
475665
284713
473797
241241
449032
326352
122075
1716
319437
397838
197953
253538
368163
242443
13123
377966
13761
37520
335931
210090
67685
389807
219948
348705
411804
329251
489127
465468
53060
390913
118091
204626
242082
73363
500278
312497
466581
219862
408298
218928
183368
491747
202143
441671
445428
240633
138090
81467
196410
372845
38102
284563
96284
151702
516386
142836
213030
492928
458582
363607
63843
87793
427219
533255
484572
159990
467964
114472
52941
222161
370161
10161
174454
156077
404194
534955
492623
88400
437066
158172
114851
220256
512306
322150
408456
246809
372452
107987
63226
400782
336438
427526
495108
95691
270842
243796
12637
239383
456598
444934
413379
418083
214894
381411
87819
464445
44102
295803
104485
105984
34855
434325
485457
302562
57691
211447
450387
49996
360012
379556
86636
65803
316992
140729
393289
274099
136385
102893
532565
78444
440613
457161
326227
79163
416324
61391
356064
396818
446809
320834
335002
315174
448707
414148
26443
48349
477013
516940
443149
35205
497532
535391
399425
447748
520659
243585
401550
290704
217945
72468
59196
476416
262410
302326
33395
494919
83834
398808
23994
478716
274637
483348
461228
342984
189664
118567
16136
70010
44816
343086
217923
211703
258830
389599
297355
268838
102574
449079
50533
48077
27570
417665
170264
430215
533711
358662
110058
273871
531322
509885
78725
163195
522526
23898
303164
344763
532783
284041
362244
154245
481278
477699
456094
214559
367304
389434
227462
270764
442868
270534
207460
473657
275840
453100
80443
270130
686
508157
300131
101725
98606
107539
359233
394661
465130
34350
199879
475803
369609
68766
391915
116758
173609
93604
59859
122591
222512
117364
353293
117859
362682
514791
224634
155761
20627
350435
520850
492521
511584
152824
54867
372363
2789
356975
379214
406252
55204
397599
82270
422274
466231
298692
165199
398932
479310
440989
80303
336895
327243
111324
210557
5903
223301
174874
451495
204976
169664
39804
178300
245694
59019
258637
51836
377612
522636
211544
237989
19806
100152
511596
479626
118962
328144
386180
459566
486447
137292
404307
128427
71797
503058
259751
175053
23218
525977
421315
175261
495500
78302
216569
437845
397978
269839
371533
94147
44014
388820
161377
150641
37645
172527
429596
423033
427150
230198
95806
230958
391109
373501
375100
497501
307329
338803
221616
209781
323019
341530
166200
446871
322490
236079
361372
337184
241157
5032
296306
39741
50100
319101
350868
196709
381534
64902
51491
449776
109046
294103
480567
110794
403432
295173
467435
360206
19431
365827
384431
285954
449329
141297
424300
51569
77271
437146
506969
326102
338840
142942
515274
31275
126403
401487
417144
17512
217826
442365
114200
474003
103658
170688
393019
298467
499982
317611
276835
213434
181884
315493
261033
457050
290377
272511
477193
314149
522730
174649
171887
58259
413153
110675
177235
185278
7387
258171
220981
49001
141444
238946
506620
143201
438411
302146
13954
94710
77333
4565
194563
355052
141117
367129
326574
362548
160265
127642
318873
271627
107892
177278
405907
244659
331797
487327
418927
466465
441625
152296
200293
257783
25473
44724
152482
23375
407994
194290
240534
229199
299595
133877
95314
274305
167315
466436
97796
180928
301620
177246
448395
516099
222951
44821
334550
455438
491056
93584
344809
474662
105704
438594
374789
201697
215214
364773
201879
203536
142726
108927
475310
476115
129213
528556
156871
385034
440495
148698
249215
244271
383178
187401
473559
116960
417701
438472
416182
472941
243231
331971
69985
190889
56446
151021
286893
477812
489301
37583
310782
412843
286770
402698
23528
506978
249539
267569
270607
38824
4066
531779
78286
258690
221976
414290
411950
424368
46179
233180
398092
472858
97929
200032
223161
355600
178891
81306
490090
422302
301257
290449
489825
91728
162267
502794
451859
51766
417567
60263
297468
449454
430087
515050
254634
479959
311675
248495
405190
135086
252937
321756
374428
84961
251369
436665
57156
16020
431410
422970
368274
219029
88914
116892
284314
513896
312085
168500
340361
59704
60420
160361
353064
74848
407559
360389
225715
147836
336205
479547
395709
434058
169212
218231
40833
449836
514621
214309
132476
281041
112096
484063
143908
398456
83930
9771
314306
311332
216787
471307
11486
93344
21540
410151
173289
336986
485381
363686
36294
256331
157092
206881
228231
370739
208383
433715
521001
63411
523771
164564
237689
438370
472096
9042
1706
158755
137896
12867
165295
328652
85253
401258
533888
364055
381837
370678
14753
372384
396688
471603
497329
376011
407655
413707
369130
385855
47825
458717
411505
342680
58852
7276
175309
338634
341580
489423
204539
492982
272664
71021
100273
401749
129290
233485
75395
57602
249549
248117
17711
87785
413585
162942
137117
379537
55751
275292
218702
152770
376324
416690
45789
61831
55114
179832
144486
239055
97234
506129
111844
472505
438401
292017
112204
254097
39890
108935
422988
517348
331538
347483
178895
336486
153422
356528
152298
325174
382166
453475
314840
223013
352217
244077
279347
288924
97800
327518
379211
16448
275537
239180
388346
274436
101627
46156
448086
335084
511417
109737
517099
493751
366282
222241
360406
509805
339633
39984
208096
533157
226603
251844
183544
353866
273088
133804
249934
338264
238669
535190
347747
305093
209445
109813
192701
331599
28073
195446
167171
210166
125108
491162
419950
293167
339128
102324
159070
447773
353007
183817
288179
510585
467291
478784
322366
303587
434359
143166
214152
422801
326713
172313
534485
70762
193146
293699
280334
417623
103602
127268
463174
445537
237688
486664
280401
462889
165576
80651
140066
51603
499201
165347
197230
379374
158262
386960
227507
336487
132274
304526
273620
46951
267844
486189
489008
238866
282431
424830
377357
228937
81114
10828
534491
269769
155637
186729
359194
289994
199808
136379
404270
284133
12136
312037
113672
196140
272532
93074
107052
240427
377287
391417
525915
217200
483413
159267
510104
441934
336743
169842
401387
211927
199549
18461
418460
114288
369475
152580
170244
518261
331336
443203
249767
60615
112528
305599
340511
61221
186680
145674
169419
467243
464475
61115
380373
10766
219623
304223
467153
39849
462042
425456
440935
310750
180847
337345
247869
483053
305668
348084
325469
29109
122034
237031
109523
332198
152646
178338
320464
115283
287301
176694
275516
312024
43045
294766
503459
394915
254788
515643
423592
479158
59273
392789
39826
210069
2839
453549
70492
202980
282819
88162
66535
444070
35999
210339
473537
280811
527599
156029
198358
186151
18484
157505
19851
79415
500748
392098
255686
307764
269312
392582
522859
520186
487839
320513
478079
480924
323016
399183
33008
344235
282952
90510
387567
518546
162722
218044
371292
399642
170115
81769
244655
375928
108289
25851
356490
415195
455159
145606
424916
60906
437376
42292
116884
426378
294900
89846
317856
251920
343563
108620
133512
461002
194820
60464
474705
276408
92048
68317
411993
412464
255574
349059
392453
311142
474189
120663
492114
433557
350448
419363
165092
158937
308277
167279
304090
58425
479443
240457
128022
52185
451256
449678
343333
349900
2666
15158
228300
400779
524245
47672
403059
577
348816
222751
418268
59306
469236
48429
316917
223528
154158
425763
416557
429524
261501
455825
375540
511502
194354
113116
160443
407381
184192
195873
451401
69892
478431
481668
516331
265973
390958
462993
255319
104216
55708
240696
52969
268333
446478
387039
307236
475282
494051
32085
4564
528502
500466
202811
448170
438668
214918
505853
167753
434515
19450
464039
6565
425566
325609
205312
436087
362105
226165
35914
452378
219256
390012
155682
186117
515248
198445
147749
534711
259265
184178
70266
40660
350299
352456
238298
77068
25088
218736
474314
33517
229360
397220
371555
499291
115493
20042
117419
343424
459327
499368
83184
275500
179028
46529
143982
462926
87681
388663
369741
160714
24766
127553
478911
215536
269911
116350
153515
348917
460975
163365
236915
240748
461939
289288
529853
486029
469155
433953
16306
253348
393442
255953
140349
232491
103546
259020
280939
71082
359336
533580
432897
321806
272194
64482
517318
102076
522576
172752
343247
412460
482743
62063
81004
368639
103506
349460
347802
168082
8857
321931
252990
361621
191715
163127
503745
56742
33696
131545
502045
138632
278605
95255
268446
462464
73634
46158
234685
397842
428258
281769
534407
201900
405545
163757
15222
282996
113418
315579
430089
13866
62359
192387
282373
343940
21167
73947
337827
479204
313837
395350
111013
94493
106263
430210
352669
116265
155627
134700
466435
72756
240663
262997
290624
263170
404999
181647
49348
51300
400917
450935
305693
212505
11243
376430
344175
55307
513887
395222
59687
143212
150037
365503
220077
438264
420492
503531
99130
62033
443435
96505
434805
357026
246370
63062
178702
74822
468362
275122
415294
300973
376667
276415
346000
202790
472403
124753
111254
175971
520621
267431
79793
128917
532049
349465
436832
251117
39509
127193
55330
216773
324559
177250
116990
97097
407327
348694
469762
70353
35734
267461
227119
168490
26237
484917
31889
198658
218722
249087
468273
480903
433858
514912
223641
283907
290956
26861
134581
438505
503499
87380
532904
34448
71566
194217
135727
136854
190054
70233
206041
243936
134913
270028
129510
317638
503091
144424
421185
516837
90933
439540
209190
453501
486075
297289
22025
100303
268009
458302
283022
298847
53375
23212
111558
230167
237161
490450
8676
90128
333639
127761
409849
220341
401535
349535
138511
129058
425897
1574
171351
321876
429477
466317
518209
368294
400935
348955
252598
487328
9724
58625
338557
238099
144277
245012
379178
59151
451776
88504
47836
288210
466427
495390
518746
447850
241623
360901
134197
481739
507041
390714
435382
381427
311402
429270
261246
357123
194586
447330
311347
16340
282478
435728
136560
155061
203653
193148
417783
54665
47417
58552
480933
491235
31778
223500
170730
46711
278880
193608
258448
524181
442209
315066
67853
279411
14130
347561
449140
4035
126676
235350
3066
409633
50557
276498
300761
527173
145012
323437
511865
417618
71206
446396
83247
13850
498098
429708
62166
20932
129121
307684
3398
318780
111861
26181
438883
277078
107749
451310
105264
422870
67741
482870
431271
305477
173578
346642
161680
305463
360596
16514
429856
196271
438628
502641
292122
451534
363706
123412
531673
163657
484881
154624
32194
248145
380654
448514
246944
441806
463178
40882
428315
133795
38934
515864
465645
160489
360489
326777
52958
496135
464121
315623
316253
142435
219992
157057
387362
20805
414443
320326
381356
425546
358591
408116
295456
103899
534162
456768
173817
136138
473945
484830
296710
467930
470390
487599
45342
257357
413065
289045
202248
2494
222754
402219
416712
215544
275695
410074
199489
314431
531609
12982
270328
116045
429495
102429
99235
94468
251996
228454
226673
97442
510009
229084
185719
413253
24419
531528
123559
363460
477026
494186
147149
346438
376687
497240
67770
51042
488992
511154
477245
374292
404184
207823
181599
238378
108651
265632
171497
266853
273250
120311
297438
267970
254598
287764
421522
312566
427430
137998
244498
344233
342605
228134
76044
490929
204109
266087
443073
524678
506878
321737
113826
369664
209008
440393
145405
12070
208923
41585
135272
81599
168582
206238
536028
290217
228061
478506
125692
184067
371989
331258
509020
396157
246655
9489
221607
61371
257061
407429
208568
346230
130996
350812
273600
509895
306631
195777
212884
388875
515158
298695
280644
123945
56144
413026
222593
78407
479216
84437
484392
501715
123352
158798
62144
209403
36083
393722
53848
211287
299893
218498
35287
46253
387573
331878
293351
243276
96150
410019
523983
136954
130748
236435
32152
139523
117877
516215
365253
141178
500889
200246
90620
100272
2707
299059
424892
327652
68488
405584
100962
165724
391385
187285
142800
108719
485365
83863
86329
197587
304250
522052
282684
234332
203741
514669
89148
254590
61851
446923
155663
22391
379855
58496
63378
295794
278165
328415
238768
315809
438907
182460
301150
174345
414410
97393
469920
170694
21912
433303
124400
455594
292725
75049
397856
304648
184457
470212
46839
219024
353190
508744
268805
6516
399357
444891
422103
422757
327164
525924
452229
116261
321454
486035
39779
432057
460579
504120
138235
292102
406256
346212
109582
338550
518202
219899
433861
523430
298639
290656
138941
337274
529311
389209
96861
363366
474104
496386
371506
215600
74654
396000
290953
118163
302889
34921
444474
258625
449034
426711
126440
256569
284663
149483
275300
451354
448978
91710
88867
512816
449390
313589
23778
353300
447068
488296
409551
510122
103452
88329
258113
75029
505935
359562
7135
29257
5596
266743
88637
238416
166592
44758
372881
132538
446120
459601
513614
422199
364250
527470
376503
463900
223455
437993
8363
411989
375611
186508
258692
386495
6940
179222
224345
123159
248626
306186
91882
59012
496019
501693
93893
452283
10832
69957
392937
372953
301418
139109
48389
185007
465482
124197
164263
392796
123014
524988
408721
145077
48487
54060
530635
15887
292194
515330
416898
173505
523352
177269
38678
221598
182274
36318
467368
163762
497566
80237
333514
489728
167888
289640
495932
376754
141039
281897
130193
333726
457108
127264
149455
175702
204425
161087
483448
141715
111603
236554
78453
118701
7262
455470
462657
203918
125281
384432
266774
443197
194409
52633
97430
78699
415922
393742
175126
49177
57641
55399
378567
530359
296201
309262
394391
168147
166475
83978
224213
235218
503386
154016
362064
347971
200241
202453
426650
408596
231360
519148
459669
225054
299981
450030
383261
299423
444617
260247
154940
426073
151939
408984
375915
531853
314365
265599
412907
188048
440816
52572
116781
445660
272499
361297
459561
417555
116142
341536
195971
363381
332018
32980
315006
445651
379271
261564
302611
69577
80558
191286
168050
77282
508636
463880
141357
171688
125871
327018
306376
349839
518178
362188
341942
297012
339026
494749
313302
251770
11159
357129
405677
465856
478353
105470
171771
520675
490093
477135
482369
215684
124349
49637
367253
184659
33404
215967
427118
51323
128216
405665
207124
433613
113793
474142
320343
463662
183030
496643
172321
125060
48225
196187
290937
338863
330273
84185
197024
404816
403971
106642
153168
370438
347661
383132
76796
299329
534138
307727
67523
93229
85474
368176
1472
482418
529335
469098
233360
155060
259716
416932
273134
29669
12623
342831
393660
267306
501695
172864
445381
311359
66855
182527
240736
27435
354683
174774
520508
528626
104439
44289
198504
227801
207881
57452
156800
367006
526120
258792
62907
188829
192934
273868
8214
278312
285290
151920
52586
244905
371318
104771
72667
42268
160793
486761
330983
354424
120573
215518
58357
4626
510877
506035
347078
498266
370220
244918
183597
503062
281773
276342
169460
294680
178273
95643
323718
101081
494383
533287
153574
73032
196329
105319
33062
201516
272243
81782
250397
468442
235771
400551
530701
229976
244039
349313
406524
478741
127101
12305
89987
192550
444793
375371
503719
499080
288043
72489
335221
164638
223563
48330
428355
452503
85810
372440
412324
476578
61204
342910
21566
219407
271000
393129
42681
268771
375302
73166
354255
109350
457281
80596
527469
138424
510127
477949
216370
306418
49184
105171
487060
381920
281641
519659
132868
137699
195057
436312
430559
30817
230189
454111
202276
159763
420824
494361
469895
233748
222794
64601
21138
272534
325227
37515
85480
225820
535669
462590
192180
377522
360879
447359
6828
359096
325367
507324
264831
176667
94833
37617
445981
252160
140234
370610
535968
504290
55843
60202
71612
242508
108932
371139
491760
273091
284218
468285
406610
95544
136750
278368
498153
6348
159417
428429
92774
376005
246171
525641
358356
168609
498271
255897
472496
233222
344696
331370
457106
134248
300823
498854
48812
377434
260722
352822
419303
74647
60724
262041
3567
359001
500451
411217
167983
501014
117110
514414
70357
8294
81520
300622
446310
351941
442160
114589
402892
516022
411356
377915
227188
93436
444502
246444
81615
370554
261095
54191
281576
206939
315643
532133
133423
89583
328020
398677
64935
125901
403341
45885
332670
397803
10994
290052
433362
420467
261837
394483
41439
97494
337695
326866
411541
438468
152039
205323
221660
433268
72828
417657
483689
466792
257182
209942
195891
207507
145604
523755
422849
453342
190609
125789
284516
379544
528523
237673
230373
272929
145267
140114
59817
238485
57908
301816
418363
219987
386431
468972
204068
514582
304819
263446
83663
156762
27721
145029
490142
388518
460893
61402
219204
63405
355791
125726
254235
166134
440242
193729
419006
298681
467509
446441
410143
53055
87093
249613
461138
204114
257990
423896
312094
92129
325704
361334
125346
121688
414492
444555
23052
130693
270508
147472
113524
408231
91795
345503
403671
325797
334420
340450
524140
520436
459105
527666
21777
462117
165343
312536
136512
169983
20388
114797
478418
108340
463459
500395
111533
254784
246995
452168
201423
326957
222801
123339
194934
43719
19669
155604
101782
317490
189152
516900
493688
456266
426365
146698
38135
349840
453688
328479
246751
392915
126858
187954
49797
45274
286653
413192
327844
36601
447552
136589
341977
142219
430663
398135
385220
323694
201706
494931
353791
277119
412079
479362
137264
487770
34759
8506
429423
524058
496376
461695
309006
120917
271741
403240
91595
304823
368959
13497
312279
481771
155016
456910
470123
363243
45061
280710
443021
127345
151131
488615
525960
314732
335225
459687
58739
8673
217489
88900
470557
125321
222676
471866
131880
508271
513504
455429
166799
14329
438434
70030
139745
183153
397309
294181
32034
197874
160370
211396
94770
149292
80428
442311
12500
97049
484224
70523
215384
373257
237817
237992
357843
336789
264944
468584
285377
135787
377862
241158
87852
512613
18695
362831
71328
10870
448607
104159
33007
324139
61549
357250
12808
93240
156174
317788
163059
212897
376823
353845
252386
327840
344858
293768
85854
422744
163418
174496
115984
314524
358720
215463
108037
409146
414305
72437
166368
476462
380415
159463
244730
26847
292197
84999
178643
118588
339850
533145
455383
205425
9700
242251
6913
422148
398650
297660
280992
454872
276879
184194
265477
447556
523372
21862
52596
315298
298504
401900
8917
317614
498532
192744
199382
500332
335895
498983
330549
279116
382946
311427
433323
400325
281057
231295
266334
175941
211241
501178
216224
191497
53353
273432
152685
67493
137439
363824
173264
487820
173281
198678
355769
64567
338744
17570
48447
223142
231944
40658
160704
88226
34568
59268
62004
