12112
234937
466438
453101
279890
427411
492887
29332
473277
259055
180905
335760
10822
9195
120785
437772
317383
158101
343513
492155
471905
44211
28329
530430
17408
458952
453969
2051
348870
207253
324985
212734
75679
232445
63192
503926
473856
76603
219043
465558
476897
444815
502084
261255
341968
204449
115275
173121
128901
429325
274371
467331
433761
814
250193
356921
423419
228679
135488
206061
393458
387154
319068
11814
166936
317675
345957
74328
268702
142096
114355
452112
312384
32932
163644
142454
162652
257323
83507
519645
404504
470600
98769
507096
47856
86617
153715
336871
468
74313
224913
469371
275562
219194
325623
446352
201318
531096
140900
90093
393958
435746
81517
9012
10972
387609
428552
6812
211245
45595
108109
353626
175622
26744
436594
452364
144194
119900
194798
354729
61429
287735
38496
296833
203619
170944
77282
103095
235899
426242
483623
461694
361273
497469
523393
373862
180334
65298
6793
438306
393242
192286
60105
500289
410757
190661
483142
506909
264198
6590
327563
273546
506314
92653
143289
392066
453630
290247
139416
17730
220172
298706
171710
268943
180170
469546
37724
359749
32503
254335
347834
518966
462813
260933
71843
228181
95408
377245
354852
188867
35038
338030
98325
24363
194490
252080
387398
374989
7874
224348
360552
179352
514696
92722
100381
484832
298996
503144
209172
8782
111984
380000
297873
449460
172978
460946
78826
54213
279274
391253
318488
314326
12305
296875
75995
294924
229766
267515
208762
468036
489247
449344
446531
421043
232233
217726
300787
116448
368673
395818
305265
1102
129815
500788
96186
390816
339161
254846
452272
220173
37702
369020
302492
469045
68036
469361
72521
392879
533566
21264
150672
42493
190029
105476
287712
52089
166926
510399
534462
60846
165729
505498
66436
38641
110004
3276
488059
195687
95981
100504
150436
417158
450909
338374
248682
518487
170754
287095
369830
128083
41612
112730
15453
320467
451827
522461
341585
148973
489872
384093
397998
64371
185813
151369
60872
213302
9413
217863
258964
70193
344826
368583
312122
160380
189100
430541
304069
52749
422947
345153
431428
439575
92061
220581
460735
529192
291360
419076
509137
488172
424575
122760
201055
125365
12570
348980
132619
198274
361218
234779
189374
518425
511073
134634
123507
485465
186197
233345
220624
127111
210239
387606
285932
340894
274930
377894
452338
50206
494614
84113
322106
500559
363577
380193
332992
86593
260512
152625
379859
208805
121489
179006
370977
223736
28712
429870
69133
316266
190274
36465
235510
422165
314818
454696
513973
159856
210212
171504
402294
103669
236596
474858
102347
357549
251195
291038
143515
481801
238745
168190
229027
426445
74317
42420
89993
8826
237690
287052
131310
22071
243728
388584
391326
343435
342130
143164
149807
11048
160342
215518
334936
168105
391366
211766
248810
2175
91274
333074
156367
294343
39816
404925
103698
249892
505943
294613
123856
337901
326352
178910
234554
445828
142251
121117
126006
459680
331444
287298
366087
325462
432883
374985
313749
534641
404958
370313
406623
425530
323718
7113
215468
340915
400303
101871
201185
183866
183514
50795
476839
158611
232560
467484
55578
183941
526911
150975
232110
386512
57169
250017
46305
464773
244995
57955
164043
349228
352379
267159
62428
155442
158318
365963
286620
516934
299073
203130
483527
418306
427419
345760
236220
347883
412469
128868
368041
524769
152515
362920
413766
318125
516952
303395
238929
252712
345069
278315
253024
31006
469498
382890
272929
401067
513523
404520
26206
117390
418975
485633
401456
251390
264600
427203
19703
95315
317896
19838
495165
22300
131814
223363
320315
133072
311178
116913
171813
511698
218834
182907
351229
313984
408107
505661
387320
32680
120688
33653
130101
262092
158956
386693
27756
175702
246755
342007
504986
372681
465914
47278
262512
501438
476417
324042
455756
251400
531649
178580
465444
25211
160630
342796
67303
352668
509473
292786
463092
74044
428857
401058
355623
338136
8550
175165
62658
412733
316267
222312
125786
198435
28953
209445
385250
390903
373139
429120
64270
266860
64387
152892
143679
439026
397410
152351
54445
16683
373979
279938
344719
100212
235895
8731
83855
493341
112590
146385
340023
433771
301090
282712
203938
293289
392090
13507
505548
89069
348573
192034
92301
217582
452170
11680
356808
75568
300589
315693
442451
253190
521299
407472
252634
280888
504666
411650
324153
345602
449350
383946
143047
229603
240637
32676
326964
337681
388714
500632
73815
516918
530076
71807
525849
19016
340193
96706
24625
395157
354471
151398
435986
226677
478559
462396
60271
270768
114302
436677
782
339019
462167
184908
239688
402399
342417
219571
491464
503274
416030
517540
291329
36092
3585
62343
93555
196686
465464
318203
149477
291652
517678
75942
474929
232169
231720
7029
284486
110723
354060
43814
367960
194130
335310
296149
446910
175110
99313
162990
491774
480956
10470
337
389210
506152
525604
477272
46240
108877
138829
348140
521841
169873
408484
244150
23641
21382
135929
57957
47746
355297
38176
473026
511952
455731
243673
192042
70876
99008
375143
149939
145912
211432
90281
165845
383428
512593
436006
290362
487141
389931
365086
252725
33670
326728
139697
474268
88232
83302
206653
130543
216183
367552
201283
320718
78373
287228
196847
40052
54367
481932
113752
341104
491918
171027
262013
100721
358850
390759
41283
379319
393618
436198
99829
326634
244773
484652
127548
316894
33118
2122
503012
257868
349865
170830
481979
388979
228598
234879
147566
327270
17486
513293
299616
101972
535472
499480
113649
196306
267658
457389
347284
491151
452308
478036
483105
48895
324493
85001
414673
75980
154535
335188
78762
407251
494940
48881
308923
470187
181774
364867
486784
506271
359367
343976
216055
340766
134082
416130
326562
78888
213207
135874
81232
406456
139330
356471
84500
392188
498283
241002
205416
187667
304934
204711
84733
276121
51739
40867
444479
368460
454287
445239
490505
525953
262433
437193
247525
331863
275470
94183
477713
201798
260672
18211
126104
502470
426074
190299
403647
351061
159743
69435
426922
362166
50300
263390
399334
124659
444807
326929
58883
110859
367398
371076
63911
270587
345908
421355
279089
174337
209866
251260
405053
472782
311853
407263
243099
393300
134020
122122
267220
215909
308417
441717
263042
417850
178925
201440
201914
233763
261202
152673
372881
313326
195430
86998
228081
6720
165000
195490
482399
507342
435321
524873
510852
226836
256451
277327
359232
17996
133277
184454
359378
67500
132379
467494
289691
19474
230771
362644
200515
493031
265103
145953
193663
143933
345266
467915
443675
415934
420308
117395
245748
436557
63807
402141
345591
420913
177538
255664
487972
80340
421877
223030
458351
463800
333852
526957
459600
155325
481265
195472
381450
333532
130059
318622
360941
523094
443010
222739
260436
71844
286763
135873
