73980
230585
150472
228852
102998
45004
72655
177339
478646
33207
520297
58901
413545
289748
48775
139267
3763
424953
459259
512300
376312
72741
296469
226289
340313
460222
533102
452273
60230
481876
330866
71909
526038
238099
420741
488974
520065
111849
336596
339487
347934
18939
163112
313048
329986
516648
232518
256800
384960
150890
76180
300333
188605
241232
470656
190347
296048
501485
200182
404988
40789
301316
223563
289502
167706
371067
269106
282963
532097
411050
181036
426602
16300
270289
48389
17307
233221
500716
422250
117056
455575
369276
160061
311908
370987
12640
238709
74146
407670
419506
532448
172876
328906
163301
486590
507158
520063
256212
171652
301869
338266
258703
75535
352650
109161
315163
101127
172073
132549
314802
96962
466072
438161
64561
403048
424762
305412
303636
535498
482552
184444
205412
112702
474952
276374
197680
57192
348588
414841
116325
391669
19609
499315
533278
329682
276893
110009
42030
519284
226235
357328
281359
534320
76092
8495
387890
510795
295276
323250
53745
480374
139198
505639
262949
519733
193406
481772
317430
65610
251602
85407
499968
107727
456606
4111
115515
299420
325643
30175
471954
420718
510425
268031
176038
152267
491487
408336
312951
153983
331380
398630
520218
440419
383209
520827
67863
413548
532969
55704
502800
394969
246935
8330
521056
2706
29866
273505
436184
197908
226678
71711
438233
15814
93509
281458
11334
182214
54002
420318
530233
25407
321434
385439
371562
42049
535873
405206
11071
283164
118178
291418
225545
323106
135522
116020
182209
361021
233182
468551
183392
28219
302397
70408
192895
484284
424385
196429
296559
30783
401305
245291
439078
1298
56445
194145
161780
146199
424861
240707
1876
27146
501589
137926
233536
321687
320279
354107
456821
305032
151838
474410
217613
156381
442266
152358
349695
414693
109271
371061
186823
386948
432893
401606
41012
194681
283905
490216
525651
306354
75369
198726
65511
495498
37903
437725
127857
183154
431955
392908
477356
77621
202878
3985
156993
447123
292497
151898
239391
270576
168877
118896
469473
99682
444985
427553
447265
108528
407476
499819
108045
250435
148478
223258
444321
425422
59196
303788
306093
289582
229256
485970
464673
37602
425261
99244
147662
228671
26172
131896
204428
469121
535743
472003
342585
118201
6148
189959
217149
518611
422746
360382
205246
10886
258244
356824
374329
403053
34052
248933
163551
157910
251116
216763
377930
2447
330080
45993
118951
487643
441572
310648
353288
483659
412182
96106
16254
365995
365791
514452
144101
448117
307704
144138
260394
528599
317065
76401
393665
67959
463414
20814
269260
413909
347047
215677
139908
193024
251846
140078
199888
129399
14195
266769
504752
289758
417523
367650
156686
53060
80986
164369
367076
75438
471104
34303
357718
267762
393496
426688
349401
235517
295785
238135
327124
64164
102218
318789
413411
501016
116809
200291
138611
103770
192804
225616
237273
75286
137828
516031
103607
190603
77233
384773
244141
23681
212585
148747
405140
398498
278200
134733
53054
349507
513312
319105
490274
93016
178599
447710
423280
394831
313467
378097
412158
322273
288629
254556
367558
481149
263378
253546
243293
67126
345124
277764
34830
172922
301165
143829
143216
518994
443841
288513
531797
466661
366611
444202
220924
482203
365410
296661
119126
179810
524899
191347
126244
203081
331826
147289
321577
127222
48115
2922
265044
251151
53984
408399
416655
433690
357190
452290
487027
245741
462618
511804
221073
63667
152855
291111
152130
481132
83251
408528
323771
293360
221426
402162
374408
515224
150790
72701
40539
75244
185996
165898
24066
444901
14562
509851
289300
525518
357125
409049
471091
464713
419267
365830
158015
220269
394704
322327
378773
246813
151085
157783
143575
33621
422835
486485
429429
447033
248779
431952
106384
274730
42990
387435
452350
273281
342084
363260
174040
120390
333384
387334
508326
213937
480455
201475
497360
283816
216256
40675
468271
504876
514245
353848
306663
122143
358292
18371
424075
488870
439408
269776
140673
390875
504726
438263
318881
156420
426647
18150
268465
21727
417846
185273
476529
326285
345669
84134
313424
325252
163838
75917
82446
202821
149873
191048
299108
56424
337072
324187
146679
321502
465017
207999
214048
234304
8584
437989
170335
17927
280168
282719
150072
299949
233876
391075
184841
126256
499983
228328
388743
204288
124230
54628
404547
518514
301455
506819
82108
72474
353341
409300
65388
266438
42904
115195
421012
321572
345361
488228
331584
531256
365894
82096
163356
335264
206786
383855
222256
321475
186039
426861
23909
287497
464891
204450
161563
492830
336007
434643
271774
500865
403092
73138
449043
97184
428405
428451
317903
166434
202182
52300
432920
215548
310674
141233
341333
428263
85557
385151
186843
395359
426890
29807
434433
213430
223193
195829
172698
230862
263117
207958
236305
162745
421024
62168
315226
167869
182274
217267
20306
80703
86375
211380
340879
514336
427865
293657
149981
25610
343649
264303
263071
40414
506274
472595
402358
437173
83503
232046
100540
191433
433072
483822
194226
498821
48477
69749
451575
173291
166171
404054
240608
505298
480632
77540
240704
442440
139769
145890
481561
262
104024
440277
68872
75480
58858
378527
301249
86025
300964
449555
418158
167670
476821
241190
381683
414685
335076
13375
518866
399851
294973
421817
34849
181888
374936
356021
282225
350258
349368
179982
263365
454513
46864
238193
267768
135474
176985
211768
442586
501494
286204
155710
163170
524379
422595
382904
448867
457060
413206
253162
23559
496063
505056
178154
215131
330804
483528
170621
91012
136365
241162
230686
315271
499845
532392
472331
169692
454182
299442
391554
105468
401553
439511
426234
359592
302725
113221
107240
411196
51574
189071
466423
222488
269352
523798
347882
60292
494756
170897
300082
292763
35244
226463
444508
149244
452373
92672
222906
247730
163213
148341
456061
449554
361852
62525
63528
378806
313848
180982
255153
316196
470988
41368
299729
303026
430239
165513
25163
416702
330003
262174
430879
282
158557
298251
274839
455296
157307
49934
261484
277277
278381
534987
208457
233121
350836
198967
346200
65069
116600
251557
404734
484202
32270
481173
70216
398968
60059
389439
191193
238431
190594
112763
52510
423778
122336
198328
81167
535819
518624
498493
36672
242728
145178
88121
347256
499848
4304
87357
51821
260175
353702
467553
397315
163942
297658
133437
134247
77912
187811
510778
281881
3244
507005
356218
62527
29643
462415
424043
165565
199511
59878
236357
39974
459792
219801
437990
88398
321567
113290
430821
216350
50801
430941
433825
2902
213037
234008
351147
29367
241150
222425
87818
319302
249456
800
138368
277338
5070
321197
292518
473089
275580
327730
204326
1734
442556
301844
93687
329561
134768
289031
254813
216009
286687
243188
485065
487360
124824
514485
108968
158733
252987
237638
339852
261973
65257
240494
119776
194116
426407
345135
198753
160957
43938
293380
325453
353647
408253
299675
62241
81568
274115
373631
105838
515342
73297
266781
258994
186286
363315
404118
470438
192023
508332
250591
206882
407869
435618
519054
356743
151710
88581
523952
319689
215997
191872
250250
312034
42503
491803
456142
439438
502608
481935
2769
167258
227957
392946
464904
269519
458433
419518
88927
269433
425300
7216
301619
149430
121820
350049
240580
530241
79940
140565
183368
53274
523179
360553
413369
99262
246608
254480
129953
266683
284285
465867
168775
227759
382935
232298
455517
401190
178394
226381
499496
431664
144320
508110
228633
121027
462684
428347
95669
235248
347220
456110
409363
314319
119905
115337
30171
372331
178522
97457
130327
20075
428576
54220
160094
506828
132742
301898
234706
492864
374181
307265
190373
497033
128043
96129
397213
114737
38397
222549
14863
86656
385273
29125
150903
519665
529792
435952
59054
464138
418750
135396
485941
143429
484634
522522
198486
93348
232331
417992
159941
154772
108409
431822
319154
490875
438883
50452
362488
240255
365048
491691
339285
501243
530455
492224
455320
29805
215447
410141
451158
140289
462804
151586
424939
240967
417338
468115
32391
118193
247199
431325
233278
100246
341485
33676
241505
429815
26689
531127
423099
300671
237242
316236
172573
465204
263272
136356
356954
413087
281085
218062
21206
64971
492835
188550
334333
81388
379013
235284
450625
439950
359298
38377
455765
376898
32685
362169
137281
104967
518522
436639
178255
128705
7091
425401
260291
230111
276291
21528
178914
225734
209937
343575
99007
173892
447292
108464
382136
142505
8980
437803
318012
489289
77443
308337
212391
362365
464954
71852
268385
89816
4292
161357
413500
282276
58055
97073
475584
208354
378351
243278
318260
84221
48974
161445
388317
468109
472132
142721
73237
95744
163646
215180
282069
5336
79294
358966
444104
168541
489303
243809
426723
281451
452115
448107
261250
259417
328799
322433
27802
216214
122923
11616
394889
285991
56836
117867
284302
141971
83930
350911
138737
418565
232255
428422
161155
411629
368966
138071
226057
170470
407878
81146
97054
230918
99270
274850
388766
297294
79443
101846
406062
357876
90859
9183
322248
444191
283518
294768
167231
98489
240938
462397
86605
152190
14236
382228
97319
192926
456362
94503
293396
468134
186164
25390
187692
119194
461725
512645
505623
179941
470897
2369
222284
346039
414408
526565
235282
429636
26043
9843
30281
132950
279024
502880
322866
90355
495246
41978
249695
234348
449834
511873
6436
130842
302996
428476
38446
418079
369715
142811
65705
100942
467672
249918
189914
348638
17057
220547
435420
320325
370784
428760
461411
284062
310115
233812
360228
453778
532910
181583
198044
128777
39885
28605
438127
445369
226610
49180
137420
73517
239413
140282
106112
231699
338894
239866
360947
173733
110310
36181
229915
168724
79189
36637
447274
295682
392502
323364
192465
286164
123820
269165
459614
415394
396093
525824
269889
1635
298699
392339
508904
26459
211583
47513
448589
429299
411391
494367
421366
275950
180733
286832
434003
473599
317973
441399
409354
214268
227189
407284
195554
501734
261543
519258
509219
222399
190669
131822
322809
121497
522945
15832
323932
512503
26523
52803
388887
234714
220713
415968
417163
117415
466178
39610
422793
343104
146883
420935
231574
69242
424675
533813
401112
308852
136716
493182
449930
416633
496869
486726
209590
265974
95691
29762
98971
528610
423880
323542
157578
227383
106746
55512
204282
113580
10881
56398
208271
391286
365947
510004
33561
293986
10662
313746
148958
36945
59817
21407
156632
501661
34177
269979
444560
223367
494103
228575
458005
11313
112990
278097
259558
377015
58543
45460
80612
167039
343919
8156
164825
441191
441134
34892
534197
82235
50722
196695
235606
367560
105094
403813
510177
517958
191317
399013
335147
434505
44036
447666
146759
342805
501211
122396
152546
156757
152647
382733
25980
141770
320913
179314
290469
113691
116119
306013
183131
474705
346393
259198
184945
43559
385138
433445
370004
14567
393436
293736
492293
202127
415728
299603
363800
486344
93234
351974
126883
23524
292498
74080
119846
431028
412213
35028
414354
16893
456164
211740
197902
358842
260076
386466
436068
100367
310329
132624
206149
377950
528414
34662
418576
116379
356781
100847
404443
287344
520723
172052
282453
42302
383366
378122
485034
483181
422312
312584
525041
45942
385709
318367
529948
356309
216118
172506
22928
383198
406282
517957
492288
275221
270889
314747
290173
375569
90287
141678
495583
337643
339844
182966
99106
518066
219668
402903
95139
337007
10129
379850
331909
293642
83116
412614
392149
49222
438668
88938
333357
394552
411772
56245
234159
21191
2790
483934
104749
192461
447352
219714
348721
16030
462823
422504
1595
307804
401370
421686
498569
122689
69259
464293
519977
384604
19663
375279
403971
233867
131391
515692
466217
18655
51025
129961
182200
31866
11918
95378
484320
126328
512100
412098
491983
28393
9615
38726
76496
140466
145931
162337
206545
148658
386062
476226
484008
13626
230510
20848
457976
103666
523266
215072
368233
489939
93562
523595
182745
283958
250562
298016
482245
160273
405858
406431
412888
4996
315152
94523
422446
227025
178719
333652
159308
99567
157640
457789
362247
19027
94473
63449
359461
496571
324084
143834
493097
26658
369895
233602
89334
527276
313407
298575
412676
343075
188297
319217
488090
329092
444587
306740
317011
454737
503540
165322
421540
120551
231490
506629
258117
77954
510322
521780
280346
500422
233792
215477
225099
11701
79778
236856
453015
296545
43757
173512
431163
296436
98818
186953
434450
435090
423044
26216
201000
338694
337789
244002
337330
143701
39415
513747
442966
57075
300902
74066
108423
91595
431966
173034
412457
231471
63489
505015
412147
263422
123241
355603
460541
357976
276712
460619
81855
119331
325112
277101
60031
430657
35101
532710
8952
8477
54240
226598
299474
169907
442055
486199
131874
492468
299684
415920
51787
142088
477047
182887
283303
190498
420356
377229
472983
423129
272419
21159
284741
133736
64676
266707
323586
270490
314455
76181
436814
506437
260337
517621
464812
371530
139628
527116
419200
108065
389059
239441
421837
478707
456688
18124
271549
115370
35434
178736
288873
198119
28098
349793
41558
318866
182060
51712
497260
509450
451759
268226
218235
96663
219762
412311
370049
450126
157973
386266
430238
150284
337028
97798
8968
224624
20179
414406
408348
389542
135703
251377
271991
93844
136185
242936
5376
419781
181499
103800
220307
308986
512834
346492
101056
528221
270836
413606
461056
78262
102583
454910
59545
500553
172903
202378
268284
219294
24103
312310
285288
394802
227291
94486
10707
274216
534843
292508
493290
365628
53172
370848
351320
1530
419285
113052
305312
92414
312689
263489
420962
249557
47099
294187
154168
327825
71515
360058
486447
240199
469805
489973
356978
369619
120058
19350
342301
140973
187781
345594
515243
402354
203743
79499
456517
67480
218767
437037
508322
288334
403058
362772
514794
233128
156562
392668
143534
55154
513341
87304
103175
184745
268077
347599
479448
311225
384109
174176
134806
36168
116080
527372
106273
476775
409285
329575
81814
379590
440989
499562
380331
46564
433826
206144
214935
212805
58373
183556
5656
91263
159900
438296
142046
105866
526016
81580
442239
346668
72220
243318
496516
194660
359678
136551
136219
144891
222301
189314
415970
32787
237024
280818
352778
460170
362154
59318
445364
341698
200841
403320
532326
238669
66020
462321
431908
518739
217978
170596
27860
381039
103686
369597
157350
111334
42646
45670
114646
361627
8944
457872
464273
165312
402382
6464
164011
174207
345599
10058
46576
492383
449621
212487
469601
320529
456151
296531
262703
266477
236683
451976
848
390442
434163
196514
221129
214367
514339
329423
144581
83994
198042
43477
138867
287346
356676
443935
485250
373610
323402
237912
30216
61403
214068
323525
497081
158049
275057
16350
111665
511693
233113
40432
476430
102411
105774
92224
245368
533817
76858
479595
259884
309392
421103
258009
255254
157782
282387
64192
300859
16514
284299
384845
431537
415106
534599
70621
169388
68587
395905
286852
357779
214263
390607
376427
318635
331518
302421
368823
533060
5078
291044
463284
87255
261601
289793
364485
361683
402078
392710
530231
460842
370451
103885
219832
294155
223324
215537
458070
400299
520577
504426
308149
109969
511835
80011
194576
71618
244906
147496
367311
371125
348559
531173
259685
188572
242151
164729
155061
290160
400946
292723
388933
190726
479577
53488
266409
60068
446822
164312
282697
423573
160360
330448
24153
427644
13479
443174
333351
119823
161598
276564
296987
341923
448054
114201
14575
358490
473529
11663
134880
432138
1796
500802
502045
295812
454973
457714
308700
497897
53063
5516
81710
151441
362486
186745
120397
227240
278442
363704
291800
528596
314418
419845
261703
375746
508327
274108
166230
104154
289817
458648
178271
465144
510234
525507
416039
492022
301296
168659
150130
29497
197795
395476
173312
254198
399170
474674
499567
172042
517955
514086
459001
491025
334153
494144
434784
394119
387249
477699
439770
96314
519392
313027
335348
53182
54921
18188
463536
103662
517427
479711
4930
446902
169865
508814
26566
163216
164696
126391
199141
42481
243058
341933
316860
330936
321724
426670
139905
336899
96616
323848
163378
124836
228063
45884
449048
32408
457635
392951
446345
99450
491636
230115
459681
376615
61656
418911
109679
151810
225928
467628
452762
332503
501822
31358
270569
417743
228752
311786
54687
123684
11014
505343
358243
391663
283745
20609
61083
522242
57864
486422
152636
99023
70386
270555
159019
382298
4644
134166
283826
459700
242058
105422
65802
85944
282732
398708
399270
338690
484080
291654
292962
38841
320655
93433
290083
226936
305757
103195
67279
525336
232202
316428
240025
499755
514224
247263
391593
106368
65365
71178
222644
379477
257138
254028
363956
25167
204488
369825
484043
28650
364634
107450
448314
430049
471625
245076
483861
407827
436847
312430
34230
49775
507865
85424
175597
417847
131131
188276
516435
129808
107861
4916
393789
205645
490431
77466
225301
144371
122497
257409
308414
534663
207233
368492
34991
38655
7443
41234
74403
24342
260855
381318
421521
313346
234211
495219
293040
129889
190940
157121
129775
506709
209252
106939
62092
21875
359516
292230
497287
430830
66957
238330
414514
407828
348122
330989
370086
302664
84648
175663
149236
483719
490704
472131
237660
305898
280014
251596
260143
241872
98822
38143
242848
333032
431041
204550
2422
495916
232553
154565
208297
258601
275669
435351
456464
254390
483095
172554
215835
373955
281027
380943
393538
454145
244617
92727
370102
520912
87257
462739
121486
169231
428208
122457
22148
155271
36913
525352
211693
486122
155282
27901
226348
226694
414505
18348
6780
339447
422268
314598
82513
72888
241630
2695
393385
419905
235203
259208
56626
367550
368652
11472
278161
491139
424122
533221
67619
355423
439531
149673
482713
287887
416591
212677
466300
3984
79013
516639
303114
235306
525238
220964
45812
193259
319613
481785
118568
230678
219001
376155
100201
58808
364063
229638
304951
489
238299
462867
397925
78671
302029
266532
412860
142347
197522
178082
496824
269116
414860
234370
521699
520622
318312
295857
312589
490449
80321
310534
207058
328024
208405
129100
299210
265213
326217
240087
420827
378755
154673
483030
326129
339235
219931
15936
533497
346739
164581
415376
354520
210710
442039
316629
189978
114544
327727
292542
277380
473878
97556
425363
458852
8508
346397
135625
170039
186866
120402
112927
41664
152172
513963
509085
314852
377017
507327
128893
475542
279749
516112
53094
280987
256657
344100
83579
103990
186366
246734
357733
148709
260270
53344
397476
350706
23480
356392
387337
443828
490901
6834
416937
467813
338912
487202
253478
82
77216
19431
165737
191078
340753
403402
216936
25077
441640
212039
496249
506707
29870
151222
16451
392262
241275
404270
174948
252187
511725
8884
412627
229052
119788
370093
440529
269128
315117
124322
295296
363817
265095
367340
501177
468199
286667
145454
503972
90793
453935
169197
83049
29042
36575
226943
411417
293526
499180
195389
321565
346101
45479
402709
322865
503512
368800
115791
147217
233989
465009
139701
463352
289164
99022
44854
26501
274534
382223
365930
376524
274573
221261
230588
510357
129991
362895
420705
400583
250251
487016
430851
354360
187694
83559
321143
75633
231494
262798
494867
224627
330619
264019
233644
353276
161008
145274
81977
457857
522108
242080
446981
100333
23699
289199
392859
531362
352371
180780
341166
320211
450802
234311
131288
174515
487770
244578
512129
402783
522646
364282
34360
18587
228177
218605
140104
515768
387027
107153
506979
346494
219698
213294
231678
339424
145876
96507
390701
109780
353975
357188
29096
356833
296207
226536
420614
264231
154482
180498
444803
535261
148087
463561
210050
70691
130829
529148
129435
70243
297792
101638
502166
182051
77584
497047
318733
341122
497459
514816
115776
278628
38210
201570
360456
291579
106618
28681
390519
152059
5019
154417
246229
241255
135890
279289
25807
22474
125864
3762
147872
199466
186333
493896
454404
478527
318721
314806
389754
114585
19352
235277
171757
351347
422629
526056
121872
514591
249176
137436
20586
324691
398259
482109
62004
101329
458309
159008
226847
478137
453428
87258
436548
205136
443386
88489
300078
472193
433824
432487
69528
166157
480463
532441
51449
307172
504680
147858
502529
159135
131788
27501
264077
76267
523641
83151
21502
125190
218419
80366
11591
324173
224385
432460
512546
272067
468888
305846
98018
201966
9890
249659
478540
500634
235088
97415
221616
319853
374660
111130
113849
238762
508444
80797
354837
425032
277103
67090
525058
525915
88322
378960
503840
455631
133106
366736
69771
409600
201782
309737
534100
153139
309889
301584
372056
489819
77492
47714
481902
462160
199101
184883
244349
58182
509200
34843
437062
87435
454510
69801
305194
511269
491910
73375
292287
30022
88874
206366
203220
462011
314612
182470
440578
472676
208011
253103
149966
227593
399893
335064
198652
378390
518943
452601
296299
98294
456252
117939
71094
259712
27818
246657
336455
113385
515610
311114
374392
445738
39088
41712
373712
245979
313788
205411
253238
137635
375002
443362
330577
391042
49364
121237
518695
211230
290581
155071
350669
459019
514848
217737
493005
189888
359177
9976
266951
194083
211456
528472
350769
177448
66976
155554
474987
433903
499980
266165
413074
37615
263666
176625
414854
296749
509775
231810
134864
503982
401282
140930
131261
165734
145994
320682
352896
87929
37502
235980
180185
324483
334889
352555
352030
183024
323346
103104
459768
69862
376361
402503
311593
179554
293881
245170
12793
348239
248285
469280
449651
412360
464235
464399
485708
11829
325921
163186
505572
261582
103493
156405
506118
55563
508102
276821
506642
259974
323567
227705
460955
211543
200871
384286
515254
405345
83079
358392
97312
293048
415730
167713
401488
311280
82280
389667
459377
110524
449642
111709
481445
480804
518547
503992
100284
479615
455246
189872
79383
398552
301140
221173
305767
26283
442633
124155
491764
194330
259031
10006
178774
272623
84842
285900
315553
517651
143213
208385
481219
14017
179458
86962
329370
250648
461168
202314
166202
110218
107385
114817
310270
172631
109177
295459
217566
438953
68287
500795
420118
431155
14140
338222
426803
24025
20447
268667
388782
186525
498557
139873
191088
63224
343544
76436
515093
281675
312989
117621
44090
253648
100359
372
391994
410925
250783
171105
322576
517051
454943
120849
19803
158373
302038
532260
229092
371685
142633
61584
530243
511089
312987
518518
151901
98239
8121
13421
373892
357821
354273
216866
212319
420167
112322
367387
389000
399503
59611
532344
391860
504423
45089
514491
129920
466400
204066
502373
331649
269099
462676
346554
93434
94749
28437
35504
285693
27470
2023
425313
5932
170658
81966
174664
329204
145967
262082
312201
317367
473964
510592
254149
33332
309382
19963
207418
40708
109563
168566
8894
20372
181850
78473
308663
177061
175743
6583
223955
165372
1867
429149
25710
397420
64608
408540
457334
401018
408620
77020
138832
424209
454631
287774
497826
68450
483636
427141
506204
398670
246626
272774
396187
214062
90094
210003
350387
223434
234553
461657
135246
343259
428034
466377
398696
228155
118454
448634
369528
378397
156818
203072
316586
418584
114097
489411
224333
51489
54624
340871
83908
86462
460622
12888
399702
342933
264101
453318
159542
424655
400703
64872
421454
524353
14352
18196
291371
496260
18222
416570
114649
426659
474127
136394
226190
239995
239169
16864
310968
478495
191508
158364
415954
73894
353462
158508
224079
528803
457651
128082
267622
331912
282710
24440
168730
121475
436880
532824
345691
100482
176133
290263
451992
301881
360190
252143
407904
17140
502031
63441
266329
111284
53873
347336
149422
251970
5261
134227
18858
138360
504874
527055
43256
98175
278508
507545
15452
334356
7397
354044
111451
347341
248991
432784
117396
528560
453765
163249
482024
293136
353208
417425
324262
220936
118441
361372
467951
208984
399200
79643
190972
12716
369839
107301
450027
262503
20422
94212
433041
455417
524766
113549
487028
413033
512702
234005
175761
100243
44443
483429
92274
176555
81952
47939
328257
38055
16664
74377
440705
152800
365827
518875
108829
53398
55925
368409
250959
75395
435743
500237
194241
26463
479572
441918
245586
232573
212386
301643
7878
269961
280476
251864
522882
517150
117784
159361
98832
256366
509468
178825
24555
93061
434907
265972
134298
359212
38318
498491
492268
125981
129204
137341
236827
224909
523270
486562
101661
326223
507767
348053
506588
330123
395741
338688
265789
425423
507224
512411
212284
81935
69451
195874
70361
468567
353110
300729
442396
525543
209401
308327
247138
104583
499828
474560
202993
405173
307442
244036
154744
284414
431205
431974
168101
128436
407331
452979
484740
520962
236949
293679
5393
39934
127286
95369
281498
413376
72544
220994
73469
153984
398163
492109
284336
437734
287937
359991
424631
430953
220548
201276
406998
385977
302898
186672
485775
503161
205125
145328
97588
16921
510523
5732
267333
174626
313905
465368
275890
355004
205022
67921
137211
364504
257253
222289
149362
134927
408617
153875
207552
316465
456643
506148
92735
245032
267715
464089
302220
190419
300663
513852
347185
420868
211560
258910
233233
476622
386680
509941
91359
295362
484982
266470
266106
101394
87047
318574
46401
419246
162125
506350
160494
111816
315941
21587
407454
155797
429287
288827
86014
26595
20252
154645
71154
249286
319024
506262
163692
391714
89214
164094
170760
447984
479512
367366
128715
311700
440718
333401
166334
222028
444990
287124
22802
263706
423277
245966
470847
431904
17513
318923
153751
282555
269272
315627
135753
19670
496037
179212
372807
331441
241515
137535
284128
426622
432142
87956
375543
70630
44376
510413
212291
346156
233038
203625
256002
301345
365588
268366
287575
351093
471220
491357
362565
491168
345810
342503
450605
491629
195922
73826
532035
470465
432620
402094
229137
308525
377040
391950
486147
458244
415029
152319
31431
284588
171380
416872
399332
64721
79938
509019
270866
291549
272113
39382
453683
91606
42933
397556
180663
389049
99319
23301
269437
106737
71740
214154
58159
211530
258773
281637
42771
514216
531525
51310
485326
321278
61946
399144
142049
320064
289486
116302
107468
340685
152558
377232
431373
288916
307744
20645
420417
64843
327342
170132
304986
445964
383574
439707
401138
362778
39942
100956
300193
327797
343292
374282
101914
501284
525990
397707
216125
4533
459261
483734
455659
457768
379225
426224
261954
145391
478783
64401
171966
211695
275886
10847
328178
503194
169365
286350
511704
188432
112325
18123
21199
161765
97575
427118
393137
176950
130219
188428
321965
62662
382878
525595
143223
285498
531424
190932
192196
469363
148457
141037
14824
337052
77739
217326
14568
412341
361811
373984
160606
119927
460127
8398
480152
128001
164361
491938
36538
46998
98860
525440
271787
155074
260417
511703
463359
80708
145295
486351
469429
218412
379803
269985
331410
260540
393045
396299
485949
278159
443827
112568
131811
175767
287753
168524
397829
214294
485795
492291
243766
398786
464001
444652
191564
291211
517178
443765
368860
290453
25668
201452
36722
461840
138499
218729
176880
81805
194342
122709
131844
311974
502784
143186
427147
482367
509538
251926
123283
212777
288382
498052
22129
234644
204323
146846
441565
200006
217213
446831
432791
353827
94023
517358
131119
312685
238382
79036
233299
94954
292356
149308
4840
3084
345519
207187
472940
305324
431364
453727
304511
134982
29446
229005
162473
48090
125170
115494
394547
414536
524126
345777
34441
524147
376677
269306
250119
117827
31685
349746
318044
424477
396075
483278
459724
493251
313952
32916
358885
437837
117188
104942
219429
3245
370268
395468
412085
410700
76624
155617
76204
294134
400631
529457
102222
324742
296115
286283
138668
240541
311030
227559
440898
379111
161183
525099
136139
455459
4824
275693
47179
508290
530657
83114
477254
398678
491632
49095
342234
52063
33387
488147
448285
230079
19490
308084
411760
69145
444968
494134
444309
109339
109956
508139
166145
507505
233133
462266
444133
437934
86933
281554
56148
71956
15300
120422
472949
437064
184176
473353
82335
173959
62072
367077
160925
33166
174617
535821
139427
64123
108781
46874
322771
175914
513218
388172
470036
468582
419480
481517
113241
413551
523085
79466
131035
117723
32327
265961
15037
202104
307450
404862
470861
387589
242914
343492
115397
503211
304754
247967
187681
323827
55024
517046
445215
79264
311840
447891
213182
113288
74269
275887
86151
494358
156373
499061
398770
252826
479952
486007
203167
310606
393663
327025
381545
490012
152820
45394
149049
508944
504158
72781
495361
326991
365063
523683
224662
257290
368245
234632
494522
355356
494760
471149
328768
453286
394560
87728
157104
325196
416517
161586
331813
317189
515248
51747
431321
232066
115559
510334
342860
194280
160526
532041
449332
356054
218276
97204
88321
262652
436451
471304
121048
267248
254523
67519
329740
400948
124441
205214
356347
309537
503489
209599
325685
278550
230630
444523
336508
246957
128850
388234
483238
269244
353195
110567
18025
312437
521129
324408
384481
235212
239481
17693
353046
124433
118641
496576
70440
54544
332631
450080
59796
137101
337375
488465
470009
405182
329426
20801
81465
320235
467748
208916
319511
260324
157650
251897
441092
268104
91454
466811
514617
32157
114525
161630
521522
381157
223959
82347
124164
175999
308005
206096
447511
316747
189525
518171
147561
421191
101271
195413
320201
60458
430577
231368
112172
65203
534109
135915
449809
160558
405527
375572
87161
404057
409228
315849
292974
523223
200834
442626
80396
181997
172729
139709
307238
26350
194954
384237
189392
284737
53111
460834
377343
392372
400893
277451
217647
84229
191503
175359
521412
308925
87372
522204
364016
64535
408204
450448
447227
155376
514484
407152
417088
390461
282961
326356
402952
299104
480495
10207
327442
451555
169982
481487
158324
360556
251669
468011
262491
344198
444004
328805
32588
113401
265798
83031
404212
90129
337349
480908
489314
60339
484164
322228
137093
247190
189215
290652
312311
233807
45538
377028
448051
13984
441373
18236
104401
233166
331276
123655
342346
404233
227805
63013
504205
418060
445031
401194
486763
334028
52877
245921
251351
315468
11193
20103
357944
11239
353613
387427
218168
70137
20182
320911
156442
137618
350893
272267
481386
102844
17727
434723
26864
38208
496878
383438
266428
374838
447697
135973
50319
265188
163121
527111
259862
18688
378256
215976
465627
342344
168245
253372
467436
322149
346491
42069
482546
449045
352596
56887
435748
43500
508156
494905
338108
77073
43100
373200
10893
383116
11597
313565
429173
185477
88902
18310
266864
415780
195012
126591
163007
293788
499177
99877
40232
448939
97045
401144
37029
321326
13526
111615
373328
251128
522296
499891
401713
310601
309688
130559
86177
285722
244293
110822
435036
112332
72269
143141
79021
163665
91888
138279
1636
160227
340173
306129
328804
235612
480128
485291
82709
178432
376728
427978
185804
329360
397074
242456
294503
307822
54444
14215
534388
415830
253019
281383
87703
213240
93694
359527
297875
162779
235400
222197
146848
316406
58337
134027
169821
227445
216295
466476
457513
102779
22457
325974
396022
327899
200734
41373
386717
332276
245372
192082
459977
290244
486611
297611
469210
400754
525064
120956
295990
254834
239761
522022
436754
163494
433
110951
278438
423395
479392
524843
439750
376569
209634
313601
207943
161847
71603
87601
417718
242767
234485
169655
160730
221982
95542
284659
533971
317413
446969
500319
214429
323983
396733
8229
122060
442079
318838
306754
388833
340872
154880
22814
167182
523689
255140
493814
402552
135472
137215
393164
310914
302283
339903
445391
344388
268954
508921
158386
112810
357652
109256
274445
524479
147474
219265
457102
454288
144965
274530
15970
433852
447138
290289
10730
534914
491927
438557
199451
529935
205200
372260
511678
86350
328126
133073
494260
206527
314588
237524
51065
24989
404998
414
452294
463668
301948
192994
304130
163985
234700
514381
283029
46835
396625
12635
140519
458819
535356
281376
363256
312361
179094
40782
426855
54880
142021
322985
153977
173714
4239
241634
481051
321704
222182
146834
82503
93926
339705
93024
374737
466827
473548
496943
75658
448393
528368
219269
144740
73782
109803
330089
179984
79787
227661
496461
198899
449710
179764
291308
357566
181653
309453
434550
443419
455678
248456
470960
340245
432944
73888
174422
447142
264926
232994
148498
509691
324053
388050
340077
345290
532977
478534
81883
406758
305331
403410
134854
340149
246069
234792
240642
386070
473363
136765
439831
468614
123250
446737
430580
526887
335604
81098
448698
95583
481245
297937
484410
324124
131356
8659
201077
340257
173137
165682
16675
135184
115750
139667
467003
270452
262172
412786
367073
78926
329669
303656
396340
68698
150374
429928
506700
221699
525078
391837
194698
428441
163084
336117
94631
77313
215414
450418
219886
380621
285836
134150
310353
532895
9106
511416
298451
357607
475841
228161
334795
467504
300384
209101
418468
129936
346584
204924
322801
474965
388321
378026
77518
382760
120500
424395
312380
183954
80737
348903
392434
221467
350962
9034
416242
511080
292342
514800
489136
110101
134375
480598
3718
189365
135163
245894
183858
383377
198995
44215
200387
273745
488670
331408
172383
504486
191407
179903
134086
317816
284677
40868
479461
293859
160673
319190
178054
173629
110
315507
415002
308515
115985
60410
275803
379382
532931
334986
131749
223702
179648
10358
439151
59933
148049
150718
244859
298771
85940
122051
86526
116422
286068
486387
90726
124104
413617
380462
109908
336395
195131
205981
327357
22447
512953
289912
254688
88436
106108
457371
534680
460244
510102
465243
425009
265415
64157
527461
221432
533589
439442
17472
271944
322217
497913
486835
439198
130183
29257
128618
454038
379717
249125
265526
506850
458968
409327
47652
139438
293913
462681
134686
374304
23746
107929
430812
55556
272338
499748
292202
364086
504999
440596
194931
496212
365569
185288
124364
525033
432808
378649
75491
507845
124781
257777
143744
419802
16145
473138
225194
407481
373887
279356
33258
388503
149852
471381
489104
492998
408382
258711
57974
