25881
43403
3394
8158
46591
46197
38017
45349
47656
40000
51005
11213
46423
18598
49266
27843
1147
36876
37357
35348
7172
398
977
35138
51657
27823
37186
4180
39938
43862
25194
31138
39557
16147
37748
27481
46072
50418
47815
30654
34221
36737
37979
32265
24039
20091
29095
9839
31754
22699
39391
29430
12660
41541
36297
33532
36266
22964
41995
44467
1256
39172
28110
50147
49201
8816
42412
34252
17857
8250
40446
5865
42559
18278
26427
15740
35656
13145
44432
45318
29143
13161
50668
26224
49160
3179
13963
859
33584
30264
41578
7193
26629
42156
13102
14258
24314
12589
1825
29180
21033
27257
14272
19140
45759
13307
35235
10243
44307
19770
43399
7957
15939
4601
10178
47240
4989
20474
12809
18952
12184
20000
42188
26545
40097
25620
40752
14235
13651
26415
34877
15085
6202
39672
9632
679
21943
31057
20227
41107
2165
35972
34778
36177
4598
27840
31624
3285
12840
1086
27009
42512
3161
29474
42302
31412
3055
18826
26771
448
36005
667
20822
6103
45701
16274
33401
10920
7573
41268
35552
51301
19449
2668
26464
20127
48064
1288
36359
1486
39655
8687
36140
338
28923
6991
39
37814
30122
28353
40200
11225
20398
26845
24047
8271
50837
6565
45671
41356
36908
34519
15674
41366
31471
20645
3465
11587
22639
39336
23230
29275
50155
5813
2489
18055
30990
12118
27624
16394
47022
41737
38743
18683
14871
30932
17540
26683
35218
37970
13954
23681
45824
28382
128
50489
36747
48244
33701
33486
43555
41641
38500
49550
15378
27769
30488
11410
25310
48567
