22840
21264
50888
50026
43243
28150
34871
4082
5005
40242
20946
39847
14409
33759
48629
17596
38772
16180
8767
41726
40940
44039
3917
49659
17642
24857
24094
51138
11715
10220
45959
30789
8842
20651
38067
47436
8810
7905
36671
21283
31439
20097
5606
19645
45333
31994
3821
36950
3553
13137
5928
45939
37201
33375
32754
45907
21673
27318
44372
33923
22123
18886
6993
51328
19925
35339
9524
50765
11150
4358
45686
560
25663
42644
29381
24251
22444
5204
9669
2394
23672
37492
18145
14679
12284
2959
21075
46805
6420
15374
44270
4477
33019
27214
20349
2095
3965
15029
7362
41289
11925
8924
11302
30529
32855
30316
7629
26711
24925
21921
22215
11941
46915
46050
16411
23155
12173
28521
21926
3961
7539
18372
48180
11370
27574
41168
39203
45168
49880
10915
27905
39341
48309
1734
43349
31008
38221
11419
41565
36166
7085
35378
50545
41935
35203
7968
33022
36097
27948
4243
29765
9060
17245
32711
51667
33917
43206
9650
45916
4909
17313
13513
18088
1514
29835
37182
35618
35010
14401
17789
12681
2825
42919
16256
25856
24678
43212
38353
34556
27213
39488
38384
16592
24006
46555
8929
15905
10219
51303
32782
22633
33311
22990
1653
36277
35110
5271
41820
37808
40777
36586
25156
37302
50374
43423
22597
46088
51021
40341
32373
49525
17070
26816
31843
42742
47608
50428
45623
45198
24120
27806
37409
5175
6384
292
41988
17058
47907
27384
38700
14485
37745
35277
47249
2250
46282
749
711
6463
46218
15715
29910
41892
28347
45212
105
11141
10382
42271
35787
5369
47940
38554
21851
30629
12744
44023
50843
32779
45988
36450
41621
14929
42944
47943
12798
381
15611
18254
5516
13818
12409
19206
29903
13445
48653
42715
51077
19117
16931
176
4836
49786
48571
46569
42370
36762
39165
30322
47824
13410
17008
7207
10576
41632
38826
17663
31656
34051
5411
23053
23494
38687
7293
30728
6767
43615
27972
44380
43163
5359
11770
48672
33148
29878
46589
36824
47059
46280
9984
34113
39967
16183
39985
10237
12058
18470
32406
31159
10685
23956
39479
35724
21099
49277
51546
34081
34750
35929
50214
49884
13426
47744
48965
2759
2956
30220
10212
35159
51645
25804
15253
44153
46
27880
13290
37855
31257
38389
32088
3191
39375
24526
32164
32804
24927
9252
24167
12647
45441
25898
15395
20355
4068
29997
19341
9672
47312
37089
46269
19730
50376
10660
36613
49227
10518
49015
33842
25352
42852
29698
28152
12230
44419
41481
11525
12252
9604
38600
37018
23790
27694
48025
11731
14816
37927
25122
7263
20263
37139
13776
28127
20370
27927
27681
42952
42858
19522
40125
8130
22981
49972
34486
9615
42230
37048
34915
30519
38293
46490
31264
19496
12546
20977
18046
50169
49459
30510
38337
44415
51442
22870
48785
14893
49078
33821
23018
14076
1207
31559
33348
40205
39555
8214
48637
23598
47667
39368
15144
10048
31314
22314
26233
36384
19611
44883
19599
17301
35248
11558
24115
860
9301
43197
45038
48059
35067
44117
48062
22102
20322
15145
30930
6255
3629
5684
2641
13260
20951
22904
28291
35171
13103
35569
50344
38560
49349
15474
20215
14686
15205
26418
13677
46328
21819
46424
25017
24093
11795
28375
48401
21933
23710
49521
11827
13334
3371
17516
16015
22196
34634
38793
45791
13803
14913
48431
26301
38739
23726
41895
46872
36756
8145
5712
1636
23207
46625
814
45972
13851
8743
34669
4362
38223
20713
36136
39953
1949
22347
19779
11016
24345
45133
18788
32376
7080
7249
49255
34
24552
19225
16156
30014
46876
24197
10471
39622
17039
1917
3021
37322
2321
15545
23362
43144
47974
25450
34850
47198
34723
31609
35613
29323
22359
48334
22133
29136
8911
17582
18085
36127
34447
8478
9858
28947
21628
12784
44003
22719
36292
23143
50510
45332
9713
37529
4301
15993
12260
36635
29924
1763
31187
19896
14385
31985
26504
31826
47589
12991
30579
26391
23642
25830
33119
18359
28386
9170
47010
26317
16062
2278
17706
1479
43074
28607
24699
24107
49801
41154
199
9024
25593
32770
34704
48220
46799
20987
40361
22283
40633
12777
39671
7834
43191
35945
1472
21354
39288
36683
46324
1304
539
3935
15713
36626
19571
6026
35357
33581
37636
1278
13312
36312
10038
19586
17247
24563
8922
31915
44374
9102
31558
45024
1508
15234
10169
31278
15786
1920
21711
31712
34942
22367
44403
3053
887
20429
14960
16461
26144
35032
10634
28746
49845
24427
6068
40369
29240
23757
26797
40997
33303
34433
15056
10557
2590
25922
23356
45387
1709
44189
37021
43853
43151
40403
44659
3169
31842
44624
572
44923
27237
44614
1671
4533
28570
48702
35960
4456
29805
24867
46386
46039
44068
40193
18768
51310
1030
10442
34044
35165
43432
33517
29812
50496
34074
37134
6581
16184
36242
8373
31265
6782
2107
43310
37006
11179
3157
3416
15991
3182
6608
18858
34351
37721
15212
2504
14980
49132
29807
17451
38444
37594
32763
45495
10059
23829
25479
34414
48081
18550
1977
16743
51402
47257
24648
7723
10181
30736
18764
21295
41599
46216
51314
3857
23171
37730
5815
16850
45284
19197
34659
22987
26947
8544
30783
47719
43289
6142
14387
30384
46655
25670
32222
5290
39586
47917
39414
21454
43602
46154
31866
7152
48532
16135
7128
1165
2733
6350
48658
19149
39477
43089
30607
33115
14171
11887
39234
37795
49085
29993
38834
48990
45437
20887
7190
44792
6974
8727
48895
29929
11599
38246
36848
38967
27896
2141
1784
1494
24278
9182
43523
13690
16115
26562
38572
15870
10056
18577
24000
45352
27133
47121
29562
753
41905
50512
51253
3181
6054
35921
36492
34774
7071
24903
35269
16611
20584
11670
18521
49675
899
35072
10271
1352
37351
2760
41597
27613
42912
51156
22629
16829
26240
31888
35701
1270
42280
14510
44709
3352
15165
41054
14172
3877
41771
21703
50998
20545
35590
26463
10523
21197
30985
29070
26934
10902
19959
41494
46123
3433
43772
39791
48161
23413
29254
37436
35408
28417
953
22018
23968
34754
10705
1762
2151
2216
4462
51223
51123
49719
8880
14591
27630
2779
9225
42361
35965
2079
43688
22186
32279
50500
5840
39061
46828
29629
30586
23273
33309
30604
13153
697
51504
38527
16074
26304
41242
36609
41972
23575
49490
16140
47350
39928
5581
11759
13160
9431
40023
24398
35438
18530
38729
7891
30509
17627
5595
48931
13140
14731
10738
20007
35311
38136
32968
41041
11327
4302
22234
44613
39067
15241
10549
2731
19063
39638
51387
15886
10984
48539
36579
39760
42816
49826
23597
27635
1481
5187
17866
6541
4280
40766
1879
7122
48173
38895
34654
48723
5064
8713
37909
4875
19465
45402
30690
27074
18533
7675
41910
41340
18509
18599
22752
29077
44178
16639
30405
8410
16038
32109
37736
13765
9026
33174
41007
13857
3667
48397
31475
9386
28032
3923
17090
42694
38099
14157
10900
1239
25107
12902
15533
42314
1229
14693
17200
12364
42706
39992
33173
4132
37591
6131
1424
46466
16341
28277
1428
41317
49634
39826
17615
41429
49946
15122
32447
27051
28877
24306
39281
37172
51625
19666
17425
28082
29858
41131
13002
46685
47931
47259
25647
6664
9185
48706
7529
35237
31949
49090
24626
48908
25614
17888
23568
1434
8890
3741
20889
42510
4650
38891
39359
45411
12622
6694
3096
12532
39579
18783
26958
732
28373
17638
22146
11411
36833
45142
38108
15257
42924
21455
39676
10074
46948
40854
4019
12707
485
38894
42329
39001
34156
34043
50864
38869
2572
14650
32672
32965
47610
10528
26157
36767
36597
51152
14856
34438
25979
35415
16760
4001
35401
11042
2312
30595
39228
479
23663
3473
1058
31389
36073
18498
47222
33118
37576
27218
27007
18344
24956
32291
4083
12989
25793
17376
17403
37818
46845
22286
21433
42102
40429
35935
45295
7370
10562
39286
49873
44706
14824
516
4395
19470
37764
26929
22859
38010
22046
19859
24855
3078
3518
33086
4962
23190
474
43645
12353
18133
16423
21692
39097
39878
2831
25277
12651
2807
5629
17572
36230
9268
26023
31726
47003
21696
15360
37506
2271
29203
21854
2902
9686
51173
37056
25700
27985
21774
32423
4593
51011
38709
17095
26815
13584
11129
46736
7667
21358
24275
45856
1989
47251
21573
22560
46905
34604
36921
39931
51399
29126
24798
49469
48794
6730
37615
42962
24924
28450
27254
7618
5177
37863
49374
42929
38065
43136
27650
14355
16593
35090
23133
12233
51619
21515
47801
31635
7519
33166
11717
30275
11374
23572
32642
23200
32148
6540
24179
11191
40383
20506
46184
25964
2926
33145
1706
17249
46662
21980
40821
26602
51490
21747
5083
29650
33839
48362
30929
7452
16434
28730
31502
3056
8826
48474
11649
23498
51369
12277
28429
19263
19931
32325
28366
31465
7438
1208
24759
2254
28115
17224
35523
10170
37937
7456
9909
40768
17358
29029
32256
49656
51446
43456
12187
47754
38576
23985
12834
40976
4506
10881
38127
46497
36784
31532
13720
14517
19146
24895
20666
38840
1979
7087
35744
425
38360
22611
41898
51605
33536
43981
11992
38283
6417
17196
38965
33417
35986
40018
21356
42070
5429
4271
49514
26473
50722
28055
45558
46929
49359
23639
48623
37227
48613
24971
16543
37953
38537
12823
12503
23065
4525
35980
14044
92
23443
11904
41860
21776
42435
13091
6243
1587
26219
11831
13288
17695
1461
13700
6437
20693
47550
10088
934
51078
11696
473
42871
41418
7775
11958
31922
22085
10182
31667
20532
27903
34289
30962
50128
44546
30208
11464
2340
12275
5065
41216
14111
23716
41324
35037
25430
48854
39378
28271
17504
9760
16902
26319
42461
31578
583
26713
4032
9683
39033
17336
37980
29212
14532
4071
47131
43742
13300
39458
28229
34586
39568
15756
16122
3295
31634
9719
25552
19600
9635
12564
36356
43825
31139
45104
26980
9214
6906
38430
10117
16916
30558
25713
22375
46388
10740
32921
44690
28581
26060
5393
2887
44466
4835
49037
10635
10688
5808
30175
40796
42641
47459
20188
17399
28471
42274
24367
3214
37588
5250
45125
14987
8811
34978
23212
32758
47701
40973
2881
1689
19922
46018
4699
34250
6910
24152
43109
12703
28540
1241
8548
28673
3532
16064
3986
27968
12368
7323
25947
28854
28299
0
14121
6289
17794
24739
38109
15265
11526
10409
15519
41296
11173
18019
18518
39663
27212
30461
50008
25896
16389
31928
37836
11792
34526
12174
9775
37590
6010
38989
50132
21408
8940
20627
38964
48032
2353
50934
47842
26190
9360
34655
2994
9518
20249
46112
46101
13863
40038
38580
45167
11828
37701
28523
8237
41751
38433
10919
15978
13593
24986
6901
41734
13893
32819
13019
4404
4104
30620
34474
12580
40072
25335
22832
18960
22846
25529
21476
38334
28938
14201
4327
457
17063
37538
8325
11130
39152
6930
6392
18368
7331
11369
17649
9153
51313
26359
21591
23080
10424
42625
8756
46632
29284
35089
10351
28548
3732
11360
11593
2792
34488
39817
6453
10971
18864
29937
13943
2809
12711
20445
43787
12746
13484
18974
41479
9949
713
3578
26328
49270
17887
36078
49893
43875
41973
37425
33874
38803
38059
35953
31027
5647
28187
654
17414
10869
48669
8045
19996
29981
48015
1720
41584
34165
1053
7091
7486
4310
137
40215
31416
8082
46032
16353
12243
5273
12394
19835
50094
545
3065
50450
45541
6631
47193
38350
16480
10480
36068
37675
21438
40380
30734
23035
43836
21212
50039
6703
43915
22459
5890
11856
12521
23715
9133
39941
4312
13424
18033
8424
40717
50153
19905
35375
27555
16803
28576
1261
8014
34266
45224
7361
14944
6508
11058
6668
39267
5276
38878
3120
1308
13811
17410
40395
16464
36004
46787
1462
12213
51375
337
19481
42580
36301
26360
29759
5871
9860
24518
41830
16983
13216
23358
2081
11383
34461
11177
46705
4075
42741
8314
6330
28683
18763
17670
28765
48773
18707
39367
18263
44259
9723
27042
38297
28041
14408
25383
50233
5710
25222
26316
43700
35538
16382
28838
2253
24701
31101
46728
6111
2588
14706
34075
2804
3680
21254
34642
15758
9914
44723
40962
9667
17129
2920
48635
51339
30456
43702
3729
44621
19903
47392
48124
34039
31714
11886
2915
9392
31440
43642
34083
41035
9506
394
6675
25091
5728
8930
45296
36549
50310
2751
12884
16378
29280
25179
5437
35229
32522
18786
18222
28146
626
47359
14530
13719
30953
10896
3485
19820
11362
37241
25342
30427
48382
41701
1607
8301
7109
48650
30437
514
36652
38203
28670
46803
38309
17700
26879
36055
21397
20966
45161
35544
45746
5696
21718
38983
43412
31315
16348
45851
40256
34552
975
28397
31175
2496
40150
27675
33302
47082
15973
46696
34524
45551
48979
46040
37163
1315
41112
35318
42291
10568
29708
32954
29716
36380
27553
33037
32314
19058
43326
10043
40837
14846
29302
12297
15224
32558
35197
4
19624
49009
43323
19052
781
30907
31617
23485
21471
17067
37896
42124
49969
9970
13756
41024
29882
655
22872
7350
35723
46559
37942
12934
5796
4617
10082
48596
17369
50313
45235
8210
50614
9358
36190
25783
39125
10962
32762
45025
11299
49901
6534
42819
9415
16557
22647
17974
5895
30621
8720
51691
21847
16435
48624
1203
19313
34143
38697
49533
32286
41750
19696
39718
46595
35464
11033
50440
19768
49860
34207
24892
4771
19414
41698
14721
44475
20364
4505
47067
42351
29947
18565
36800
32169
3309
19993
5588
11305
39524
44872
32486
11155
34641
8747
16443
31786
49029
49610
23445
17005
20076
32633
15396
7368
29087
49333
23755
779
42480
50801
8405
9038
44245
47785
6070
2805
13610
49022
25299
38266
1793
1974
31764
38683
649
38224
5564
51452
18113
22605
16288
28545
7532
47898
23878
40758
10191
45154
43867
31118
18966
18171
26887
13926
30720
19259
44278
24905
50624
42022
21674
27265
47809
29216
14259
36519
7247
3249
10796
45283
48169
22139
44306
3004
34029
19380
11834
9064
7937
1898
30106
29700
37885
43937
25422
36850
15407
42624
39612
51580
14947
38449
43999
9702
1654
11015
49163
5100
12197
827
14370
28020
6809
21060
1023
21621
18273
40856
22258
28024
20241
9824
45687
31433
7214
3009
8779
7405
39173
8817
13214
34948
3136
22763
31377
18002
33925
22135
2871
18956
42311
26497
50176
33871
49280
367
1737
21367
37593
30285
13483
3654
11161
22229
12548
33795
20198
10397
14825
22445
568
29106
4725
14353
14164
30294
51341
42774
27587
37450
43230
7644
3335
1192
25147
17390
43441
7787
32305
19338
29237
43105
32519
43670
33431
24201
9942
25088
33099
9124
29258
46451
47228
18840
49895
15632
16129
48545
21740
22751
35483
44280
31602
35433
11214
10772
9771
12296
5828
41859
23503
48343
6964
27183
17626
16529
34515
40925
28597
45861
38918
764
40214
7951
1631
37300
32227
12814
33350
27513
20774
45896
7839
32972
43599
26334
35091
17832
46322
39639
6277
26805
18120
2000
8794
24068
11341
25169
23049
11156
27826
35259
1209
15977
35289
13634
14858
16193
7041
44724
30814
10435
19138
22183
20114
33107
9421
50072
38647
49711
998
2087
3160
21778
10809
9831
48426
31322
14660
51264
2964
36284
18302
7763
34947
23014
44904
50853
47425
26213
36655
23610
36165
8653
34656
17066
42811
21138
12342
18150
3975
35135
8464
26600
41166
32403
42383
39865
34607
44383
47285
1296
35507
51388
2669
14924
35183
11637
37598
20335
8976
41303
39986
31396
16944
2409
17378
42346
730
19142
25386
349
31756
44092
18473
16225
46677
7092
33895
29870
15361
30002
45454
23955
1741
13708
26256
36355
48996
7935
16447
13657
48744
37498
47747
19727
49618
772
31954
46543
29668
18141
37510
5052
29550
50963
24792
40735
14648
32230
14665
43863
23145
12011
11626
47006
12874
16501
4658
6995
33594
47238
8118
8134
37864
22362
4382
5723
20256
34640
32559
29791
29293
39741
19261
8686
27990
40723
44903
46770
36228
44785
40974
36089
36689
25774
21559
18805
24886
10935
31827
37252
48009
43351
33729
1235
19640
18114
1760
5071
33587
16204
17429
7807
4820
27176
43868
20605
9877
40577
6722
30537
9334
46961
14864
38740
36640
3942
49924
46239
46309
25268
43552
1712
27770
13250
44392
32483
41267
42911
38679
11309
50069
46908
37445
26516
20727
17689
17322
11760
2989
47042
41409
10613
47502
28598
26719
50728
5267
9759
16476
39322
31370
9705
48829
36399
50712
30446
25668
27889
30234
9459
39159
47614
2616
6978
16377
26509
35939
14203
31119
37834
14488
48599
25251
1645
34753
16607
21345
17182
12331
8555
50029
20129
21169
15604
25478
5467
21175
8416
32383
17541
15584
45778
16774
42607
44215
22355
1258
9277
38511
21226
15777
18152
40076
11550
18465
26507
46987
25729
33993
36388
13190
29202
13435
49912
26502
38915
20926
5805
37844
17285
6553
31968
50860
30576
17764
21901
29638
24693
23947
32052
7471
11571
22855
36884
18796
35866
34859
23961
10757
42668
17594
9550
762
28618
51088
36479
20593
17903
27772
20565
13969
18376
36631
32908
51588
26731
760
3992
25551
8058
35533
17646
24742
44514
19874
28443
11143
13681
50789
40846
19349
12008
12975
25816
181
29953
1198
36912
26995
34660
30960
41669
41379
40021
34205
50793
50832
13948
21010
37634
34401
32788
23649
10402
17273
14007
21080
45948
19738
23332
49034
26050
16590
48951
37044
35180
40713
12979
849
23799
2365
6940
17845
43056
20522
32948
6815
15547
19037
24298
18492
51651
4848
40786
21861
48141
38326
24033
13946
11118
49515
29902
14242
34226
17945
8486
45512
1845
24032
25284
6899
37774
1986
5645
43034
32221
13737
46210
6063
5424
37112
36728
43498
809
38586
28165
27670
24734
30541
46743
22802
48867
46650
32378
21432
15596
13813
30879
10269
32409
8335
24186
41752
26408
19234
25416
28282
42350
5780
25992
43169
49125
7616
8740
8903
47020
23914
38534
10626
6828
12084
13752
46071
24618
13774
48388
10592
18524
27832
4524
41959
676
26494
21179
2466
40243
43905
45860
47726
35329
15356
6863
25599
20688
4361
7625
7726
46975
21233
51049
25834
47977
45278
20984
42319
40308
27370
106
1994
45144
21192
1563
44739
48404
3904
34574
14313
45417
24672
3314
15677
22887
33117
46041
51246
23527
51511
24479
5769
41653
40670
3040
30523
25046
49571
48546
22604
51354
17335
44327
12813
45180
22049
7100
18842
11396
7079
25037
3380
262
45729
46117
13113
7756
29215
19552
21887
4966
35739
36864
13094
23023
21158
46877
33639
49107
33207
44147
26942
28044
23682
5212
26189
24708
1340
2847
42258
15175
42770
43927
1690
20600
48238
49454
18589
861
25980
10369
47505
8442
4331
35261
37053
21413
25420
34705
6701
27297
40059
23615
48866
43068
39314
31474
10247
26212
23361
48068
9049
5859
37149
19293
39660
12001
19123
26849
12413
40539
15749
46512
15636
10509
17324
27392
7580
43819
49716
28292
27489
44590
41287
41540
51073
19790
32181
999
28
21900
2457
47716
22706
21839
18662
5434
22714
21910
25852
9241
18191
37799
14586
7831
17347
7792
4675
41227
46475
25173
964
12245
21161
19942
20514
7495
40014
47695
49923
14917
28462
34162
13958
18299
32059
46739
11656
17054
11320
36616
32489
39004
9696
27351
35250
27249
38841
30945
37094
43550
16866
19855
34504
39013
24720
49686
42507
5690
22066
15447
20255
8639
33495
13759
29196
44716
10947
25394
4766
23462
24151
29404
47999
5241
13425
9644
6323
40102
9093
44918
20138
23128
49382
35520
24418
21401
51346
8370
40358
15809
29998
49929
31865
12951
41399
8362
19325
12692
48464
27298
27093
44499
16929
16033
44891
39664
25417
38633
13661
49603
34341
28989
21604
50472
26339
8180
39482
29876
25181
44579
5093
6130
13401
4518
17411
25704
8748
26777
45927
6284
8953
47578
18220
30200
11719
35184
29441
45595
40787
19613
2234
19335
22596
49303
39226
19403
4653
7440
33723
41583
42313
28047
8462
33324
3833
27669
13125
35255
31466
33572
27632
15723
50599
50764
25049
13907
12968
5587
38838
33830
3325
35705
43747
12870
13870
43678
41222
48020
45210
29318
6123
19999
46615
11803
15300
41947
4855
4122
35274
19824
19591
35959
42444
68
32929
38665
31381
47457
30280
44563
15942
32073
14716
10246
25565
20686
39505
42498
40742
27879
30651
10484
30627
15747
31738
28506
50509
50341
9445
41246
32089
30835
24116
22368
16789
24062
47185
25288
23736
46867
6705
13092
33237
45497
8675
30288
18081
7458
17184
37871
48797
9281
40299
39609
4031
24815
3609
1100
49727
20617
8403
23648
4369
23982
10354
31830
34680
5248
26517
8013
21167
27805
14042
6079
21749
43126
50117
40514
7453
23085
39675
25637
14056
4038
41944
8665
18357
20992
7187
6501
33492
24132
3187
28712
10731
44909
10405
24661
16224
14196
51521
16293
46850
41276
27248
7140
10567
8991
40909
37644
1702
2661
15919
167
31855
5662
10303
6599
12638
42059
20830
50588
21756
4983
51350
11229
43549
11929
8581
1673
51713
36966
35556
30213
36763
33387
29465
40578
45030
19364
7329
22026
39730
36017
31230
7363
36590
3010
48028
6210
9872
43856
25611
22495
16664
36028
1666
23849
8691
17213
21150
49528
5774
45207
34800
51205
43175
12200
1743
30703
11785
40566
19455
17784
31137
21157
16105
51408
17316
30329
3620
10555
16968
37534
36194
31458
16012
17117
3602
32189
14715
41005
1373
41663
49448
31419
23986
36533
39799
24326
40123
35609
32982
8553
32792
11366
848
14719
20878
718
37378
40096
26325
11083
41746
47643
40573
29132
21487
48626
7459
28095
38689
9285
19546
19568
47724
10491
33684
1764
904
19404
23308
47618
2269
2415
21528
42987
17294
42226
14728
27138
27868
33370
48224
17566
19062
18405
34713
24513
25619
36273
20115
30097
836
39793
4596
27326
26964
48192
20412
46834
14360
13309
1981
8242
25587
43769
28911
43389
27230
28270
3780
19752
43345
20067
22798
24911
22466
34685
10280
32851
9275
44623
7578
49500
7252
38979
45663
8338
51495
10034
39259
19890
25902
17920
25175
38039
29838
44692
40619
34946
38228
7531
33411
1717
48757
4055
17773
6252
1150
14785
21269
45374
38786
5462
5163
6036
2481
28640
16229
45888
33806
34227
41200
18286
40652
46539
5112
41993
27617
33562
39972
16554
21081
51178
13570
5373
2914
26584
49562
20009
10905
41756
50165
6734
37945
17149
50261
21768
9625
18706
22318
38564
26479
39145
40152
23872
452
31017
41006
48338
32232
7501
40084
50992
2445
3573
521
24674
16490
3697
42726
110
45567
48651
30901
42005
18992
40001
588
2633
27621
11061
10370
27228
13308
30793
34500
33597
6325
48436
12607
41712
2291
1593
30021
36686
35056
6514
892
34073
44635
45292
2268
10429
14955
4111
47601
29510
35646
13042
12512
17250
33856
36704
34668
47261
39009
23983
33327
11268
48267
22357
16059
47551
9833
32328
2223
15324
18776
30577
48988
40437
43118
13200
27554
13552
33133
23478
31144
18452
24785
13192
38688
7938
49426
39863
10381
1828
11249
48728
14748
27567
27229
35888
41766
31263
42754
38812
38473
37543
13343
19288
319
32121
4652
2793
390
41937
46800
7311
34580
51094
43660
22615
3593
3077
18495
16138
4351
34010
42612
45328
33466
24579
50730
44386
8274
14077
5681
27278
10096
19644
32610
47835
32233
32577
8154
33954
41046
34007
33253
25642
49856
29699
40406
8518
9041
30045
10165
28631
7133
2631
15683
31451
11446
30137
41678
17206
47290
1451
41055
49837
7851
31583
22020
27478
24208
23889
14891
13912
29004
22335
17424
26207
41401
23944
47934
13819
10124
36482
11008
29098
50178
30362
39709
41477
29374
23903
25243
36720
10716
29747
39870
38880
27184
2354
51108
13575
40071
35191
50160
20315
35365
1338
6649
24044
5027
8117
41533
43131
21316
16455
42250
18361
18280
23977
50259
44686
31449
22205
7179
4910
46518
25319
23233
27325
44757
41045
134
38209
28505
23920
50922
10856
2866
7254
7139
25185
41261
16781
34518
26073
31308
1040
14745
24280
49652
41885
28453
43935
42710
18881
14440
26994
12303
17120
25862
14502
801
11459
43882
38327
16481
24795
46702
36587
23732
22343
29542
16161
28469
29413
22238
32841
11922
3865
2526
43083
36797
32623
48509
19275
9238
48630
26640
49389
48248
41867
29272
22563
40590
8371
28278
36779
23874
5601
230
37054
11849
24112
19475
39746
7880
47885
24061
16558
39613
51526
31325
44878
1564
26710
28137
21955
50142
27464
1199
29570
50633
41648
19627
21024
31319
44632
22521
30467
44680
30140
34183
8458
35606
21830
50868
50281
6793
49726
6707
3705
10063
4112
21950
48837
4863
44715
33940
41796
27979
50140
11472
36895
6545
7771
32825
38121
13837
47152
38677
49129
330
10066
5768
49342
49543
37271
15117
37059
20217
168
24835
41202
23749
264
14899
9664
4743
16895
21148
27084
7639
25606
20180
18962
1026
20589
11625
12311
1531
5689
15238
29582
26858
26384
25004
39979
1445
15559
9367
23685
50974
44480
36768
6589
34428
29271
9263
4130
2332
76
25144
23189
50782
43512
41813
50529
20069
30147
5403
34449
43658
44777
35441
44029
40273
40294
24005
12818
40739
36172
20345
17580
43251
30936
32105
50305
14206
1916
49565
382
26419
16722
14909
50720
46430
18224
8664
45485
1952
46988
45459
12982
31411
35920
49609
6256
23247
13452
4273
17721
43322
41205
47160
3284
29090
36334
20123
40128
27887
19356
46727
12094
15008
40478
19981
6440
36121
13179
32010
12779
37233
8952
13333
38693
29599
43464
43965
9391
18235
7064
2293
31963
20391
22905
3672
49942
39016
44729
14342
32979
37050
22860
7810
9862
18176
29707
9534
4695
20248
5568
38775
21879
20806
22662
9882
4487
28196
30713
37394
15542
27082
46709
44005
9631
30441
2673
31851
30378
22221
14646
42038
28659
23452
49907
21394
143
51510
3274
45783
16996
50444
20134
24312
22726
25911
43634
16723
42041
3808
26996
46214
34794
26755
31351
14678
1415
47182
40842
34809
36240
43204
1348
1841
37325
32998
6542
6364
51405
31993
49336
13910
22086
20828
35949
26536
1062
16691
10347
22734
12891
30551
38442
6082
1596
44075
12395
39800
25824
17633
18377
20765
20895
12155
28774
21000
41118
51315
47497
25233
9151
41307
17190
45085
45139
22722
10455
194
41221
4072
16908
43714
2057
31241
1891
24327
31338
34095
8604
4692
40224
24168
31437
40371
48242
8746
23604
3375
13561
45192
26131
41291
10384
10270
42248
49133
17939
4136
6226
43871
6602
33784
19695
38286
21155
19954
48316
10556
3086
15760
22923
5675
1333
17932
41405
15783
22673
39658
21216
14145
48021
14173
31354
10895
14391
18366
38533
21860
8830
40178
37395
48516
12866
19721
18383
9490
51434
41127
14318
2509
34034
49681
11330
46972
11105
43690
17921
22075
28206
47837
31877
35650
46070
33657
38280
35284
30450
20290
44830
44286
35867
26620
33070
29740
8437
11515
26170
34503
34566
31340
36820
48697
42722
45975
30653
31203
13076
18546
45986
11811
16037
18924
46853
48771
31752
34328
3418
3940
46007
4172
30948
32560
20948
16649
8384
39762
380
49810
25082
48222
20271
7454
31456
13526
11995
38254
37043
36935
44508
10420
42219
24515
26122
46308
19011
50711
3978
17890
37670
7848
40918
23345
25626
29972
38438
38988
21944
24113
19442
29230
8164
5295
4023
18658
41150
29231
27303
42241
10538
40995
17553
73
29347
46359
34697
14576
12421
6394
17305
741
5143
383
3766
37523
2545
40421
12585
16562
35495
50403
17240
4277
7727
41749
5454
46213
1170
48445
44697
35486
49976
21242
33169
45912
32516
23441
33606
51644
31095
6609
23835
21441
7598
48330
31699
18671
14492
34913
30645
38453
8963
21890
6621
9921
14951
50276
50149
2543
39206
8105
752
34968
9707
16608
32214
37895
29015
15052
33614
45629
47723
3140
39261
45130
21315
5880
21581
23793
15420
9793
16373
49464
8753
38711
16005
23595
46885
9935
39977
14770
48753
12665
5256
8935
49867
2999
26374
11288
30457
6519
7760
31717
24041
38618
44535
37742
8887
21583
35347
27716
49906
37345
36404
25084
27542
33519
16906
14103
9452
37965
855
32551
28242
10953
16805
37929
36397
10682
21589
27974
25535
25448
24757
42339
43618
45624
5240
31801
46909
1010
1676
3345
12727
12437
5945
48824
31501
43982
25058
33552
40650
33577
48264
3099
16766
49775
41638
27289
14236
50893
23800
12782
5066
39773
1092
38837
39987
51166
5387
20792
36734
24700
2904
9562
13408
31758
536
20252
5979
26706
22914
6230
14780
43711
36801
3793
16932
26392
32045
30833
30423
34561
3206
23842
35282
10223
7499
9769
41685
17788
29711
23129
5356
44213
21857
37771
35126
8921
4123
50468
37473
18334
49321
16107
35635
24790
38887
930
41588
15072
15642
30942
696
10366
16470
27330
20845
35930
21193
28285
49164
42845
15327
21935
25718
48566
38662
49561
22963
20482
51222
47783
37126
27572
40156
37712
5469
23501
21398
37240
33159
15600
10978
33605
10559
29176
1905
37617
33556
7375
19156
9267
49811
16287
11721
3944
16790
26817
5484
26043
3807
14338
1475
15911
6222
46608
40471
45048
31630
13498
45078
427
27997
42654
10514
7912
11986
48352
16311
48755
35994
40461
46686
1154
6695
1714
14303
46789
38571
20563
23459
19462
19815
46476
18922
16923
31516
38423
6505
46227
8069
16334
46985
28925
11354
43633
10653
24256
11836
25574
10719
47740
42513
780
14972
36132
35669
22921
1056
39809
30375
5283
30386
46158
38861
13882
20596
46930
6386
44172
45662
4482
26277
13118
47612
37362
49339
30662
18954
30332
512
45857
12219
14185
5191
2186
37722
35157
14865
17122
40297
43111
34450
38798
47426
38922
25665
30542
45140
21332
15479
3299
30382
8728
9062
22893
29816
22518
13105
12960
36831
15858
19525
44731
15577
7232
42050
48506
11205
47147
34426
14617
36952
49492
10537
14073
27551
24228
25232
36452
31812
25302
28250
38986
48058
11462
13242
40479
138
12039
38570
22381
44796
18630
38050
35550
18386
2636
50478
37810
33772
11570
49998
12776
22187
6753
8926
47757
44160
39251
14774
36188
48703
14380
38262
31517
29442
40336
12033
4047
3501
50616
2723
49655
97
16776
38051
32554
10395
8806
42402
18837
17804
17496
42099
6667
47481
47592
21203
46579
17162
5079
37387
31497
49871
21734
25094
11674
16693
16534
6738
49960
31586
2711
36648
51498
27377
4432
9258
12534
1016
26045
34182
29678
10256
28166
50285
49195
36439
43079
14441
46668
16595
41869
41634
16628
6762
11855
11622
41049
5679
39440
48298
941
39079
4801
6764
7315
11606
27563
9393
21076
46783
13138
31629
48944
36962
28580
33170
13330
883
25563
9344
35864
24417
40547
51015
26564
15814
20500
17309
51393
46993
10204
10341
46941
26847
24861
50745
10718
20930
6691
49299
23287
21529
43514
18734
11899
22621
30357
7513
31790
42971
4914
9212
48010
47485
24301
35542
5350
29145
4443
6507
1014
1956
31804
25577
45338
27965
13541
355
19375
29842
18009
28722
11140
44932
32350
43033
49988
38691
14249
10177
28538
49023
10579
31229
517
37083
51284
18422
10020
26150
51420
33175
45110
28537
26006
1007
49894
25027
22565
29675
1365
15064
18247
23654
19340
47530
30955
37944
10743
22651
41627
8342
46509
30858
8421
17016
35771
31661
44798
586
47669
2949
18045
30765
1554
11007
8329
28802
28647
51257
21243
27530
34599
6404
45455
1779
30211
45998
48975
48066
18455
40036
31852
18323
273
37392
42337
23559
14274
19065
13652
27822
29337
29107
41486
9134
36076
29491
48820
33968
50548
49739
6573
43954
24946
41161
34453
38451
12004
31742
34458
10164
18339
12536
34320
3500
20416
28480
24531
