48034
28184
18202
41358
23289
28879
1432
43331
46144
27523
51667
19599
10126
16956
26014
12778
2454
28646
44254
34284
17549
1817
11078
25895
37798
34344
19266
3345
12072
33454
30729
20244
23844
25917
7694
46188
45125
40438
46014
29790
36934
31389
33232
31308
13644
42375
27250
19881
47681
21020
20089
14165
33920
34704
41945
38181
9738
5868
50376
39742
2976
42222
35328
6494
4530
14819
12763
26237
35768
26184
15903
47783
13836
38227
28040
33630
35330
37914
13065
20691
26842
41346
42836
41038
50277
2696
24375
37243
16570
5528
717
34763
35887
5999
21197
7749
30869
7965
26145
51501
