11051
42096
28759
33421
44642
34687
11763
14826
5860
3732
37895
8218
7253
10587
27776
30665
43207
6849
39715
18044
29159
25661
13015
43423
11131
50044
18604
41656
17043
17583
22332
50703
27037
36409
23998
8200
7927
13225
33413
34652
45579
14878
3423
16768
1653
40107
14660
27632
26353
15643
18025
42950
1563
29583
44354
10820
30920
19717
34616
10838
19277
15617
16474
17658
46545
25196
6330
16454
50983
6243
27596
40465
24454
33751
5142
28751
19220
26313
28437
6460
16472
33386
40733
9206
31491
11522
20123
29913
22993
30993
21602
31971
5099
10533
7020
21563
31549
38889
12809
21500
39007
8750
47977
26582
25999
8383
41549
43488
10142
17170
11389
50262
21169
23568
34689
35080
1846
3583
39761
51631
32755
8197
7888
4822
50800
38622
15514
40480
951
26800
7322
19835
47745
1329
1706
23941
11576
1034
32339
38885
40588
593
19409
40359
8519
13353
29082
30289
9924
11077
48569
23615
45531
23992
19358
13580
6989
49047
5826
30839
17249
2991
45282
50235
16582
37858
39811
41236
43071
44544
43679
30652
43334
42826
5591
774
9187
33944
36821
50255
6946
18475
24230
38420
19723
36019
23764
18195
31069
20794
10304
37267
34291
11303
49289
30566
45407
31820
27300
41975
23255
42063
47393
17528
47418
15625
2634
49493
25585
23443
49846
21995
23221
41408
4766
22298
9175
781
40845
37384
29078
46783
13575
29807
24277
26125
36361
49022
47227
34680
32281
19630
8795
2354
50426
6111
9870
41330
15458
32726
20385
20394
18963
13938
4967
40538
28532
50040
45919
47321
38222
6306
15162
45854
11872
12548
12659
29173
47838
33930
2629
50016
4455
27839
46243
23222
29289
26786
46746
51390
16759
15395
8087
172
40299
4645
35815
2151
14801
42562
21585
25803
48544
25673
15462
20753
31981
47975
31785
27576
45914
50247
17379
40827
23182
8789
50271
13148
29515
15058
2499
41889
51463
5246
26194
44976
25187
3365
24502
29579
35095
44304
33417
27067
13071
34679
44335
14859
39152
12828
15305
27998
9955
23171
34191
46940
4269
15258
28963
8913
17131
20331
44025
46309
1735
11866
16230
45994
31914
2075
49282
18125
32464
18103
47090
12890
29273
9405
30123
1644
35422
43731
48847
24758
4137
30430
50075
393
12992
45161
25391
8338
28014
8146
6343
34647
43373
36751
21190
27875
402
22908
45512
28554
38488
48744
31960
26089
19769
36956
23654
7213
38041
8263
1677
37949
43353
48470
4542
29799
37109
29538
28537
12038
23714
24599
26541
46481
12153
23810
4648
42637
23470
27664
31869
5195
33023
15309
15641
6858
38154
35769
37026
34826
28086
35155
23381
9834
7935
32836
10666
36310
19339
23712
36879
37121
31797
36450
21306
2706
51095
1762
486
24399
43647
10439
30222
30953
49550
9084
35672
24683
19597
18994
25612
30083
46187
17220
551
34215
28877
50501
22672
11207
44438
11458
14092
44467
13591
16049
11272
20881
36588
13250
24516
2113
934
12829
33279
29766
26930
2802
3003
19373
14605
14082
25613
38363
36953
33677
28166
30695
39311
2834
10045
17838
46890
24413
1891
48772
11431
10778
36779
27838
2937
29413
32529
44091
5073
45721
38068
24134
21008
4843
7923
49981
19446
29068
48883
21680
42070
12711
11271
41223
2028
31541
1680
9673
48001
15580
29845
25248
51013
40133
23723
35234
21985
18585
49213
22494
1453
20633
17651
48481
17640
14835
2911
17788
41214
20037
20824
27084
45351
24669
35858
10712
9061
27588
29029
39994
18996
17699
48626
33765
36082
38743
14752
47934
27493
16210
48083
17749
15748
8413
3157
38726
27787
4382
34420
33982
9130
23860
42548
22623
19330
6838
4989
40751
17834
30168
16907
17275
24963
6890
17421
48692
44365
44111
10073
22973
46574
5815
39282
22710
13922
49773
42123
29699
16673
9874
45737
7980
18977
21783
5882
13511
2940
10423
33935
316
38458
35622
35098
42860
47717
30431
36125
40915
39594
23233
51026
35116
13555
36312
33399
48200
27132
515
10850
6562
44919
20321
6084
6297
30387
42084
40784
45574
3811
47638
29225
6021
5416
42170
838
29421
39719
42273
27692
29006
24691
174
49585
15478
13578
12220
10383
25896
46260
32343
10777
44563
16962
11772
33665
42003
3902
46954
28147
30996
7035
27530
37534
46880
25398
48431
25919
29473
25721
20030
9283
44478
38285
5554
4881
37860
13945
13887
14259
69
51442
950
37450
10213
48320
9122
20811
19885
6994
51359
30840
16327
28015
36773
590
16532
12824
29179
18047
26967
23430
28711
47078
21195
34965
47972
8241
13766
46598
26293
46223
26269
3177
36091
42397
44042
13745
43569
40670
2458
51270
25010
44492
6242
8787
14646
24271
7306
49985
42824
40867
31575
11850
37659
47667
43390
19097
11415
4844
24180
12328
37855
43117
22603
36329
14024
43070
12879
46236
4233
19771
43716
33151
29097
2856
40841
25686
46690
20482
5997
11528
46609
20224
32665
33735
4264
30663
19396
19693
34257
19879
30003
3849
6175
48984
23970
44800
42619
8854
9211
19413
43771
49078
22038
47049
13723
23326
45479
11828
8886
32357
2330
27114
11219
49091
24713
17098
143
4237
36636
32099
28697
29728
3801
19053
35205
50345
4910
4399
26665
47170
6606
13107
15143
11610
42536
42451
41939
41189
39818
19606
18717
33900
36843
20372
2579
35557
360
46332
39227
45101
47318
2355
37266
470
20049
31607
13947
23706
7032
35721
44951
20597
46684
2291
21254
46992
35843
35857
25538
50281
35111
36001
50489
35190
23974
10176
45185
46920
36182
24359
51054
48081
45625
49896
13806
33428
47764
19457
49974
40331
46801
17654
26118
50204
25648
18179
17107
40090
45233
27136
26205
41304
22225
7844
33084
22858
4816
22139
46904
14078
20990
37744
11124
39135
42225
39891
41243
44681
3301
10408
8057
27187
25663
863
51173
8049
45542
17643
21444
21802
37715
11209
30351
6463
45146
18165
7298
1357
94
1119
8259
1304
49208
33160
19245
50686
41506
20516
35342
12720
43921
28796
26602
21704
22842
652
37095
25850
29729
26473
9607
22748
10682
40777
16561
14667
5132
4781
6205
47963
18483
46226
25333
29023
47342
30200
21831
26336
4966
11503
5346
49219
48567
2029
16387
45682
4194
34702
3777
37206
40401
21243
8025
15810
49808
15857
11557
19917
44330
48952
12776
14310
30063
45875
15284
19062
22644
18055
40450
17067
28964
26127
8907
40617
2833
43123
51690
26004
44988
45513
43722
19909
20358
24140
24323
15385
1162
29739
2530
28937
46565
18062
23689
3906
33114
381
42569
44006
48194
12904
10891
6160
9560
2906
17029
34962
6558
47489
31572
35619
34467
6867
41609
38550
47909
19393
33617
25462
44860
32616
21840
44214
11549
29114
5931
31742
22890
11641
12191
30507
49145
19104
8366
40004
10297
24061
9392
2269
10948
5370
13783
12343
27637
43740
31448
43575
27748
16261
29143
21464
6259
42688
30671
31739
1523
16164
12598
46077
5611
35541
796
13933
51534
51572
24067
48560
31754
35003
18499
15740
23932
4750
16136
18144
25910
31583
28161
8322
43699
25681
48753
8536
50238
12983
7606
51374
30190
46738
40294
8130
24209
14117
7015
50522
24707
41772
26939
37650
25298
24367
27439
13642
20822
11902
10067
38687
30484
32817
30771
41185
27369
29977
27559
39435
37093
30614
10131
32566
14224
12433
18726
16801
31775
38344
20016
6805
11401
23979
33112
50505
15984
4612
13455
36786
6821
1904
3814
30805
35739
40201
32219
24170
6826
51316
34027
6353
46431
30556
10981
106
45846
49117
24255
18214
45986
39763
23552
22164
19961
33262
10118
13719
15439
2864
16171
45729
40350
21855
27933
16302
9376
43305
36582
23823
35362
1427
27819
9279
23531
15245
49105
14804
19749
36594
8982
29644
24212
17354
23808
8041
7244
3156
1010
13091
31507
38038
43254
10836
31888
36283
42233
13697
814
51023
4207
34359
48566
21145
9243
31649
388
42269
39724
21687
41056
42759
19450
20787
91
30380
4236
1905
42555
48970
43774
40169
14617
33045
35951
604
3607
25066
44884
5626
50484
6372
39488
7665
30933
30766
11663
43059
17753
7759
14510
12953
11094
48919
1926
37376
17190
1849
13618
46655
35139
37997
22749
31961
15307
13685
16143
26689
20694
49890
47887
40698
3056
28407
1630
44907
39465
42823
2951
19604
45342
2343
48502
17700
51321
39512
46953
10984
50012
45973
46421
38703
45911
4808
26792
8142
14025
47652
46036
48979
10867
4391
42272
30943
30995
10122
46851
767
15052
27531
12323
6198
17231
46127
1072
48139
23496
21834
10699
19515
26276
29957
50242
28372
36950
20251
22344
15516
43888
30283
51163
51597
16398
24336
45293
51592
19620
51157
38522
40545
23201
45168
51538
34802
42988
13419
47092
25869
19902
6254
24221
18393
35193
20749
18813
19113
28787
23495
12211
49755
43933
38670
8771
25070
34064
16820
24081
46034
10137
18421
35
47936
46734
40991
26315
47211
9892
33922
7994
10971
33228
40976
51668
29530
35336
24225
25864
13554
34397
33373
32405
31563
14577
45039
4577
30739
43950
10322
7019
12339
32227
32173
36487
34748
26396
1620
14979
37416
1396
12747
35346
48938
7130
37844
6325
35390
8687
2927
30926
41176
32970
33314
44713
6582
40455
5287
9080
35788
39029
1624
34697
6217
48101
33204
25516
4089
34749
46988
13823
8610
49362
37383
46493
27371
29711
50329
3596
38859
50782
38328
43615
44405
31365
7731
6394
10125
16077
26561
32941
19615
25830
20582
10329
43977
47880
9147
21278
38099
50693
26946
39807
20300
31469
21631
44247
47244
50575
38288
15779
16191
43957
24060
20277
409
23699
47107
23497
43084
48053
28387
22283
3214
23319
13481
27585
20685
9437
21270
26607
38592
29498
19014
29409
7837
42029
16120
8655
49486
39720
15314
11804
21933
17550
35453
50153
23109
46105
31825
36336
40250
29033
9550
2117
24739
7158
32885
49598
48680
6234
42496
40296
30249
11276
44142
4485
9373
26532
25668
24547
43487
27039
44704
37758
36227
5391
38493
13234
34500
15800
19490
46377
9630
37120
445
18309
34535
17259
30366
1370
41612
10812
40938
16117
43322
16109
39237
35665
12698
22492
18742
18808
16424
32925
14269
43772
27940
13624
13784
45249
13390
39530
39389
24605
15073
42058
33531
47589
2257
11338
50626
9432
21075
50290
31591
36062
5516
48138
37112
15599
20191
37506
32274
8554
43993
41096
30584
20313
15107
40060
48574
28825
15024
34669
26755
36769
17868
18712
24680
19975
4040
48406
19505
518
26668
18076
44825
22376
47485
41996
22998
39303
27643
4979
7354
17778
7070
90
19651
13081
19991
40663
46645
3107
51004
34418
19275
25568
35883
5368
16131
17782
30170
1712
15436
40585
7519
18758
27380
19696
34624
21673
28591
1143
8258
3866
15269
32635
20853
5631
18968
11233
11382
36978
15288
16845
5183
13665
3066
36229
7010
25670
41967
36048
28012
17374
8445
40837
15389
23750
30685
15879
32738
30599
12940
13718
42234
27042
23964
9302
8147
31106
51366
5960
50198
46724
42807
49011
39990
25273
18547
50249
30622
21035
34325
7479
14298
26412
304
43086
26122
23775
33842
11186
40974
13048
22617
24749
39657
32683
44222
10112
823
15230
32570
3763
25867
42144
2880
29738
18524
3944
32003
27200
40137
12058
3995
7407
16295
15206
42993
11501
25805
727
31055
32304
11836
1645
5153
47504
34205
37588
47233
38576
43147
3662
47381
2618
8862
47843
11081
45699
9692
35343
11975
14188
49172
28779
12599
27666
4363
18287
41299
12485
47511
48882
41291
23921
36142
15197
14249
15310
23349
12514
22307
3125
50363
12816
37352
10641
5906
38816
2158
1088
27230
37904
30560
16653
19810
45656
29981
30009
23271
6774
5657
37028
51028
27363
51086
5534
10826
51595
39196
35510
21474
25671
14250
41446
46611
13796
49249
51448
7608
2222
33746
13134
51308
40811
14194
3484
48332
30981
35007
34854
17189
17177
44734
1485
6131
25053
44026
31894
205
21532
15138
24896
7982
45823
12196
25347
41680
44489
25059
13458
18448
25113
50375
33637
9694
44956
43697
39866
800
50649
47817
47278
17513
28563
36115
41001
35663
39904
48708
48465
8355
46624
42509
6771
15030
9149
44855
18848
37132
10093
22682
1529
41956
19448
33771
15807
42019
43533
44751
40452
27030
29649
8288
48868
21628
18361
31169
33478
50031
46710
3051
6565
40863
18626
42414
21712
8456
28287
25511
45576
39395
32550
43698
48402
5609
29507
14485
22800
13152
19802
17396
27210
29119
42317
12681
26516
33355
19716
22516
37719
51449
7899
51262
36635
14088
15794
24499
5118
45595
44450
30677
29934
14829
587
29688
38306
25436
33721
23759
28097
28485
26222
3255
12437
14317
28662
23216
24507
48669
50929
39649
41724
5786
18817
37330
46937
31521
19947
30426
2094
40996
17017
25009
27169
7440
26085
33347
44831
12965
45023
1551
13789
40932
42359
1459
15802
20924
8971
672
36217
33950
35604
41720
24557
27644
34905
24577
9295
31316
8588
262
21497
17840
36197
49975
10846
47818
41869
15364
27987
39583
11694
46340
40918
18312
32712
15346
25514
8278
24775
50633
15325
28845
37190
38530
49521
40218
46727
28179
2464
38202
9847
743
22691
9918
26867
1165
45715
10943
9824
32144
23749
8488
19232
12837
41495
21415
18796
15645
36281
15165
5193
14796
14149
22668
9744
8042
46022
29138
33441
16565
20139
16873
5117
42016
34298
33041
8229
37836
20908
31650
28232
40634
42702
12884
20592
25028
50640
8240
32156
22456
19882
25035
44084
15775
30181
44030
16719
37290
51172
34984
39788
22782
2972
46153
35712
3897
44359
15838
35287
28106
12326
48466
13272
35872
20238
41962
21699
2118
21021
3275
7853
2725
48903
26769
37405
18147
28323
9259
30564
9611
21580
26143
24345
36627
44265
47256
14806
18750
2302
31023
18659
39912
11388
21374
17218
38580
19136
38619
47576
4564
129
17221
45547
43490
1547
17725
16586
47998
18975
40898
34546
46540
19812
42875
44005
25506
26447
13118
44093
40913
28269
27804
40848
2428
37030
13630
43388
27696
36771
4692
21504
40035
37522
34823
23466
34971
18698
39741
11535
19240
51427
10861
14882
47679
50298
21288
21705
31939
49243
29385
36844
45612
1912
11970
36872
10047
28866
6190
23264
13168
21664
8624
11848
25783
33093
51276
35123
18935
50321
43274
42577
4109
21436
39146
8871
23444
33979
26037
4662
12162
4445
28735
49412
5839
33507
39428
4883
7567
8649
49324
12067
2781
37712
17216
49032
18789
32133
16888
31842
19379
25429
1324
6122
36431
30935
3377
11006
33422
33633
5384
41233
41040
14720
45069
7184
33796
47595
18083
33119
16995
29190
12843
38986
40085
15704
13366
23601
13270
17055
48097
25885
34605
37483
17580
965
14964
41663
26146
20373
19811
7797
8548
27977
49788
40873
47613
15960
16329
30217
33769
29650
11730
6611
16659
19742
39006
43506
25335
47919
41505
26274
45043
25941
32407
25394
33049
20632
33739
30544
39596
48297
34645
9184
44112
46052
25726
14774
4798
10054
35035
7364
4732
5270
8148
17943
33967
9222
22895
30821
33243
33275
4110
21125
25191
18064
40477
44277
48158
30357
17140
12062
11040
24693
9045
38795
34146
9940
16399
4866
25672
45166
29970
46527
30963
7690
24701
2745
31565
20896
23636
26112
49107
8292
9788
10283
40345
47167
40314
41992
32185
48623
7558
49669
21085
51287
48149
3855
42018
39538
32559
2897
27613
12406
26531
39532
39459
9190
23537
4484
17314
3364
36120
41665
36052
13788
18278
23284
33012
9845
32851
10277
4936
26578
510
13960
50587
44880
15742
1441
48640
46449
8637
15600
13042
14891
17320
33125
15572
36311
17411
775
3065
48204
21852
24244
22525
49081
5269
28758
7439
30040
45457
21379
39980
11918
22750
26746
20471
32077
39186
46169
29278
15698
2162
43813
38117
25364
30972
17364
46229
3980
48027
5525
51549
46029
25374
48672
41902
38948
25513
4300
40385
45812
40726
27225
6949
7746
6519
8217
8332
43794
11629
3487
21788
17146
33077
30852
49308
16661
8517
4569
47984
33780
1968
21775
25611
12766
12796
28021
6579
6338
39529
38061
23849
18930
20452
41867
35886
45448
5386
25073
10910
1234
44407
23135
736
20771
4106
49762
4022
46085
36521
23400
49577
25719
39175
48356
8090
46840
39293
23908
6450
49186
34000
2662
33936
27268
48691
3025
35921
37476
21460
13443
29620
35824
15363
33241
50944
6014
45060
16159
3482
37952
24888
42430
14210
12000
37226
2005
4560
1785
7018
11725
26186
10061
51348
29394
12247
37957
36756
38177
18352
18952
6888
27446
10199
2919
50871
27126
16154
32452
10601
38453
8568
43483
1544
49972
31778
39321
11826
3405
34725
909
6260
8736
30741
23771
11801
46101
36382
18133
27788
48969
29759
9335
11645
50049
4329
3992
49225
28000
23476
36770
9225
3116
10677
7136
9777
3572
38136
29661
28715
13336
43982
19216
10669
46762
48652
9535
14195
16140
18003
49872
10258
23475
15218
14536
5545
32643
7693
29731
13770
17195
3678
27386
34018
9813
49215
9090
22541
27602
29344
23886
1309
39050
44882
44334
51069
35119
10042
30944
15708
16838
36017
40102
3329
17260
22215
7554
17589
32546
11067
44326
27325
6962
39009
42298
30742
20669
31588
25565
50399
33350
39166
30377
14926
45432
25640
47310
7720
10226
27100
13847
15340
9686
38789
42806
31666
27177
50085
26771
27542
38015
9005
49407
35696
16228
42574
38949
29220
36862
12017
44679
14911
27577
14955
10662
17329
51016
46547
13050
10506
29549
18787
23999
13088
47687
35482
36096
49902
20188
787
6595
19294
6529
1477
34271
38773
43754
39733
22515
24482
35145
30531
19251
33938
51672
36058
11693
43297
35764
40291
6200
24048
15904
19472
17569
51464
25946
2345
20410
45523
27488
29946
37903
3580
10843
41178
8230
21297
16825
23639
33145
10197
50743
12963
2913
15367
38103
25678
35423
8151
9542
1390
10056
48923
28267
24275
8318
25334
37609
23870
24404
33336
10202
24434
44057
39337
29768
8118
6987
3343
26798
24004
3404
10380
9439
17406
47831
21983
37428
38549
742
45954
47950
3929
9567
31198
46080
18234
29013
29107
50267
12734
5717
15818
46859
35770
37916
7505
32902
33392
46142
48951
30194
11614
44065
38465
37948
47957
39477
23028
19859
12525
43355
4969
43852
35168
21246
1225
7821
21706
50620
49922
10478
46882
10953
1629
9404
16221
12846
33298
6982
6760
30529
36836
10352
4328
31715
37328
1776
9215
15360
50995
13133
7873
40767
5090
17182
29868
46713
24984
32119
30191
43580
275
13423
11768
34183
46181
32804
16080
31639
28243
50195
31690
16558
49092
3765
17709
50283
44368
4390
19941
14892
34095
4007
12109
23918
35983
7698
46160
46861
47800
19012
30489
35913
8220
23826
9528
20892
45647
44983
44737
4244
24662
11788
16082
26519
34259
24714
17157
7196
49730
13403
39946
32178
43763
31548
16572
4588
17089
38284
48195
21312
4297
49828
27355
1578
50294
19647
43244
18440
9341
12139
10223
49816
11283
48522
25212
983
11770
2533
32010
44424
42254
32553
45695
17885
27562
2623
33131
13986
28960
43927
33231
3858
31011
23423
48026
10945
38798
28882
29622
19117
45796
4960
34093
18941
36296
47701
51160
23136
7191
49417
28585
36656
17949
3077
46333
38692
46088
14293
14091
5064
1895
19528
29791
5089
40305
44992
27220
37463
25977
38033
8574
11523
47042
1181
51080
29329
24937
28663
3931
11087
42190
42008
31121
1692
15221
39500
110
15959
2085
24344
40045
16534
4478
21902
45677
47084
32443
32320
40890
46730
40630
21520
14889
38945
45460
29901
36338
37748
29775
14977
26957
45964
1820
24135
655
51327
46573
1395
25069
25065
49969
47833
35061
51708
45086
40842
44523
45385
42171
29697
46842
12638
38495
20664
30010
30151
19889
43204
13982
22356
37208
9133
2739
47213
29266
4903
44516
5352
13087
46914
46876
25578
20190
27969
44589
35072
17521
12836
19905
3229
40351
13146
10166
25301
41503
17178
21617
27548
9040
6842
14662
48770
49653
48559
14447
38848
17367
50836
3775
34608
31982
27502
33070
41012
35199
27824
32361
50508
50475
36333
31641
50900
12378
37634
18241
44348
34425
33412
16260
30938
30913
50490
25153
16560
17239
24377
40232
41555
12686
29233
37134
48273
36973
43311
10949
8103
42892
23686
107
26477
1300
3322
14630
46184
35005
11172
48679
41441
49422
43435
18628
19313
9231
45275
22514
38468
32803
14130
41611
15605
39839
46453
47217
48324
30691
34274
47055
34363
41675
29770
1354
6707
25231
48954
34193
26671
14638
34853
48441
46433
38988
11367
4734
63
21296
23816
41377
43991
11733
30606
45861
21264
34900
45532
40091
45514
461
17199
42167
32351
1952
10351
32761
36579
16922
22000
28616
28483
41386
45266
33584
32977
39668
8809
7867
41137
34056
21329
38999
49852
41372
1594
36261
48539
6439
49043
48189
806
32266
16436
19665
11154
5382
5689
8469
21433
28413
21769
12823
39312
23995
13838
26744
8717
45074
4178
41162
9604
23494
50259
20478
5446
2191
46774
22326
31636
20428
40937
29696
11521
9159
6118
4103
5310
30593
14218
42137
48472
20970
5458
13300
24324
28809
12047
43761
49339
10051
51455
3778
16504
19377
5192
19721
26411
6469
11008
7539
6026
36397
46585
43032
15345
8674
32190
9272
23317
38482
20855
34508
49874
40714
44998
10679
33731
33089
47048
19263
46304
29895
7485
17978
12839
27090
36259
44439
2979
19581
15520
6722
22944
2704
43747
45347
14713
7190
36522
30141
34465
29350
18437
42895
10372
31108
2314
1062
6535
10649
28050
12818
39448
1292
41151
8489
1520
31176
13109
33861
25409
16420
22455
37769
47315
39645
4534
49114
23996
4270
12495
47852
46886
4855
20389
15235
12342
41831
691
31885
7498
11529
5233
12594
6240
15757
15720
8635
11308
8260
8889
30320
15638
11644
4286
5249
45445
31697
44110
27870
34251
20320
11611
51142
46469
26947
19699
49501
20742
35730
42894
6266
4184
40272
3266
32749
2425
3714
40572
1941
17225
34825
17208
6756
31292
27999
44095
14850
27967
51380
17898
48203
6042
14523
19454
27218
224
41082
19121
16326
8632
36479
17817
15538
22053
12562
21405
28201
34209
33351
41653
31366
22527
32316
12669
46863
8175
34254
22493
51247
46836
47162
18635
9239
29935
3010
18614
31832
18369
36705
12610
16679
8014
26944
46484
37403
46441
29875
6378
9308
20465
6681
28747
23534
4125
31695
41194
26795
17875
311
4820
25096
12294
31216
26809
25561
49646
5001
24568
29684
3532
37700
30577
28427
31910
31667
37690
15219
25922
50415
25947
48706
50503
31872
44687
14677
3332
51466
11792
10426
40875
38195
43540
10501
22753
34323
40312
20805
9450
9700
26827
12310
30279
38267
1976
45415
49734
19958
33083
31608
33715
50604
13177
16965
23884
14727
24703
50687
46466
38734
33493
15899
36379
47397
18863
46030
15663
46757
20239
11327
21452
2495
48855
7068
16636
31921
7414
8242
30067
35070
8394
17590
11406
24760
11740
18469
28023
51251
5734
13787
46943
30551
33705
26933
1353
42005
8297
25417
36746
28688
45468
44360
48156
23037
67
6870
12750
8060
15260
35715
30948
12488
26080
18470
3562
13900
34949
16672
6917
25728
25550
42193
29255
32871
27101
16512
7967
34016
43557
33615
48308
18520
33062
21028
15659
26818
39365
48115
10000
33985
362
3843
3829
21954
17283
9180
39485
50396
6545
13927
47846
19460
32647
10743
25146
14132
19425
29222
31329
18297
16871
9578
40411
38258
22534
32201
40749
44947
36
37436
13019
45553
24106
38241
47196
9245
16276
16787
6497
27686
37825
32509
18074
47351
27560
8525
47010
48996
46131
16322
32700
4889
19946
43475
44165
27794
11618
29426
23581
44151
7805
43403
23132
17245
14805
44592
7671
45597
39730
37520
39154
23083
12097
24219
42630
51302
20353
43103
38109
29802
11505
36428
36032
13182
44626
7831
42857
21755
22756
2366
11780
38976
25925
411
30008
46798
2788
14699
27800
46412
28617
11857
37981
20026
23892
12469
21936
12169
33681
33240
21482
28740
13636
25616
10523
29709
49084
35502
15163
5429
26710
48525
948
23688
21079
7885
38633
26504
4694
45806
51223
46814
13464
49175
21647
43481
14937
27570
16862
21083
21534
47105
33064
10153
40544
20128
7849
18258
18089
31858
5831
23020
38729
39553
11699
3516
26137
30473
20218
8531
13326
51590
41823
37631
21487
24433
17235
38610
14373
41138
36318
19926
24475
11916
13456
28948
47559
15033
20269
12871
20991
42659
40429
36194
44126
23186
16779
19139
33515
48762
35839
8248
20722
620
12740
40112
7622
44711
43047
28767
1156
43865
45345
17806
344
22762
573
24523
17153
24836
15952
7689
30162
45177
14495
45329
1713
3506
47283
2820
3852
31790
22740
4157
27886
47030
21175
24407
19318
38695
21342
41709
28304
26104
38319
50610
43989
32677
21805
22495
29674
50842
35565
6366
4045
20840
4563
12533
46082
27537
39857
23354
10490
24825
35455
38584
33197
9098
25994
25674
21652
12820
49188
19722
20883
19884
1654
35653
32197
35896
43707
48781
51490
1695
7736
21123
30530
24588
19650
35553
3867
10559
11337
41051
43227
49844
18729
45815
17543
16900
25815
27238
9809
48096
9526
31716
23839
18660
38460
1737
51485
35893
20426
5586
33225
13351
24674
14742
29188
48098
15301
12645
19229
21084
15598
13978
24732
4860
13872
24641
20798
40792
21159
1878
901
47068
7987
48843
23827
44646
34492
42778
16806
27590
25577
2035
46373
48300
24648
37083
6540
47479
32528
18799
25474
2596
47581
49101
46511
37688
35215
13680
6157
36907
41130
2306
50684
46821
4349
49403
28764
18937
29491
24916
39927
22388
2129
27040
2247
24531
29922
8035
7890
25544
41439
7263
1627
27381
23911
41404
20761
34441
20971
49545
13085
34207
31112
26712
13821
25707
40621
50555
19796
37287
19381
25539
22799
25236
38728
46963
37235
30765
28607
13482
47028
8347
34416
36035
15647
9677
30245
2472
374
32019
24906
40404
33281
10568
29123
6647
28623
37351
24362
10606
36755
9458
6615
24717
30450
8418
47743
1325
19489
17526
16939
27848
37607
34485
4019
29192
47636
29019
38362
17701
27724
1097
39302
46410
3837
50947
47246
15869
27421
24044
1632
7960
19096
4719
30001
42065
24869
16137
27303
14604
46138
34555
50920
18775
29295
650
48136
42925
3402
18620
24821
8373
48173
43529
43903
22294
23598
45160
32580
48733
43428
44146
3061
42955
17343
16763
5467
38876
3398
13550
48835
23600
9484
42073
2462
21998
6616
16814
18092
39573
7316
48808
3411
41415
46833
6574
40013
44206
7374
14961
16748
44388
40816
6174
27732
20091
45045
44463
24396
1405
21754
27078
37318
12745
34598
11350
3800
2869
5646
34755
13057
7023
18704
29340
21447
28694
8821
17148
25366
26312
2611
11278
3538
30082
47513
48145
26592
18680
24009
39873
17664
26300
16517
4475
32054
37224
22425
29798
33495
29906
11292
26926
29553
3844
11449
24387
35682
9748
25750
10139
44252
50455
38236
12145
1204
22374
12927
33187
25914
44273
36611
26455
14908
17082
2574
41066
20645
8592
21616
49688
22271
43511
5879
28730
580
21424
28562
2147
42544
2538
28753
41161
2410
23958
32175
10795
42664
37024
16202
31413
47514
14021
48408
31826
44315
30436
37331
25666
14448
48125
3893
24410
28503
6605
42721
34002
2471
28612
38708
41044
50518
45511
27345
17832
42768
27889
39985
12952
4261
5337
49152
51440
34881
48302
15176
1218
24491
5372
4762
4954
1687
29785
43717
34214
1188
8902
2122
37141
4929
10088
45798
5506
21203
38476
15074
491
48362
19770
5140
8457
41597
45661
141
49236
2228
32531
50209
48849
2010
31105
20253
12096
4933
44938
12172
7946
14794
12420
11712
46869
32306
40243
6852
4607
9939
10255
23483
42194
3961
28687
41674
21290
46785
36024
28016
18595
12973
35034
2987
21076
29387
36783
33159
50091
10172
39556
50530
44566
4573
49938
14199
50674
3101
12421
26840
45215
5998
49271
32033
47234
27377
34628
6094
2245
32823
21287
23719
1361
5775
48579
39558
37140
38292
4386
33362
26409
48895
37891
31142
1836
16925
45946
47498
25899
35311
11027
5211
21892
4643
30174
42842
14988
38014
35667
36941
22488
43983
34945
8797
32093
10195
44675
2713
50654
5797
43023
41015
4958
18884
25843
28366
1501
12575
21968
30485
31064
48141
32957
2347
33303
33066
28953
10732
9449
48524
17706
26311
51475
22252
38850
50728
1269
7695
30559
40549
31102
35431
22304
19037
24438
30302
8009
44570
23437
21608
15813
34436
7640
25503
20160
10554
7188
10135
39314
26747
36772
27944
14007
5961
38966
21911
45622
47115
5093
7614
42337
35501
26440
25203
19981
4868
20880
5567
19076
25129
11035
2723
20897
39957
35579
23656
40487
16635
19626
41669
29251
48329
535
38669
31999
3737
154
25100
50632
4965
13663
34629
7183
17276
5948
10894
6957
31212
26657
9466
28123
33353
5323
15368
5297
20723
37576
28268
15695
9236
30836
9244
9807
14507
31815
23089
38167
32790
12784
10623
23708
35808
28965
15991
48291
45134
22153
42085
38784
31554
48487
46159
28276
7556
44676
38407
41084
2062
13638
42006
1526
33135
32385
17811
26342
22919
48274
17913
17867
31545
32514
43315
37228
22234
30182
25376
51614
20873
38462
23060
6807
39508
29580
11671
9141
33988
716
9345
27805
5655
13357
33568
36823
36214
48795
27927
24555
13492
33381
22125
11695
23460
32782
16485
41154
48270
8264
13782
6218
40666
24851
26515
8171
37063
5170
31029
207
1953
15844
34774
41606
17859
12265
42340
23861
22184
38528
25216
46177
3231
23344
1782
23983
41069
15848
22822
29052
11068
41221
20483
49532
36802
38
42674
21380
16665
22542
32537
43338
46987
3868
26853
13732
2451
17984
4498
10005
21322
42460
4584
43877
12607
25857
9564
27392
15205
33906
7548
39861
19996
28463
40871
43633
48191
21571
8829
46681
7134
31810
29117
38954
26201
18115
39258
43593
4809
43923
647
35569
14991
39239
41541
857
19265
37628
8979
30298
24430
5688
25974
3968
24874
12874
3816
22498
19326
32458
43612
8279
27295
23032
20693
41643
19364
20081
19442
2563
25701
21360
26617
42504
41384
36898
26296
40750
3701
46845
26691
28684
49372
30687
10498
30104
13819
23733
51083
33258
7536
45119
31901
5042
24581
21720
4602
12074
47806
38516
51654
32037
6934
48370
27018
41319
34672
42304
10581
27203
18519
17625
38894
26061
22452
12945
45231
45820
39091
33786
18906
35585
24125
17831
43891
22163
23241
46519
49290
7977
19641
11473
41923
13735
20755
2650
30876
18570
48745
17457
2084
32573
16388
6951
34899
20112
10932
10371
24510
2810
35162
41531
14445
47821
5603
9507
21598
8422
30183
29046
12910
51506
43068
42510
43414
43522
10165
12262
4191
20113
46803
18090
48171
26934
43547
6341
9320
12662
22683
48485
27124
2344
10241
43418
44812
27551
4546
14002
32330
15575
7299
37425
41949
36130
40711
22097
46884
38808
43572
31076
22629
10741
40529
51364
1655
46092
42425
37736
49133
12991
51610
27936
25255
3574
16447
41811
29508
45711
20894
18250
29685
5727
31947
36179
35490
31542
36154
40139
9462
7161
24495
50643
37086
48723
17201
46501
9637
4052
8703
44234
12767
22869
42175
34593
29666
708
24316
33333
39672
11295
1339
5654
15331
27574
31717
38799
6184
14936
15680
30384
1314
41234
18947
10872
21037
36373
12635
17813
37801
41741
39522
46941
45269
33918
10348
24251
35097
4171
33321
5453
30106
27013
12660
11201
28833
2938
17070
4548
40880
24397
22112
5244
34232
47541
32956
25041
49292
21905
14749
48424
15065
29438
28756
45147
11993
24280
34422
7293
29691
1845
44082
5662
12206
50228
32459
585
26021
25115
43894
48900
364
6442
13215
