15190
23066
1630
35670
16386
25052
2920
32121
10903
5153
6888
21595
23650
8933
5966
37394
34360
23446
28397
26479
3867
7398
31967
5288
24135
27072
37164
14044
32223
12196
18405
33150
8084
33544
30100
7927
6754
25942
14901
29195
14135
32526
16038
5696
23691
23745
34779
13430
28365
33979
22973
16593
10302
19696
13287
16187
6073
21442
23345
30616
8146
14635
29505
1923
6644
1479
14007
22564
16001
27317
12813
33633
9926
18057
9715
8490
13865
5275
7419
28875
25574
28561
32499
10174
15898
1144
16397
24004
3138
17609
12778
35288
20391
3500
19422
9934
30728
23248
17428
17122
26757
25856
12352
8383
31454
15574
34529
35540
32981
30569
25063
4062
1793
15636
25536
29342
25112
33330
3610
22725
29455
5464
10038
26495
31570
22871
24542
20782
32210
31485
1115
13228
13062
16014
35722
20583
16026
3783
36205
12915
5466
21250
12916
4649
9928
16232
16594
18425
25426
29238
33940
7581
32434
12617
34019
6799
32252
14540
29953
21404
23250
33605
2662
25604
37003
16427
8655
15698
28652
11473
24020
22322
24376
33440
14683
21945
1732
32778
19356
8031
26262
37260
13698
19981
7964
21744
30138
15499
24915
23137
32272
27318
3485
22
36824
1038
30108
19680
23837
21602
19140
9899
15372
37054
35111
23872
15566
9395
17462
5848
10009
5564
29219
6656
1656
27277
740
20754
3037
6465
26014
4977
29142
35659
9480
21396
11760
16607
18690
15771
9504
13145
8660
33559
12851
9450
28219
26584
37190
14567
23908
18887
24489
33698
31878
16031
11183
8876
22204
577
36358
24696
9040
28426
10535
8094
12192
15943
15514
15914
5268
21483
26068
8745
25250
14524
18003
14628
4666
21311
22608
10672
30219
30064
5407
13351
21682
13884
431
16473
8082
30285
36527
36772
4199
12447
10908
24246
33555
5473
23476
36295
15766
30771
32371
26557
8354
27378
2176
27205
25621
26529
21103
11386
35300
26572
11303
13056
35289
33061
10762
27465
36921
17923
11459
5514
34625
27358
31327
5686
16646
24671
9821
2556
28393
8563
5756
27330
5318
7095
1180
4191
12370
15835
35020
34065
3093
9457
18221
335
15881
27839
32187
1119
30687
33475
17388
36355
632
25697
28103
26208
1235
36465
37534
1598
10014
17996
27747
27513
4240
26199
28413
22071
15134
24641
12453
11280
19638
7718
61
17313
37493
14523
3344
34721
27366
18834
22694
25960
28268
10773
10948
25835
5783
20189
5635
27601
10495
33408
29410
24916
27096
2459
22398
21586
16494
3372
8382
29364
35367
981
16130
26342
5773
10279
18701
37278
34602
12268
12712
28404
25722
20197
27260
27591
26767
14393
408
30302
5353
27340
2374
15627
6740
33740
4006
20267
12672
25311
9291
21013
26334
27716
33511
11940
12516
32776
8446
27288
2847
8560
15137
10068
24488
26381
32645
301
28316
30885
5140
36693
7124
23466
20896
6772
3823
7864
5199
8434
32853
20912
1502
25691
15702
32596
5044
28965
13109
22008
16855
11216
36590
5664
10101
7351
27403
7318
13433
36237
26431
24271
37588
6170
20351
6308
24535
22370
34012
5615
9351
8559
15119
870
34204
2361
12526
8454
23194
22922
10785
15778
35277
31526
21935
34926
7251
25888
26214
10759
31668
24353
24490
7113
32192
15328
14176
21511
10086
16153
22672
5001
2999
3451
20967
8791
25965
24569
20043
29581
28026
6940
5283
21529
32585
30396
27675
12541
32477
16103
30977
29004
5747
710
1467
14224
31006
32188
19175
30798
15061
22683
19598
7219
14349
19636
35061
7563
1137
34232
12202
3715
9994
13706
13393
30870
30248
27213
24198
1212
24188
33934
103
12487
24091
17742
32991
25670
15576
15808
26576
14849
11249
4866
1700
19302
31208
22664
18994
26780
35716
17732
14456
5446
1423
19033
479
30945
10837
21901
14453
854
6025
16282
13255
10298
31301
18131
28505
2171
14538
23892
22502
34004
14140
308
4852
11040
34888
23565
4502
32365
2267
1294
18913
7797
22731
72
24581
28072
6207
20527
31106
21528
34086
18458
10894
15223
7331
10780
16447
28589
17460
4810
32367
15662
25268
11304
3338
17916
13378
11826
1129
1495
18719
22414
22775
29991
8635
11422
32284
36740
13093
13716
20641
6648
36332
19717
32821
15057
25959
3341
11037
7987
17157
4605
12843
33450
30461
5771
20593
30407
20318
28075
14277
24096
30796
20903
23003
16434
113
12484
28768
22344
25164
22719
21410
1658
5880
13445
9014
992
9413
23870
19040
26244
10177
16686
5402
32673
7262
5427
21603
26105
26209
25961
19871
29151
7443
27444
8976
22136
2278
89
19797
19419
29447
5593
35161
28621
14591
12887
33875
25140
27121
29590
15009
926
20315
9718
6353
15906
30367
19042
20403
33038
22797
36489
34650
13076
31435
17434
36011
9273
22110
250
13374
13764
23827
32647
1595
19522
27829
5000
30665
12701
7417
24497
14258
23968
23034
14265
3679
21621
226
14996
24217
14782
4629
5644
30230
2354
8505
1328
14745
26164
25148
24384
2082
8102
10260
29900
13861
10758
15982
12670
25009
28399
27274
19132
19684
5968
27298
13833
4730
21236
8089
27097
14367
17408
3776
33811
11229
4853
2093
9991
28516
33275
20849
34373
10354
1268
29111
30767
7973
14396
3987
26935
13280
30701
31610
37124
5918
3618
13722
9494
6584
31168
7936
37279
23560
29008
35911
3648
36995
1815
2767
27618
17226
10648
31625
33564
17335
5025
11993
21578
32435
16830
34604
35225
173
10508
36137
21954
37233
11335
26737
16604
5233
16037
20517
34886
16390
16836
15305
1296
23029
35094
14911
14722
26630
11721
3613
33456
21214
10414
10255
24832
37186
1213
35689
31154
9193
24771
7177
27041
14908
28583
11806
4808
12773
10447
33131
4109
28677
9410
32317
26409
25011
36914
3053
27282
31934
25996
4103
5660
8885
11312
16793
21350
7983
13746
3681
28098
10467
16268
23696
19949
7895
18895
27704
25461
464
19099
22875
7665
26302
28459
11662
27548
33812
35507
18916
30997
14619
3106
2166
12940
14325
12143
24000
3243
28892
29208
20205
11375
29678
18657
24220
34737
24306
20815
33453
17257
20836
8402
32087
13830
28131
32651
27630
13441
6043
1362
26957
37563
25970
15545
9387
1810
20452
2427
6132
28656
1618
18175
28976
23107
24274
14774
20009
888
21009
12404
28829
14463
27058
23065
13462
23394
4733
25906
20870
29684
15736
35898
21804
25815
25533
352
32739
28754
15248
32955
22632
15948
6155
37674
6728
3558
26170
30198
25512
24262
9213
36084
30913
27468
28364
6847
10643
13527
21875
30969
20451
4732
1579
11176
14754
32520
15469
4330
4118
7814
6590
28981
12197
35375
24052
9182
20869
26350
16868
36079
28841
4425
33160
26691
24218
12781
22591
18362
26591
28572
6951
23924
27157
30149
3847
9309
34916
34580
20494
35568
5212
15337
21891
28387
6343
17771
10498
27790
14860
37664
6109
27055
20657
36526
32231
37453
30998
3017
655
14748
16071
16462
3684
23417
2025
7868
15762
14114
31143
36362
21775
2091
10409
11893
9695
18255
26843
22305
6623
3755
5504
12129
30161
16654
16782
17092
11146
27265
31734
10313
3489
30443
34591
393
20076
969
24851
35082
23787
17503
21810
15750
1864
12766
18822
37225
15735
12199
15641
19864
10708
21498
3011
35056
4517
37510
1743
6285
24352
3817
3398
23477
15156
4189
35208
11201
4028
35015
29550
15032
7389
27576
30953
36800
12328
8696
1237
25738
21200
12811
25261
15219
12694
9827
17417
13403
23230
16276
21591
4220
36699
23698
12482
21721
27500
18069
15853
15347
18101
10376
28857
16877
16656
11703
19860
117
16138
243
2127
34170
30272
35930
3105
21911
20949
19819
21265
35083
13651
15613
28858
12595
22435
2345
37120
35317
2268
22714
18317
16398
19080
2797
639
16482
4788
24394
9626
2523
33517
21203
9997
18063
7153
33209
32494
37161
19960
12130
30966
35919
9164
34042
46
33809
8520
20941
36648
17795
22361
29776
2272
23797
16953
26988
28990
6035
15262
15841
29197
21312
239
14055
6731
17909
16088
13402
36434
28601
7100
1102
1176
9142
18388
1299
29043
11571
3637
29207
33279
26196
2912
10138
30709
18040
29291
14985
5618
36960
15785
6831
26205
11981
25708
8460
37269
25056
37058
15353
17523
10329
941
24507
784
12616
21270
12053
34250
453
25718
149
22306
4278
31189
8443
30251
14
808
23782
27870
2596
14303
21104
4888
8015
18962
35359
30450
34162
29305
18516
13610
27050
6796
23895
5703
29942
5491
7685
5619
24586
37536
624
25429
9760
30772
1907
28607
9011
19559
19505
10585
2773
27953
2028
10638
10846
22858
33052
36556
17233
34823
8230
25339
3521
24257
16030
6680
35093
29433
12979
3253
29330
13253
23169
31254
10473
20362
16061
22027
21496
3331
5842
9069
2536
37409
31291
11669
12097
29218
29146
7859
4647
702
22995
15192
34517
2934
17470
17513
19167
22988
18188
17875
25912
32765
22397
26213
8355
16170
23002
36244
3223
21414
30420
25395
35221
323
29477
12149
29605
1109
7923
5989
25229
5877
2629
37244
8995
7669
34333
3982
10195
23515
34936
23336
28010
17647
20897
3799
34938
22288
30662
1003
25519
18224
23795
11197
25328
32957
17599
27520
15688
22328
36381
23174
30761
14133
669
19407
24248
22069
3309
31771
16851
15103
11921
35683
22636
11376
22612
17394
22317
36989
7670
33779
8008
21342
10361
4577
18203
29434
34935
27799
35699
26386
21146
29438
37528
7882
31267
35736
16845
32885
31184
6704
19528
30924
14769
2312
26185
7758
30442
21385
34843
19752
21670
27896
9029
14016
18709
13469
23711
13628
37403
25358
14870
32369
15850
5247
30034
25331
16711
23305
23294
14831
18754
19790
24124
14541
32186
8786
32760
37430
20547
13319
33995
6213
34702
25081
12674
27123
27860
10211
23027
36014
22504
30423
10281
7740
11167
2774
4388
7380
2787
23579
2599
3596
26802
20375
14098
31991
26676
18671
22793
25873
16246
970
36412
543
1790
28296
29887
24241
29450
31938
21889
33042
13222
18183
3027
29372
32449
25685
26974
35047
12042
34541
21116
2775
2377
36857
19191
34423
27981
13536
20806
12991
12456
15819
17651
27562
17725
30944
14685
541
28419
26681
23426
30753
34474
33709
1980
1020
8904
36626
28495
14158
30588
21984
25206
20300
4401
4797
2235
73
1147
17603
22042
8324
10664
36380
34320
36695
23460
16728
18577
10029
6834
12776
23080
8239
6133
6602
26359
26940
33891
5305
37143
6544
30430
1508
31583
22671
10557
10169
22171
15008
30444
34047
23547
9048
16463
29978
6289
30165
35737
11404
12906
29866
33707
30996
9200
24173
6492
37383
30548
10608
13657
26269
4224
7647
19435
36429
32555
17630
14788
11277
17863
5462
16906
31750
12398
13771
799
26317
2405
25615
722
33356
8286
18642
28398
23940
5624
32646
3111
28815
37333
32970
2649
27857
4380
20169
24829
8065
29102
8424
13711
18181
36689
33961
25554
25919
14895
28144
16531
2576
8108
33362
16983
3784
2097
19515
25488
29938
5576
19408
11810
17413
16680
23788
3379
9971
11240
32846
15325
6341
3416
19733
31658
10222
24716
23045
36687
11626
24144
27029
35309
9343
974
37325
37336
37555
29526
13418
2751
36151
28783
26660
35644
22085
9403
16799
6421
7383
2822
20370
17387
11568
18539
14669
9354
13119
5969
23408
24886
30163
36701
26922
37198
31441
34704
30519
18924
28592
30531
30714
13837
23720
35042
9134
21235
14371
20829
35845
18287
12746
11065
6258
21671
19746
19017
26850
9467
17264
25818
37119
37113
27267
34558
36560
4308
18705
36324
27932
25624
15737
10300
32545
22056
33082
34441
20215
7891
33045
28808
13279
10458
28769
33927
19689
29154
22948
18413
21614
25602
16613
19389
30153
22658
36795
25666
6928
865
31690
30207
3277
36398
2923
5223
5568
11141
16238
30074
15201
5130
5182
26613
22806
27084
5309
15680
6075
36559
32832
3968
5578
6044
33394
2482
6120
6833
37524
29883
34919
23885
10356
8958
359
28690
9238
31084
36561
20199
31161
16066
17490
6597
37622
26675
10387
27351
26235
11992
33601
23094
12422
36936
1174
17153
12972
24644
1459
17628
28252
36281
12954
13526
23629
20177
16732
23805
32530
9027
3548
1900
5887
30586
9043
28708
10403
36777
5198
8172
10941
32664
20654
9158
3211
22259
1023
28287
15022
32271
25817
18852
30795
207
18197
30426
5015
20116
34319
11036
29144
15140
3322
450
25089
17175
1577
14747
10454
37443
36816
32749
31197
23304
15042
15614
22861
36812
18578
32891
4535
24026
22260
19087
36508
8257
33831
28602
24679
13957
17901
11014
16850
2246
36599
3869
17140
29168
866
3218
20388
9235
14858
14341
18564
26744
33919
27992
32593
769
4981
35468
8653
5668
33306
35844
35163
21211
29308
34808
10283
27027
26493
13030
6762
35139
3021
2062
1751
26126
594
7865
16332
7352
22272
24798
34127
2589
18485
32402
23365
7444
12224
10705
37463
12542
32565
18125
21624
15656
20655
7479
33407
6161
33180
14767
23308
14062
35962
14917
19098
27843
17091
26752
34548
27911
36863
18075
1945
6477
12903
34987
20933
11263
6800
23119
14152
3052
401
21217
16423
19999
6627
27765
36241
36388
2441
19893
1145
36114
7108
14783
20921
3557
2750
18956
4971
33861
29368
5286
21493
6191
26993
12775
6732
8261
24778
25528
9737
35108
31499
4193
16577
3950
30236
18447
35685
28973
15002
35378
11610
31638
18274
30036
13668
30500
2614
30238
25116
25857
12918
36808
31667
18328
24354
3656
18903
8959
7723
28552
6707
35721
36650
9204
25832
16478
17911
3983
8676
35017
34185
20293
1420
20736
3785
30515
22250
475
21209
24141
22571
4914
15505
18369
32145
18507
31350
15098
32916
8768
10410
4641
26657
11155
33945
4559
15521
21711
28755
26756
31887
24372
32789
3230
19549
21424
13924
733
29912
17641
21855
25936
15772
29627
31266
1867
24509
19418
8633
14752
25252
27070
8335
29598
27485
33418
13879
21695
22337
35445
15011
23140
10819
23113
12455
12568
35586
5376
24165
12436
19454
4257
35078
11004
34592
34326
7476
28512
1405
24113
11034
16055
9957
36951
20045
14647
1622
23346
11874
6509
34500
29668
27858
9706
24787
18316
3980
20183
19493
27068
31799
2273
28329
27487
7511
27972
30574
21987
21286
14392
13677
21363
16343
12492
13947
21102
12072
6640
17881
28093
4695
18393
15130
4370
27321
2628
18272
17757
13481
13097
23344
31765
26891
33572
17147
10909
19096
2727
8231
5919
5974
25650
635
37011
925
33727
8033
12675
22925
10687
9370
883
27308
7466
35610
36181
3537
11533
17133
24668
36810
29228
33835
36039
2841
27241
30012
11522
8427
35461
28591
14032
27246
31408
4151
2400
23803
28326
10798
36490
14760
12905
14041
28698
30644
32696
36469
13869
32118
23249
20872
24920
12279
23891
24300
5147
15003
4068
13541
6462
26954
5927
33805
34461
25430
14881
17680
24390
36806
30639
8238
28028
6555
4132
31939
1226
31621
29125
12444
33721
8636
17676
3061
21758
940
29440
10153
35899
36065
26187
12479
25292
7333
35371
25557
15186
2753
25110
33127
23412
27586
24466
22553
34637
2340
17448
26524
31538
37026
36232
190
16798
25569
34480
33212
4338
32770
16496
22384
9019
27450
1526
1589
37620
16411
17190
26852
10310
2779
32629
5257
3386
34189
8889
6152
29736
7744
32628
13926
24786
24809
8742
27651
17013
23170
420
7938
17447
27862
35607
35240
16734
18411
5908
19114
6543
37585
24397
31295
23649
12460
6139
33892
8887
7961
23299
37516
35258
24650
33289
21660
12566
6247
6096
7570
28798
30808
23737
1083
29129
8704
26943
8754
16369
10150
16047
32705
37272
18650
26724
14735
35193
8129
36160
5228
14589
5379
28723
177
4876
8477
1516
10807
23252
16619
22506
6839
34058
5404
4685
18359
20928
25850
18244
1160
18021
11178
25748
9135
23409
30915
25648
14286
35028
28032
8273
20217
5403
28521
34433
27884
31969
13807
23690
20376
29021
233
18941
15508
7748
15155
14555
5459
37044
13059
22100
21347
11779
9196
28788
367
16296
24261
6219
3644
26674
35037
11244
18871
36494
28870
29745
6541
11350
26969
13485
31952
32600
16085
32235
11800
127
12747
33350
15209
16417
29281
23360
18341
5817
35499
37079
10483
17464
23733
31483
11642
32862
4681
9501
25106
24279
26908
20631
24342
24896
37554
721
13136
5250
3193
12002
4235
33503
20181
17573
15361
14850
6736
31374
6486
15464
3544
37013
7858
14526
5885
17624
19996
6475
11786
13692
29795
15967
19456
22301
32159
8167
37053
40
24803
25877
32849
17993
20601
26637
28348
12963
8622
22090
5774
7078
13131
719
7457
7771
5470
9084
19484
7514
9106
13318
11885
4869
5107
24632
6452
17429
30389
18445
79
23060
26751
697
24099
4755
10423
28016
13436
859
16715
36378
21307
23683
1008
21736
28804
12832
768
28134
31910
13626
37442
10340
10063
1149
26250
652
34015
24879
16059
33802
1799
32293
10516
11502
11296
35154
34148
9101
15727
935
32549
30995
10642
1842
32193
11293
15069
21337
23902
18170
24237
7487
30290
5217
19905
34052
30646
184
3423
28303
26421
18238
28909
3318
8650
115
30002
36941
9872
26574
10398
18560
28381
17927
32206
5227
9350
15797
24065
19754
29240
22670
1966
26501
1919
16205
2604
33323
9549
17706
17652
18499
36801
26642
17336
32948
32918
30308
18216
3999
2077
27394
10239
4014
20940
9588
17660
8610
33138
23557
4260
17185
21531
11478
28577
6527
8371
5637
28776
29100
19953
8644
21151
22934
9239
37475
2290
11832
19013
21642
10072
16201
27604
27131
3330
22914
13952
32092
462
19639
24806
13939
33576
30357
10294
33003
24424
35183
28357
27511
13613
28845
17288
28862
18928
22870
32746
23956
34025
27007
12414
23916
21049
1770
15831
1814
4956
11666
15012
15292
36441
35305
22842
10503
11804
35528
6512
27757
35002
28992
1986
1161
32782
34105
33083
2648
26340
35157
15215
501
19046
4650
18893
27975
801
36517
28574
29054
27090
32255
15264
26998
32597
6938
34122
9713
17845
28882
33731
3892
28531
14107
2355
22884
4640
18365
5850
6383
15633
6380
31798
7959
10435
12158
19163
823
2796
15242
14263
24513
23621
16297
34306
215
22257
3842
21346
22499
34356
3826
19792
37122
23716
4729
11971
23577
36558
19060
24071
32281
22093
13500
23880
1156
17023
32826
19353
18275
715
29464
9600
28753
37247
1703
32208
10379
35842
14189
29844
14641
824
24958
32795
27302
9446
32777
10907
33287
18025
8922
24455
20594
16905
31149
37693
910
2183
4963
18517
8428
30853
10763
29122
8803
1762
14579
8718
33647
36222
26961
10892
1978
27056
16375
11145
30182
30850
22428
6037
24320
3056
22218
22035
16264
13336
15417
689
956
9721
22478
35466
11113
4372
16389
93
18667
5866
27574
37568
10667
33789
35774
12657
547
27034
35297
30933
23627
31769
31816
7693
22394
32150
8121
25137
4817
14846
6959
34080
34007
2534
3866
17224
6779
31553
15755
32132
9780
25210
26704
34620
16639
18821
9523
2124
26506
20508
25083
32334
2454
30549
12994
18064
19180
11575
10986
35832
11836
16809
5387
2149
34424
26707
10600
20875
3667
19888
9787
26647
19959
33276
26149
12483
6864
24038
24356
34923
18816
12434
8517
28659
2232
26419
29691
8430
37096
15524
33444
8759
9301
11998
26429
34669
32671
4980
29068
11521
20789
31076
19796
7254
36843
37369
16252
34470
8941
12961
31587
9248
30189
36455
1840
30690
20436
17847
35539
32458
21608
4464
33923
21514
17535
5889
29857
17099
2135
30310
37200
18360
28196
28008
21100
31636
17492
25605
5205
33770
29198
4346
34876
28035
25205
17546
4293
29965
7247
1632
21033
27455
26634
29284
14600
18631
3575
15438
8134
12653
26765
11089
28452
27247
29869
35237
33766
30226
14145
4276
16849
11011
21365
53
21372
11310
27660
16058
1432
496
1539
26784
18187
24912
1768
1588
27617
27939
7918
20312
15392
16148
14970
4996
9693
5346
8287
2324
7599
6140
7705
33179
25184
64
20273
26470
36049
27471
25127
30187
35140
15046
18356
23295
32363
6364
26883
12841
37591
15732
14724
37621
22537
29562
12410
35731
27434
4600
16571
6718
8788
30309
34768
11019
25744
12354
23670
16770
30353
23970
30721
35953
16048
8199
33850
33371
28554
17216
36513
17910
3252
31793
32713
23554
12819
19676
7709
28731
6041
19587
11221
11674
15681
30615
20575
35573
99
12621
20425
26094
1120
18810
7948
37637
22467
4960
16310
33585
23197
2303
7519
564
19972
16517
4864
25711
3697
7931
19695
25626
2541
14497
2406
23835
7117
31678
17022
25490
1731
9819
24196
30314
19344
10930
20257
29681
36641
17097
14475
17269
35016
5087
20465
6125
2940
10440
13497
2194
7282
16964
6011
1050
34838
17045
1670
22147
16705
12765
36541
35234
17820
1616
36864
2231
29882
18997
9171
10924
6118
9808
9593
21724
26310
5463
1767
34694
3653
3949
29520
18280
3155
5837
4138
35996
14009
26308
34634
36623
33262
14383
26264
11195
19199
25563
2688
22431
33223
34991
5265
7101
30635
23368
1220
17086
11748
14613
29214
1841
36269
17059
3329
1524
4061
30819
10462
396
5258
7929
11515
11990
3113
24477
21745
32384
4562
27774
25061
34184
22692
13359
36495
37265
12082
19714
32750
29886
4528
18307
10737
23049
24939
27751
3997
6384
13555
666
28484
8554
22010
5731
6423
16641
918
23697
18554
29493
4360
36596
20079
30724
35248
10883
7640
32724
27392
1913
36776
36943
3604
29116
33321
10366
6181
9862
26450
27725
24887
18807
19485
37236
3775
1808
30033
23162
15537
4908
12388
31360
31257
13614
16229
14100
6496
7119
15355
21288
15284
1319
21263
2254
26994
29510
17592
12552
15859
8440
30363
19591
11151
10929
6593
8155
25593
15354
27657
19719
15983
26758
18130
35318
1116
23641
16439
4095
13015
18420
13606
2663
19492
29637
27516
13360
33311
16162
36385
27619
21833
37001
29515
22286
27881
13290
19928
26964
26272
18854
1472
2440
28520
31347
5154
27596
29202
13415
28116
22097
34440
19506
20480
9307
3235
18059
32852
9391
10053
13154
36111
8375
10328
37601
23541
8062
31065
30737
9720
3032
13234
12247
28370
2744
5815
21072
3701
3001
27648
27052
7806
19750
10920
8818
13440
9573
34404
16498
32606
15235
23558
12272
32937
17696
16907
34921
32844
3191
22949
37313
5617
29626
16811
13391
29384
6079
19898
391
6425
14317
4465
20347
21067
14387
25520
10241
35583
27643
25966
818
22041
4819
24452
34577
8235
6611
27414
7667
36932
33381
7883
26706
13812
31061
11899
19169
23142
14652
23148
525
37602
25480
35439
14802
11380
31788
36071
21543
23193
26618
29387
713
26441
12164
12227
26603
30556
15088
16939
7631
11563
27570
18681
27793
224
20358
1021
33493
31800
33393
12820
9674
1664
8154
29196
22201
32654
15291
2508
30235
33114
33816
7786
35400
17198
15208
12225
37670
8366
33752
35998
13177
20476
3880
2802
10175
2055
4520
29983
26286
7610
12977
26785
7916
36325
7828
6279
4433
29512
18535
2901
16750
35889
21224
30712
30211
13330
4105
21303
25381
24222
21027
17745
18333
34797
11623
22464
32075
37033
11776
22399
29749
8182
12744
27047
11294
24443
37410
25102
12405
449
18402
9524
19472
22969
28620
12770
18293
23044
15273
17686
26454
37218
2606
8766
29076
6206
36752
19300
3161
25525
4168
3210
31353
21440
21020
20089
27616
3396
36236
31626
15404
7003
35414
4211
540
9943
15773
447
11545
27013
17322
25405
11888
23123
26569
13568
35870
18020
123
4882
23077
15198
5892
28090
33677
33411
33885
24169
28020
25369
17259
16955
22174
25432
26435
5586
5293
37483
34085
28469
20353
29830
23392
25710
20934
14878
26722
296
31241
24179
1551
19651
6559
23468
37345
13300
28777
31288
22970
35758
19021
33432
933
2081
32328
4451
31722
21178
34179
5682
8497
6765
14588
6294
20587
31591
5350
26238
8601
2023
8322
8426
33368
2197
7979
27272
27690
11282
34819
34402
27750
20666
24231
23331
494
30003
16150
3758
15082
10194
32455
31590
27379
35950
21025
15810
5706
34338
21210
18753
20119
17113
25907
19732
5075
30239
850
31558
32954
25484
19266
33968
16615
16635
14511
2734
7456
29137
786
5775
13995
32734
16388
3673
434
18885
2953
8546
18136
23190
34463
4707
8212
35369
28681
13878
3762
24077
8572
30506
31271
27502
16748
1619
36594
33146
21492
12914
33593
7462
3420
17868
22388
9769
22122
14625
1955
7186
35677
37441
24086
18770
35149
17741
3207
6375
6087
1028
6531
32382
22383
17237
12057
1609
37100
7512
18053
27087
28479
1127
36280
37295
9075
13886
12627
11835
8256
23981
3853
21019
21392
33986
5603
25869
12761
36555
18076
22481
19715
16495
4089
29925
14198
1085
7978
37307
11889
13068
30815
17522
9124
21148
34697
33538
13021
3730
18737
26778
30259
19275
22855
22196
29494
14886
13913
5653
33689
20133
19632
30512
10715
13938
5727
37192
1306
27797
278
25498
20514
12147
23752
16122
13963
18615
26215
9530
5189
18563
24499
12345
34660
7708
12088
7031
8013
12737
29979
25847
9440
20549
7846
12720
32125
21879
20910
6074
9623
10336
20394
37093
16551
27328
17898
5204
20263
23037
5435
23590
32859
15307
13982
26863
1373
37485
19623
30860
12515
12243
30170
23687
9378
10869
13004
2167
22395
28874
10650
35474
35705
6149
7197
21793
6291
8719
15214
26143
31206
23888
15045
36739
3147
4999
31225
19245
8367
34613
1036
2266
321
667
7329
13296
35243
30188
30755
37139
32448
22155
26224
2811
6344
18116
10764
9418
15591
12438
36547
8752
29936
4400
30436
31930
6127
10491
5835
22128
13299
33043
2366
29941
5496
1549
22979
13263
20378
23335
23637
10234
10880
37570
5472
36579
30343
31323
36659
12211
9559
35986
10084
26132
19271
2392
37140
5497
18449
32768
4774
16806
3499
11223
32949
10450
21051
36399
8545
30145
1168
1044
19886
35264
33280
26945
4406
10631
34400
36920
35639
11327
20974
31584
30837
33118
32389
9764
17585
33617
8188
16847
13778
13825
12216
3538
9071
28067
24373
2610
12975
5948
22605
182
32496
9831
6488
8576
27669
28258
26733
14115
2851
25679
668
6661
1727
23493
14460
33953
9065
35137
7820
19232
33905
18773
31552
37019
4986
13981
37108
433
1017
2364
24448
12481
32126
31413
2418
8125
465
6892
14495
17360
34780
9894
17854
13603
32861
6565
11582
4324
5760
14889
30685
33076
35388
35521
20816
34426
5332
6993
7682
27108
8158
9732
32688
10721
8081
28101
24228
10612
24681
35544
14547
25566
31946
34358
1483
11708
29726
15658
12799
5342
35555
24514
35155
30955
34573
24021
18457
22659
11250
6891
16703
14090
14222
20982
21088
14254
18385
1305
27360
32304
11454
9796
6237
34700
31732
18713
7750
33673
16854
16441
13533
11608
7473
26267
10897
3127
22831
7972
6015
25002
7700
5278
21760
35687
34344
14488
14035
25099
6193
22960
10749
29245
20355
26091
1045
11580
32492
27918
25343
21870
10167
26554
12942
994
30260
24396
37334
4158
17168
29279
3864
16829
36970
21851
35315
1332
19433
6014
19787
26700
5060
34952
32306
24525
2493
26363
6065
32006
33916
30785
3410
19005
16243
35932
31050
23734
30094
29695
15362
5750
10295
2997
27249
7555
3948
26403
34542
37500
19708
22350
11198
12251
16230
31032
18533
10214
15864
22267
17272
19237
4507
16704
24766
8659
25304
20577
26222
665
3729
7123
25854
9621
5973
1571
14174
28676
2925
6619
22562
28847
8773
14863
21542
27370
9034
5160
6564
6432
15442
10782
34601
5770
31849
21167
21829
6945
15410
23893
20444
8965
18444
31273
36420
35349
19924
7412
11324
6586
17227
21259
29267
5894
14814
14967
32068
8436
23904
21926
1638
23723
10686
11360
19997
11346
26777
18008
789
10218
4976
7258
31916
15276
15529
28298
2456
31535
36478
5949
30009
11593
36336
10605
7684
25860
3325
26980
15194
3734
17046
31030
26738
35878
27766
12614
17843
26999
22891
11914
16589
365
886
25845
24288
17710
36997
8677
2042
22139
30653
3793
22457
7737
33470
15342
28411
27120
35633
32124
19174
9818
27163
28540
10451
15067
27584
35151
19842
21720
33502
16395
31307
35259
28729
10230
28920
32065
12154
34103
7455
14012
17476
21189
29924
2277
31586
33116
16790
13632
16253
690
29827
12889
23960
2282
11434
12624
5684
33984
3005
11213
19476
4021
1441
24963
27038
10051
28480
30601
5967
21623
6108
28409
12014
21838
20895
27585
16980
28202
3237
15421
33164
2464
21220
37223
16256
32250
8880
11709
16522
21939
21076
18382
25447
30493
17041
18343
15097
17505
5580
9292
8363
18331
24656
13054
26322
25830
13466
15495
5059
13114
31278
28014
25957
23665
791
18428
2725
14057
13847
6280
4113
25573
25368
33870
23309
11929
35117
12716
5928
3599
14274
6130
21478
21080
34303
28907
19869
12601
31083
25172
20429
1195
9779
14413
11570
21558
23059
21741
12913
6208
37523
13370
3658
8003
20584
14522
14312
21613
26160
10172
16226
34457
20961
27848
3014
7547
3773
17310
13138
28664
11226
16228
7582
31981
28982
5145
26124
20331
36876
20127
16322
28290
6460
7005
25487
14991
29939
15339
24717
25858
21989
28380
25450
20344
34310
23643
29839
30893
18622
29796
9702
30679
980
1701
24032
21017
10879
18198
29603
5253
7447
9813
30115
29420
34260
34617
31282
2075
14351
5155
5876
1258
20290
5670
29744
31457
27589
18410
22825
8099
22108
29314
19359
11871
12473
28938
35871
7011
19392
29673
8874
23770
16164
35654
32229
24642
15610
29029
3380
22515
31925
9377
25326
11694
32205
29565
29618
14427
22598
6920
919
36832
20303
15579
32039
4680
31017
26745
29738
7598
34141
16583
23286
19119
16239
25899
7345
822
12569
3317
168
30975
9548
15555
20883
17483
6179
30419
31933
28929
13091
5168
1387
26575
17366
29453
21921
4441
2994
17707
22123
6778
27698
26107
17270
17294
33177
2795
33200
32543
10953
19659
28934
34801
15684
19088
21991
21290
33320
34578
32161
2479
36308
1153
7459
31004
16068
6459
3873
32136
16000
3920
1961
12522
9458
6848
10816
12431
13410
8695
30229
37669
17920
549
2114
37090
4170
23585
36473
31809
5960
13042
17939
29976
35430
20234
13390
9397
8726
3747
23917
20095
9742
33900
18656
6823
36288
8093
24673
9727
11107
5039
31896
26796
5631
11848
24315
19986
18901
3678
26996
26527
37171
7944
25922
11041
32355
16075
19144
32315
5066
6850
2700
6873
15580
33121
33957
37525
11968
33447
21936
36598
35955
8854
12021
29532
10792
23447
14313
31767
11516
13554
3884
29039
30993
17789
31498
17941
7516
8757
29390
387
28915
17999
24964
22307
27554
20214
33390
1184
34481
15250
14571
1698
20724
31298
32314
36377
1994
9798
34516
438
36491
20646
7424
22930
15711
15385
36058
7175
35589
21448
8055
11544
4057
29740
23377
10571
13697
19566
27564
14552
32199
33550
36948
22528
7664
27296
32843
32093
22760
14632
22095
23007
7998
27620
31388
25757
34546
11093
13618
35444
37593
18086
13191
35054
21269
35304
13213
35788
1615
3751
37665
23611
20397
7168
21857
31772
12828
26791
36215
15700
16532
33099
19785
11200
37144
17797
19655
36735
135
37226
19777
9884
23905
35811
9970
35431
10465
4727
21094
18616
26072
10151
36546
11370
11188
36440
29572
1534
17637
3569
18988
34283
14279
23310
13080
5413
13828
2993
30204
34210
28720
24574
29419
14170
31906
29258
34195
1004
29501
22675
2754
25745
27726
7125
32265
24743
28350
10364
11160
32517
33197
15114
4272
5975
31048
260
20691
12895
24754
2960
23961
23592
3244
17712
1341
37417
35994
3703
25855
16285
23205
18655
37480
25481
18743
5755
17610
7381
36339
9251
34269
32220
9707
8674
33104
18766
12511
33543
8895
7442
23026
35196
12417
7051
9365
11677
9676
5192
13158
25360
772
27846
5096
24221
28879
2481
6617
18387
14428
27558
17780
9445
21904
24382
34745
27416
19578
3498
36027
18262
22476
22396
1457
11840
15150
7365
23352
23350
26153
24979
34753
29025
17250
4099
18841
13443
22187
15557
6917
293
27560
15602
35781
10416
9950
4890
14569
1912
14900
17189
15110
12286
7769
17697
36090
10377
32684
36330
15719
6093
28225
29152
21097
28173
22707
856
37708
20420
121
28918
12836
25955
23317
28679
9152
16233
4985
3487
34126
16779
23829
25923
147
27405
37499
1361
37652
10743
1171
12939
3256
7480
15171
27269
26197
16838
9995
23415
32587
29711
25903
37663
5502
32422
23692
18946
27408
2511
2640
31740
841
34375
31745
18376
35754
14999
7286
20842
26467
24543
9321
10666
31375
13275
28263
12996
6709
12743
30257
22596
32049
6805
36736
31399
946
1058
34425
19889
30580
7934
6000
31130
378
22127
18239
18416
2896
35623
4533
36624
25246
22882
11414
31685
26301
18463
7509
1963
12254
15673
23523
37654
26982
18390
28121
18799
3585
15760
31611
16745
26896
32327
27398
35162
15246
28382
24454
16093
10505
16278
8058
12406
18991
2990
21814
9825
676
29354
4636
1979
22474
7276
11931
15907
36889
29802
33696
24914
20879
31674
22407
20975
8195
14182
8001
8999
36459
4033
35947
5965
30131
20276
14930
31819
25775
1112
7958
13732
4566
23397
20322
34666
8628
21754
7717
20682
37426
28538
34475
26885
9116
32081
3287
5401
13256
4662
30375
21430
35086
36373
4736
28302
19782
5940
12435
17872
17303
25302
17705
18759
24031
18469
20053
27568
36423
35311
34835
16202
9747
25963
5363
9138
12343
12660
24938
20469
4885
13622
27883
15713
25129
32094
5900
1485
6855
1042
1477
36477
14832
21563
7861
15503
23889
22079
24676
7302
26979
28118
23867
26830
2330
9666
2044
33902
25372
4297
25875
4761
6048
18744
16440
24649
26734
9295
9686
9332
21059
12390
1818
24206
3855
26472
944
16612
22480
37264
318
19436
13473
35021
8343
23516
7530
6410
19015
23384
33920
18464
31419
16926
2763
35335
24695
13460
16222
16356
11862
3664
2321
5132
11013
26890
9801
5220
26520
12572
25306
12933
18461
22666
20284
10886
18460
23695
26480
4039
15944
7195
24707
18368
21131
21766
29194
26321
11647
1199
3466
13173
22783
33959
26219
34599
31117
1946
33613
25727
12636
27792
10970
26965
12355
33471
29011
24969
19401
31728
36247
16476
25995
21610
13439
7104
24724
19718
3304
24547
23456
18540
11684
32538
29987
30591
20092
24584
17243
9620
3376
35717
5236
14435
24312
9984
31977
22536
13066
19583
31087
7017
27982
21434
13662
8807
31212
22594
27192
34257
24054
760
26587
26723
19461
29422
8518
15263
36383
8708
24429
35500
16814
18923
12064
423
6812
13261
13174
21446
12005
11490
36199
23626
35050
4687
9096
31446
1506
18666
35166
31811
27913
8741
31329
27202
18863
31675
19592
6571
21460
6414
2000
24517
6984
23273
18524
15839
12416
3117
13185
9023
35762
26029
28255
27256
6900
8145
9678
7953
563
6434
142
29892
37202
35313
19120
31699
183
4610
13471
15871
33616
15471
1805
25312
18163
37112
24272
4059
12044
7849
35422
31296
1665
24882
6550
4632
28557
8834
8524
28165
1240
24341
21983
4299
5116
31733
19004
7872
7624
4092
255
33558
1094
5612
36341
24475
6200
10634
30821
24494
24297
1384
31614
9266
11967
10559
26951
16351
14282
36774
12144
9597
32179
17888
4886
6986
3353
37374
4989
37695
2942
31501
26298
1699
16234
13129
12659
29313
35469
9669
4512
31807
35089
33123
15586
2162
34869
30881
3348
36904
27293
13301
34060
27532
455
29470
29636
22787
13100
4758
10419
12238
34751
19657
32423
12866
7048
30176
9563
21345
6494
2646
23860
2876
17070
29263
26789
37066
18861
20479
5513
24951
9496
30658
22188
9477
11496
23894
12078
19966
2838
15553
23279
34538
11724
12594
22577
9612
7644
31676
4383
798
578
14022
17301
29315
160
17812
9529
22852
7206
24436
21240
30912
15946
29535
35329
17249
35052
19204
14862
33103
22446
30416
29377
11979
5137
33610
33324
13404
9757
15995
25144
11917
22194
1550
30184
15648
32731
8915
21291
21117
29135
5169
16912
32050
23095
2228
102
20954
33553
22271
15230
29646
10882
15513
37446
26602
32490
26335
1314
10651
25340
31099
8300
12327
15690
3900
24256
34266
27593
24268
28964
10511
17239
7409
19542
32763
6476
16350
24427
19048
28341
25349
19838
107
34973
20047
24828
4668
1329
27221
17043
10058
30750
28472
12528
235
32728
154
16371
13648
20372
30583
19551
1345
22810
11379
5494
23116
28039
2973
33401
35008
35645
21666
28349
316
34767
31698
19068
11163
15047
31753
24362
2292
31764
33865
31880
2461
4516
20781
15675
20732
6842
27691
21931
13702
16669
9725
27310
36023
19115
9419
30536
20841
9051
9063
29712
2049
2930
20487
28146
13199
6895
22220
32450
15336
34343
23882
12004
33607
1072
4483
15515
36421
6067
27484
24414
11704
5010
15115
770
16699
23000
12881
12108
26378
19025
14750
13503
14318
37332
30703
3756
27115
27259
973
8907
33662
25090
31166
3079
22570
31016
10620
35597
10769
24419
28033
22609
5695
3725
25471
31311
35786
23265
8506
25115
15559
17659
21487
19209
31401
36117
13743
22240
7704
23580
1685
28791
21592
7694
1134
15768
1721
11227
11494
27876
31577
20029
17015
20382
9547
33188
2089
27946
4846
727
36397
10420
2891
31131
12077
2933
34972
22356
11339
24245
35127
13307
6457
10584
34837
9352
530
9368
14245
32476
4430
16637
37482
3903
18267
29539
28970
34934
19374
11444
12990
12750
32881
26093
18559
11853
27173
29215
33220
27352
32140
5129
10999
9079
1565
16523
36369
32636
2892
6186
16651
35203
15170
23467
21731
9716
3887
12353
3555
29069
16622
1543
36884
32189
24347
23121
17131
23436
6481
1179
28807
19265
37381
37398
13898
17586
15857
