35642
25478
18661
23546
8649
29596
16688
28460
31205
153
35804
31377
18648
9286
18747
21092
10913
24493
22673
12941
34125
1668
27472
7592
30261
17552
2106
12807
403
17433
26018
11476
29679
10885
35922
32666
35735
8328
21461
29707
33166
6733
17180
5117
30473
1651
28367
848
27526
31465
4903
18077
2826
6284
21271
30818
8509
12817
5570
14000
26644
15919
25703
36880
13127
351
27171
27924
21738
20005
20915
19994
7774
2128
13220
28159
25468
23004
36939
11320
23063
35402
10804
7902
483
22477
36833
4920
26867
21620
7297
792
14974
6458
19483
31913
20824
37072
21380
4437
26119
34993
33839
34594
29902
30603
19210
15882
26392
7811
14033
7810
20523
34566
29787
9263
17526
11264
35848
27473
13969
28282
16097
35488
13989
31919
21197
8584
7544
37615
6618
11855
33569
11690
33654
1489
81
36337
13163
17887
488
8067
17775
1646
35672
3889
31971
9483
21630
24890
2928
14225
11288
5032
13717
4492
22575
28939
14489
9041
12043
8872
22245
1569
29063
34543
18597
33485
15951
6760
27275
7040
23221
12230
26401
24937
12177
35428
35541
4074
24060
21913
23551
27174
19596
32116
20101
20761
34381
3871
43
27861
36634
27185
15491
33303
19600
2367
19349
28551
24293
32230
2654
12758
11643
17884
33270
5338
24761
9379
12347
18817
16251
6906
16475
5883
36045
7819
16241
11172
35763
8389
8699
9605
21908
36028
7913
35626
6580
33017
36666
26075
26742
23492
16178
29077
16118
33907
19351
33039
18829
35489
30341
20151
10249
27989
2336
2130
18819
4442
23572
6567
22723
3020
1937
37109
18735
4968
36328
10142
35005
27374
8612
5972
9830
23671
5769
1475
31218
11212
31549
14173
33235
6304
24233
11534
34493
15714
19539
8000
28594
30775
34882
34942
14191
33281
24329
11842
26553
28125
16889
22421
10689
35565
30507
13997
31524
4303
37606
8765
6461
7904
29625
14309
8730
6205
8024
11084
26368
32416
15379
26592
5669
2334
28555
10768
33684
18935
12421
22836
20905
17602
5070
17796
1596
13881
12115
10558
2181
14931
20295
27555
18658
34757
469
5748
6606
26649
35882
22015
27475
2600
9668
19681
32177
32400
2325
22164
27524
18105
25559
30172
17282
11932
8743
8906
33136
13946
11728
7759
36042
13110
5609
33848
32399
17667
20064
21196
15403
4697
17323
32212
37378
14712
19248
23501
17635
10729
16453
13948
33096
5183
29616
25161
10199
13229
34415
30038
18764
682
27715
4101
4387
12237
20727
32780
1987
14270
25828
18093
5021
14608
9233
3740
8670
25025
9262
3890
27893
4609
26809
1434
6146
32158
397
10292
4244
32251
24802
6607
20118
3819
1010
11797
35306
21700
35643
12176
9781
33443
17642
21535
33369
3805
23675
11499
24195
28853
31371
19215
25208
31953
5813
20402
3209
26708
11381
21248
5300
5550
16947
24713
30058
34378
18206
14840
3859
32982
34383
21207
37004
29312
32035
33975
26606
10212
34728
14231
14412
27230
36525
30147
3119
15063
34949
8190
22198
36235
5836
20986
16901
1827
1496
19123
12847
2387
1401
36982
19709
34362
16134
9285
27430
15687
8662
27251
20091
26315
22173
20156
35407
9472
15193
36891
12523
34975
4484
13967
13472
30166
10709
31688
11383
10890
36953
36479
5113
30253
19244
32383
33284
6173
30599
25736
31613
22360
12205
34859
382
5569
521
625
22945
21179
30101
14695
23609
7683
14344
14370
24185
29153
2998
14972
33704
2983
17298
16665
33826
22915
23676
1197
9703
27706
12459
7980
18035
34525
37648
13925
11926
2185
5110
22526
14467
27787
18062
5678
29110
21967
6009
29641
1513
19458
15075
28628
19554
13326
26175
14568
32397
4044
26690
8151
1707
8564
4743
11754
36529
16410
20609
32360
11156
14649
2952
263
22217
34309
12696
7315
12738
26930
16664
32804
30631
21873
24421
5149
30164
34315
1643
34166
6903
32528
9036
34398
37423
34788
26193
35837
25010
15301
33644
35814
37356
33991
19832
12076
14205
12120
2067
8075
3104
20155
35217
25796
3034
23233
33300
16337
24146
5734
1078
29952
6013
27746
34678
12305
9582
1791
32570
34123
3439
21604
6547
13144
24891
11649
16004
6322
28596
3595
4456
33724
37501
8978
2792
10789
19412
18644
37472
21462
16259
29340
3486
14228
32329
32486
19291
8675
14322
35958
9481
14120
27327
36715
35997
19202
921
28958
51
17025
10594
2239
32285
29693
35713
7721
37538
28119
2150
17563
20553
33847
36964
9421
23005
6002
7016
26511
28436
15721
18606
14680
31863
20837
30550
7073
4630
35543
10189
33168
24395
35216
35452
33079
2653
30201
5672
15617
35473
26443
12364
29360
29225
17778
36202
25979
11071
3942
23906
26523
27545
30232
29121
35219
6453
17770
27341
8843
355
27699
8425
26062
33348
27541
20473
1435
2706
6441
14494
17412
36130
6351
11775
1657
22252
36629
16487
12724
36866
33666
35798
17894
25255
33344
35524
24994
30527
34297
20107
15207
4945
23873
17640
25078
22910
26084
19667
8053
26405
26827
30128
9963
30421
683
36184
232
11829
35635
557
29981
18254
7288
21274
11913
33694
35460
11676
17672
16894
2979
3404
10221
8395
3686
1066
12956
20991
2301
6626
28799
30901
13598
26133
14096
34968
8992
8085
25327
1437
2778
23259
16825
10224
5735
24714
33100
13458
2269
30279
34329
35033
19531
12846
35852
8592
29765
19510
607
35891
29630
32605
9736
6802
26255
34178
27134
16714
8716
35150
14601
20097
14815
33843
5906
25570
12471
2455
13959
3275
26586
33551
3856
14361
15265
35486
20711
28440
14639
34925
19268
12441
28275
30144
18068
33700
20013
3354
10568
10285
11896
22862
10411
6635
32183
21011
34387
37320
35956
19027
28222
5778
2419
14499
28344
12948
31926
11903
34593
11446
16959
29280
26585
28660
5454
4607
18635
6771
37377
34354
26568
1046
23133
18528
30756
603
19743
25781
24136
32375
11078
26377
26303
31789
15422
23777
29382
7115
9274
7291
14151
16942
29363
30117
36639
16422
11401
24733
24594
843
17134
23881
23563
7856
35946
32468
3281
25272
9453
27210
13911
15249
37256
505
31433
24672
15608
30155
22889
19604
32190
11174
820
6106
14169
26163
20548
30405
14084
34217
5500
37690
12114
28961
5282
36218
418
27910
14828
28374
37382
32803
3366
31385
37575
31960
22991
4131
2474
3530
6142
2927
3129
19139
22321
28586
8816
29165
5249
30042
21964
6131
33668
22789
747
33313
20608
11117
14292
21114
12096
2533
32052
8715
621
30292
6828
36578
13813
28793
11506
18137
26374
15632
2955
24210
15500
7359
24042
9948
12702
10026
16357
26049
31961
22044
27128
30629
28945
22548
21925
25837
20128
36426
2141
12580
947
13505
23067
10022
16893
28356
33999
6042
22098
2558
28009
23073
31652
9046
32620
21173
20769
8203
13488
14528
21053
5136
32200
15855
9511
26978
36788
23702
27696
35328
641
29799
2371
24303
35726
32868
18979
34864
11115
34624
29940
21996
6184
22445
36119
32242
7702
21978
4931
21016
13149
29028
27756
3571
3977
15056
4042
4698
34374
26460
37432
11673
8911
20973
19799
16392
18839
28246
8890
1290
34729
37439
20363
31602
10344
3236
4376
21048
31190
36976
2370
35570
34681
36229
4421
30295
4247
36370
29229
35141
24537
1522
2970
29449
6145
3382
26468
35992
30793
36591
4546
33571
35411
569
33823
29243
2588
31095
1141
12899
9131
3195
14028
3491
28782
34073
11026
29718
2451
30914
37625
4584
23464
31490
18259
6241
23021
14150
31794
28327
16556
6866
15605
36354
28336
11074
10372
25740
2581
25122
18677
20647
34759
34468
21544
30270
17170
3872
33486
27588
9675
37509
13546
21119
23011
19136
23639
4292
12671
1393
18846
1243
32990
3321
23189
25495
24170
13380
30533
894
17670
32692
32625
6933
28833
15432
16941
9060
15976
5654
5688
23287
9132
26162
12860
28318
24059
2937
26651
36387
34618
12898
615
2965
1455
29331
36727
14375
28950
17195
14296
10031
10139
7793
18881
37271
20780
37452
22094
37549
10210
19813
22206
7575
7701
11354
35098
30695
23445
11323
20564
26376
23272
4204
6992
22266
35867
32440
32992
19541
16144
4979
6610
30097
29719
9341
13032
2496
22075
34465
33458
27287
34262
22544
25729
8334
4916
17001
14132
21647
32828
26194
22669
15435
27117
30048
37088
15784
6646
7037
12863
1288
17057
15224
16987
12533
28195
37502
7990
8884
22109
6853
15531
6589
33253
19844
21026
11543
35464
1562
16503
26092
29369
16840
31959
17265
27743
18
15104
1652
17657
5699
514
29273
23228
5341
23742
31858
23153
34112
3265
9595
19849
16948
23180
30596
13150
2434
26866
1914
29863
10282
22951
15564
24880
3528
31082
28736
19141
2398
742
23846
36000
36581
11672
30010
22582
19030
23428
4466
16540
7743
30483
5781
32938
25555
10337
19403
15823
9915
28625
34898
28930
20825
24265
32682
20640
22600
23655
34413
9584
23323
26984
17094
37613
12805
36913
25318
32823
21768
36565
20495
6442
11747
31983
6301
8914
33439
13965
35059
15783
24936
4494
3432
13858
36395
21180
29446
18548
12241
16603
7077
23108
27903
3238
2327
28901
36143
20615
29391
11996
8240
14072
6235
17942
27178
25152
7137
16339
30647
5284
27262
3966
16742
30492
12389
21924
20734
18319
11536
23603
6190
17166
24815
35178
17715
24565
27160
1419
17972
6653
223
5455
34084
28748
16456
36240
12003
6138
2582
34349
16076
25545
27442
23930
15333
20619
451
35066
29763
11287
7772
17597
9320
31940
11803
2870
4875
19019
35286
21805
12301
36198
28942
27362
32086
10521
27290
8740
10338
9777
21298
2448
19917
10564
22053
5539
14854
33360
1350
35862
5826
8176
37590
13710
20568
1449
950
6261
25219
27693
28154
3945
2469
33437
1847
19342
5146
3809
2635
23488
29694
15141
8678
18775
36152
28742
25839
16334
14273
13244
30836
17401
14441
14801
1048
10679
22265
27222
13685
32562
1957
31167
10456
8606
2546
1024
4024
25695
4619
27089
29022
7526
9579
30119
7334
16990
9522
6100
11579
31015
27943
29697
3347
36966
9021
5715
537
23942
6806
4212
22262
20204
16993
3525
33849
33333
32316
3448
26336
8068
17286
15382
31086
5124
37560
28978
4133
8480
2421
10278
13699
36922
12687
28643
8861
20253
12618
5068
24251
7576
37022
23134
22622
24080
37437
24924
20014
18680
36334
1954
3143
26026
17082
7397
22261
13133
36665
28086
18673
28692
16916
5317
35250
15367
28147
1547
16237
35993
6218
33011
31856
35269
15558
6973
22040
12184
23944
34079
12586
32111
1843
26783
24236
10730
25038
29595
14797
28670
35771
34970
10407
24682
19828
34817
24114
8095
2095
19256
7855
11397
4773
8265
27322
3807
31025
34865
30718
6156
32886
91
15228
30886
14221
37642
8950
34528
27187
37576
25767
6647
35888
9768
17566
502
19034
36450
25680
9645
25021
20747
7912
23185
29246
4422
2070
33921
11008
13376
5825
26387
30459
17051
8220
29852
18907
18519
29633
20692
8045
4284
24309
6440
28416
29413
735
14298
11432
3240
14773
29767
19378
26870
28609
4995
12715
10560
33435
26281
30355
14912
17836
13194
15256
19322
5917
9526
2683
5
27940
6069
10415
7816
32040
13727
23459
19184
23936
29091
6366
24385
16186
17879
36025
8767
30874
23513
31191
37231
4077
4327
21482
1208
35944
25647
11134
18521
19160
9741
20804
25400
11949
275
18297
8109
9211
21826
17167
19081
33526
9852
21888
27207
12665
26825
5634
3456
22635
32418
28571
25380
22587
12858
4359
23635
24045
36100
35881
10033
15290
31605
14907
8739
11805
6808
16249
22433
18497
3270
33589
34939
15126
10290
20908
36910
31100
9053
34340
37399
32942
4225
30530
17824
10347
32404
15279
32541
1729
11559
30386
15210
9886
19239
26013
5950
31460
20924
29831
31871
23531
8304
19487
33680
7156
9546
29919
34202
10975
30039
27488
31069
10400
6751
31237
34998
35795
23844
24495
2088
6675
22778
14995
17844
1530
29345
12988
13751
26314
4097
31140
26571
7374
29247
26563
4927
3591
37191
4820
10449
17882
23054
4365
25861
32518
32669
33548
34903
27646
35585
23395
33755
13048
19806
11762
25402
24092
32321
2661
27583
34095
10719
10348
9223
13660
21181
1778
19534
14982
25344
26008
9008
6021
19230
27211
11179
22237
19423
29318
32866
22917
28980
35822
25319
36302
11907
28854
35018
9231
2220
7091
34165
29322
33782
13306
21099
32521
14998
23208
21539
19975
1221
9945
33187
33065
26411
25183
16309
29743
4841
2879
28345
36575
10745
1763
28733
25257
30962
24010
13379
5790
24151
7342
15528
16374
19751
27654
2299
11961
16996
20661
6281
29385
33769
85
19730
32245
25890
30326
6826
19078
11866
35230
14212
19880
12240
22982
35551
32976
27607
30803
19687
2843
19449
36294
7543
27155
26859
34511
29423
17370
4537
22117
31637
21970
28549
18581
12838
12612
1887
28177
16158
33036
24445
35929
10518
17853
14192
842
19507
34918
2950
33904
2458
7000
25636
13489
26926
7103
983
3146
20996
25526
36098
16172
9192
34163
21561
35971
20085
34950
22243
4749
1754
9430
16574
15234
9985
26057
9190
9575
3955
30816
14021
35712
5170
16710
13137
16408
24112
10191
28654
16127
14304
14217
34559
12080
14210
14574
37527
5720
35776
33542
19134
25841
32370
12936
4769
22303
20639
6511
11007
33623
4849
21000
6821
11279
16789
31436
30739
737
7314
5173
18739
17248
22975
29651
19571
4369
12806
8538
5031
36961
20424
21133
31234
36051
14590
16292
31262
7532
1107
555
12902
28257
6296
21524
27026
14038
24566
15706
33686
134
2535
25862
15475
36628
25659
29268
27353
32032
11317
36364
4357
11653
31041
29253
21672
12604
9734
16609
36073
15258
24740
28292
31079
28161
15283
26204
26004
9089
10795
19267
28448
19845
29663
34252
27424
35969
22763
1740
17614
6912
15575
26034
75
3041
28458
6596
30935
18783
13120
19328
3315
36848
19793
19234
15954
33226
23608
30871
32909
11143
4975
30173
8928
9898
13752
32135
11039
15078
15015
623
2814
23383
22592
5244
2748
12848
35622
13998
1318
32691
21773
34638
21850
14403
7569
1512
20938
29128
34035
25337
7739
36320
31403
29884
22377
12982
36647
7597
14694
12001
18674
15616
10626
1358
29798
16707
9404
6137
8064
21157
31759
23434
8621
18408
12278
4868
5460
33808
2624
11236
2050
25596
8349
11632
18515
8415
26369
12274
36704
6934
29251
24889
2981
13920
12872
495
27769
33385
21725
20786
34820
2379
9153
14469
34749
16033
12330
16479
15439
9955
17440
6792
23975
14611
20144
8837
37157
34688
14372
3850
26621
17011
3445
19170
14633
31730
2823
36539
33414
23685
23307
36154
17010
10574
35397
22909
27854
37631
18037
13267
16973
1013
31671
22378
30487
26955
29850
3662
25496
7348
2593
14181
37341
33496
2014
7491
33055
27498
12735
21494
31592
36408
25431
10141
27655
30035
28565
23658
19364
37645
33378
22698
29015
32294
32974
15630
33944
18584
9694
28456
3713
33171
681
24627
32904
9004
679
22494
29310
2768
33020
9324
30959
11695
19916
22766
8943
19286
14452
14047
35360
16765
9942
18493
24008
35067
27069
11431
25654
17154
10457
8346
29537
21425
21907
486
372
3877
6211
2329
9109
16579
36026
12785
25664
35220
4086
26639
20835
33857
7753
8307
32653
20066
31994
30496
1468
25836
914
29632
13401
14449
32814
26212
12075
25285
22462
23980
35653
24058
4848
739
13168
6271
17611
10831
9038
3431
2716
2893
2761
14848
5366
11886
18860
11417
25843
37156
28781
15603
1336
22869
23943
32174
18482
27093
22466
20249
13167
6879
27371
31306
467
34263
20456
37153
9509
18652
12537
16527
785
26115
24953
7107
33001
21047
21063
560
34294
22318
13014
5078
36148
3906
16888
34510
18337
22864
30078
36662
29338
11569
29935
22770
36707
18779
16327
9195
7136
10933
3156
32897
6470
14395
10791
29528
11283
8569
15547
31010
23035
11308
24588
34089
19847
7035
8137
9119
703
28684
3214
37075
28526
3957
7659
32567
20220
27278
34639
5922
32209
18534
12489
37182
13860
2743
25589
6313
31417
28267
35447
17071
16526
19650
10479
8853
2769
20681
36959
26294
25040
8611
998
33023
27389
25092
9406
5921
14894
34437
1352
33651
34988
20776
8007
9873
1053
33976
8279
37365
14431
30193
33949
16630
19128
30989
21917
5261
28641
7837
5878
8731
18626
23210
3964
27083
24843
17174
17491
2373
17666
9412
26902
24299
4549
14841
29358
33335
13900
22418
29107
17135
4396
36514
2834
1155
20953
26128
14326
29876
35858
17088
15320
15348
19183
17600
26345
35287
24085
26040
13678
16403
32352
5812
24412
26007
19564
1832
6112
2514
4717
25612
8802
25213
10236
32473
23953
20739
37062
37257
11847
26533
29222
23850
24572
29303
2430
7461
15692
33862
4964
4498
16995
32299
15924
35038
28991
6471
630
14529
16437
12587
31007
13864
28192
17819
7612
3094
19284
25180
9159
23789
29761
20409
5794
20496
18178
37078
1849
6310
25953
9570
23321
508
9842
32031
11058
30342
15733
25772
1996
4289
25630
9179
5522
34304
30780
5642
4091
29457
35991
24777
7711
5910
30376
34359
29408
14702
34802
8301
26771
26279
14586
17029
1859
26577
18729
25933
7321
23128
17106
33434
9484
5076
663
14267
9601
77
16313
36179
8142
20450
17075
12493
14083
5188
28851
17018
12748
33201
1064
36992
29130
2460
14353
18827
6474
27276
27226
26333
26254
29753
37280
32493
1378
1877
4725
30359
23269
6829
21784
16899
158
4560
15161
20650
5543
31838
6830
15179
32576
2584
10536
27209
7616
19973
18351
2152
31694
7869
13486
26581
24610
20810
22699
1910
36384
31363
9979
19744
13385
17555
4452
410
36177
20834
6063
25039
28843
27339
7320
9566
27497
8707
25214
32164
3698
10401
17518
10621
4393
975
16729
13637
25806
18837
28913
27592
12249
16051
32707
1227
22412
24500
6913
28324
18164
24628
748
27420
35415
32417
35807
9146
30740
9879
3063
19666
2442
14920
5947
9980
9460
1903
7041
13252
17689
10132
5356
13540
11125
28701
25981
17437
13018
37564
11429
25387
13156
24758
26510
30366
6817
29523
26562
23497
8661
21813
17918
27012
23963
14969
3986
16726
30976
23217
10619
15874
28937
2708
31235
21941
9208
7492
18200
9790
1283
6427
5063
29108
19014
27788
11692
5405
20168
20384
15899
2966
10124
10128
8456
35869
25019
10165
9770
9448
14530
15302
34893
32411
15862
1182
16009
17080
14689
13072
19127
10163
28859
24120
1584
7317
9002
13782
22024
10459
30704
20546
27921
26682
19207
30017
5980
8410
18556
25375
2863
11897
25018
27499
33541
30352
14200
20792
29861
10774
16701
34134
29316
15827
16079
21437
14465
22701
21306
27073
6192
28575
33626
2151
15204
10140
10438
31018
11325
19697
12576
25253
36536
15094
30987
7243
20271
5232
20400
9887
28352
472
11281
31582
22065
16225
6716
10906
36978
5074
27075
25166
32430
6603
31943
23833
9094
16834
13457
23543
9651
31866
24708
34651
13974
25013
8044
28824
2250
4096
3709
35904
13736
8330
29394
24175
34907
15128
16376
13223
32635
25993
31679
16820
37195
29190
24980
22064
15148
1154
15856
26663
32349
22678
19958
20216
32173
32313
22854
1639
37168
7789
24415
25676
17496
13197
12679
22593
14202
35490
30462
20289
16585
14777
36870
19388
30905
9247
2035
31817
31021
2867
109
36044
4041
22277
2924
10628
20224
10610
28872
28541
10598
30431
12514
23315
31494
36234
26933
33840
37579
21684
16727
13337
110
28644
3612
36630
9834
11596
12854
26399
27565
13361
2874
36481
37040
23471
13517
12826
14959
14040
8755
25946
29816
23430
6676
12755
28340
19525
25201
15462
20147
7557
14360
8283
35090
9202
28215
34013
15565
14544
18165
32812
23861
25682
25410
13734
15014
7497
16271
37106
9625
28205
18785
20230
11768
4552
18433
4356
33499
11574
31325
1795
13086
28443
12518
10871
12797
15965
8143
17315
3860
29071
2470
9296
13604
25109
4877
31421
2157
27239
27177
6683
8306
17378
9543
33705
31001
33758
14682
12193
27895
8531
4645
4375
32820
27048
29256
15533
14300
30194
34733
28657
34826
14918
23907
25179
14266
23533
32290
15031
4295
16895
21457
11557
1068
2338
35901
4838
11112
36004
32505
548
30651
13118
26932
24286
30830
20818
36074
22962
1146
6528
506
24281
28727
35856
19049
29840
25041
6454
36360
20873
15854
29432
20665
35192
37546
10658
3043
20048
34766
21205
34870
16976
18172
15957
37028
5525
21988
35387
12298
30111
37215
18972
13914
18395
16933
16123
19825
6248
546
25338
29810
7629
15217
26448
1617
966
4929
26081
3006
6335
20600
4455
24663
19931
1895
8833
36711
2692
21505
14301
32009
22379
18646
22769
15358
20985
23150
19722
3411
34321
24164
25082
6742
6877
36632
9507
16876
30873
3107
28371
17425
513
24383
10215
27462
26373
15138
25974
20950
21232
14109
27496
28537
19149
23012
9236
31530
37484
35215
11738
2468
23418
22695
26112
23645
8903
10497
5380
32248
6685
26517
30946
23096
13029
33396
34155
22709
30498
6999
20753
24089
5128
31244
28248
5891
27313
14190
27914
7234
33111
16338
28595
33291
23440
27367
14719
35247
18061
5811
24775
12722
34804
1838
7411
8361
8465
20589
25136
1252
19939
6690
2008
32590
14779
25507
3741
22315
62
28477
14566
28189
17654
20735
15884
29418
5841
22525
15405
19992
25119
3333
7550
18889
31768
28486
30468
36587
3408
21852
36797
8348
15185
20538
19628
19918
10262
13909
3546
13395
30811
8750
6651
29089
4362
22400
27289
5627
15815
25504
7377
3874
34863
5271
28878
31043
23486
32097
28618
4364
6608
4657
24467
13251
31391
21515
10427
35755
96
18473
15489
21050
6502
13313
25403
2616
5094
32045
24079
27107
14751
4762
30956
21292
34769
32602
4529
21665
20124
4839
10015
21175
8913
19932
33132
16668
33044
10988
879
512
27776
7903
2192
16812
28170
1563
13915
29862
589
36734
1011
20911
654
31948
13621
24974
31434
9811
15288
32988
26134
19770
33441
3893
35780
6523
10767
36365
5133
35030
35743
13802
14944
35671
22465
21753
19089
28158
18441
22419
28739
27257
10961
35327
4723
25130
13139
17681
12306
3442
15112
35608
2011
14558
18041
26260
15100
22447
37379
22373
8512
8724
16539
6769
26815
30689
19464
3377
28043
30540
6566
35024
28775
28405
12030
15398
36282
20485
20314
891
9181
28283
20560
4319
32633
36210
24702
19299
26936
30469
4900
14980
11471
20035
9843
22014
30865
30745
11958
13690
37508
6595
37396
36836
7654
18811
36075
13354
6054
31864
3978
9255
31632
14948
16365
33822
32693
13670
22333
13814
18067
30274
20288
12985
29899
11054
21379
27113
17747
17897
8214
2562
31070
20325
248
29705
31564
9270
15903
30590
2598
2636
12957
755
20395
15572
3933
11750
2524
19277
33910
22338
26372
32579
10461
23489
19383
21249
17054
20446
31064
12034
6332
36606
14545
7384
6870
6467
15175
21990
30148
8405
13511
16784
16683
18250
1462
33318
27984
4173
4249
33606
21101
12751
27933
6706
4826
30312
6270
13400
31905
14655
2619
30587
16361
24619
17100
650
35652
10081
4792
33095
3145
8049
10437
9489
21579
795
1284
33523
5933
242
25098
26131
5535
35764
8646
6030
36386
36488
7402
28199
32101
20966
33587
20750
2603
8124
27519
34483
3273
13198
13535
19108
30983
23915
8590
30902
19145
21751
32670
31563
24909
30400
15146
20371
6336
34597
7273
23978
25177
22784
26889
15236
20298
24137
29980
35629
25548
20466
25797
14662
15621
4708
15154
27
7824
21962
1972
20350
21807
23260
18332
21843
11625
5529
18284
27135
23202
6099
19071
23682
10122
36685
2808
35787
7870
20795
18672
29034
35436
5886
35079
9858
18636
23016
34686
10470
20625
8298
17713
21878
2549
17952
8550
11063
20472
33429
14455
27443
8206
11247
35124
10697
13862
37597
35298
37206
3040
3770
32436
16640
29174
28687
18763
32993
20226
16911
18965
36813
30205
3283
14102
32522
36621
31815
33063
25562
10583
10257
24788
16565
20988
12891
16971
7534
34242
12308
28094
5022
14935
31603
15118
28259
19228
28877
28193
25983
27231
14855
4269
32225
18897
7094
33024
4726
25287
36223
16518
7433
36615
10188
272
20461
15444
4420
16236
33204
964
1488
6368
17318
26561
18844
7724
6220
16007
35456
9427
2696
9032
35941
36554
36259
15393
1317
35596
6275
30171
28979
28465
13412
16554
30174
18882
15604
34102
34367
22116
11191
33685
4638
11096
17486
18209
23596
2
29065
12061
12194
33980
6971
826
1540
2444
21690
5728
24690
1177
33248
4617
31962
12392
4678
1580
9640
33047
5554
12015
25590
20511
4597
21656
29631
20426
32856
11549
28651
36115
3168
5544
30879
29261
29375
3370
27410
33791
8618
10754
36694
25662
7231
36109
36925
10671
28217
18587
36021
36452
11809
31027
19694
21095
26860
37128
22148
32338
27710
6957
33352
13455
18912
3639
10057
8809
3336
31400
20561
13293
13123
12554
16171
26055
29896
16452
8319
36017
20808
35351
2123
13078
6720
12266
15327
8063
24338
20414
3851
24684
20998
3879
28003
8898
36894
26462
26320
31741
17703
32959
1777
36195
1944
34676
26249
4280
6714
2676
33383
8433
28702
6242
14368
20262
125
20513
7346
12559
10399
32122
32822
32989
31949
18038
30648
21034
9334
34028
33528
28100
35194
31096
15452
30856
18435
30684
27985
28548
17406
1706
30766
11894
12669
36631
32286
19910
23851
27469
27916
31163
35084
4231
30521
26882
22002
279
20957
37212
2017
6273
26666
7807
11970
36061
30877
28902
31049
17062
26543
17699
28239
24630
34366
28867
2559
6929
30305
807
9907
4221
26960
19524
24323
11565
10740
34034
34458
29720
29081
23349
2913
24842
11342
18879
13757
7330
31480
29343
11164
6558
28087
36612
10382
8671
26807
3532
33710
2191
526
17418
1099
481
32479
10061
9591
670
6329
20270
245
15814
12309
20726
1654
22159
14916
12102
32001
21503
27986
783
13069
18618
36681
6568
7165
137
17613
3044
14892
17493
26766
4334
26266
29348
9679
1415
17073
9389
12930
21309
36542
7768
11153
14143
20989
3876
19385
27085
31857
9066
13577
13239
13281
25603
22291
3071
18132
31081
16113
14561
13355
33825
5665
16333
27028
22432
4620
20478
10417
37060
2445
29270
6553
13422
18687
10887
7729
1906
32827
12145
26261
19405
35785
29742
8421
78
3496
6832
18220
26135
21433
6975
15956
26223
2507
9117
33621
4694
18392
14766
6088
7495
17883
2134
11411
26797
21915
26829
11103
26442
878
10170
4106
2432
16346
33021
32858
34231
5131
22423
14302
19556
9172
3276
7932
28218
20913
28614
5738
2066
25301
34584
37473
11258
32674
30233
4259
16900
36873
18417
20261
3961
12728
23810
14718
29628
31616
29324
5206
26710
15830
4027
19194
30156
18561
3154
9393
20245
21275
26619
3108
32356
8005
19116
32573
20552
14037
18285
11150
13703
17950
5573
18148
18501
10433
36562
7180
10579
30920
36102
33072
2932
31126
18380
21169
19829
8192
1281
21882
27809
23738
13663
12550
13545
16442
21910
19037
31135
1026
28503
29964
2390
19647
6787
18024
17258
4349
34277
25864
297
19859
36256
225
5266
20694
9505
21890
2217
30642
21912
23952
7098
17807
27894
28079
3407
33804
3008
32965
35691
8171
34216
32447
9006
24423
37629
2065
31029
17856
17375
21115
8114
29797
13217
11636
11273
32748
26824
3216
10049
29948
36312
10627
7250
11891
20798
23989
13977
26158
31760
29250
17758
1875
23744
661
21661
23756
31821
4460
29865
10997
23594
435
11911
26685
234
20135
22255
23754
14893
9045
31488
18277
29660
13009
27557
31721
37641
17353
27240
1576
26540
24153
12507
4081
24906
10001
37594
11029
32378
15196
37422
30275
32529
22001
13193
21141
3831
13973
16405
22226
15747
19707
27461
37361
11262
21847
24442
9599
22420
20556
34958
1091
24510
36847
9577
29143
20454
20645
17386
9805
26159
32900
7539
5048
18628
4983
10480
24725
21518
15055
33431
28314
10976
18311
21679
2505
32931
14218
5860
35348
15598
17050
6791
26886
5758
6739
30384
32564
12638
22688
2202
22202
29775
12412
22994
31918
4867
18880
9315
25288
4588
1254
5295
22224
21900
10293
6534
738
35728
16685
11727
25396
25628
32216
11064
4306
4087
3078
37431
26786
24024
5197
10092
4336
13371
21421
20687
18755
26701
34858
24439
14938
27082
22684
8544
24176
2825
32091
21757
33529
29406
23457
19839
25449
12411
20233
34531
27527
21438
13088
32933
29272
4858
2805
5186
13444
3355
28253
4100
24290
32679
30814
1418
8128
33643
10796
31285
15122
30152
19941
24207
28096
28070
30268
28837
6882
31766
17277
23985
2332
9408
4184
37675
17761
480
11955
6236
33962
8079
27453
34897
20212
3875
19315
26020
13643
30118
12420
35160
37131
28588
27525
33172
12698
3689
37467
11820
23420
708
33155
5294
12856
6121
394
1303
5547
35291
7900
11945
12017
14203
22906
21032
34098
4972
25683
18282
1277
34438
2260
28667
20716
25969
18230
13684
26531
4965
34868
261
618
13277
1582
3072
23155
6861
446
10611
28145
33216
16559
5297
23772
34735
402
15076
9938
27853
22055
26640
27281
19721
18418
37104
757
25834
31782
20040
26434
36883
32277
34590
11472
24823
19295
13315
34308
26031
10105
36988
7265
31068
3012
24266
12020
17934
16300
37561
37412
2380
13964
4251
15918
9049
19613
12736
6696
15351
3305
2190
14620
27522
31818
7790
597
35332
33943
9486
5273
19815
13575
22118
1172
6655
23869
19272
18315
23181
27139
21
3375
16082
2233
26456
20087
18788
15520
17948
11706
25542
19913
25643
34654
25998
3811
12875
1424
10520
345
24511
7775
28972
17423
5177
10471
16424
1507
27315
9363
14592
12069
3367
24968
17714
7452
21310
19150
22514
22661
3077
34800
37577
7881
23923
20417
26848
13
33667
1417
31251
34264
7407
17371
1289
37551
10096
37557
19051
34977
3723
340
22623
23253
31585
13962
10682
32036
3153
23333
5598
11605
20638
23741
37691
4389
1170
37255
32274
13102
32893
3409
573
2219
25376
25060
14184
8221
12285
36747
13791
19129
25062
19710
18033
33951
36359
32950
5238
8076
31495
28236
10346
2174
13053
9653
29703
20992
6803
29078
1846
36187
21927
30805
29141
17290
37327
3023
7696
1347
35027
14408
23758
20398
4831
34738
7968
33750
7019
5421
12725
36749
6775
23014
12183
17971
7216
35347
962
32218
7385
5425
9851
31924
25126
25827
10444
11508
19685
21449
2911
28946
1315
10588
18748
9313
34207
19101
33178
12999
36769
11062
9022
34466
2214
16497
7360
8558
515
5931
29533
16060
34335
6416
23362
25413
9931
5243
27161
1490
34711
2563
28669
10303
9221
10540
33108
5046
25004
37689
2309
11030
3007
14808
9260
34775
979
35563
15973
5414
36037
18243
30641
24047
6943
17435
205
32182
10005
1803
4994
29454
9503
13324
21314
10898
20237
4344
21325
28313
16535
26466
26636
32830
35701
13770
30930
30150
24975
2791
17304
35801
16626
17997
30855
12925
32618
9606
33596
4182
29468
11351
16323
9415
2772
32046
35666
31261
36879
10223
30350
36082
3605
28401
11652
35278
15642
8380
7292
15254
19491
31196
20501
8744
92
6315
27382
19319
576
12809
34902
32388
31389
26157
34011
237
220
5647
32550
9399
14749
33582
3909
4572
29048
30762
11450
11136
31160
10404
26683
1295
28019
32437
34896
22803
7074
4671
466
8396
17944
26952
26277
13208
11656
26887
20042
32014
28686
31579
22585
8702
24426
25886
