84
48
152
85
2
150
116
136
80
43
75
183
184
122
29
229
139
158
137
66
145
82
233
56
130
164
41
25
35
23
90
24
205
120
73
131
78
77
191
70
58
91
180
5
112
13
212
140
127
20
126
224
211
199
236
109
175
195
102
147
88
207
74
42
214
110
156
27
79
128
94
99
159
95
138
36
153
52
206
148
32
129
64
119
103
114
174
235
63
100
117
71
185
26
16
57
53
141
135
21
142
47
217
38
124
72
208
9
151
118
167
194
216
178
7
18
108
196
15
34
226
189
154
39
67
170
187
59
22
51
168
19
201
162
225
97
76
181
28
107
165
163
203
230
171
218
61
115
98
200
198
132
227
155
134
179
144
221
50
190
46
197
125
55
176
83
149
113
40
133
123
219
62
10
202
60
101
228
232
30
160
86
93
69
104
204
143
8
146
11
45
210
68
177
161
14
33
169
188
65
