293620
206118
393185
58444
28110
11690
533981
522680
88851
7063
240887
229907
35903
184746
379155
125372
279675
454269
348455
70955
244409
194611
214382
17022
76510
395320
228798
28264
328907
336593
145159
404804
442782
155439
498452
105374
405341
225278
479341
223798
136815
314471
70490
399322
479899
189097
252404
280110
457358
250531
283916
60934
486724
398947
388302
324351
164595
153705
199624
175906
404439
347011
408886
304363
410858
366604
81028
257782
64348
329853
331606
210058
11806
529539
81772
74560
226349
249420
177386
421592
199960
368598
321357
436594
264228
526975
475840
347715
149930
267354
220959
439805
519864
509928
104070
249785
444964
6879
434215
71613
