54736
9505
196996
264428
182859
336084
149245
484077
74147
212083
312041
336917
511805
463678
227442
183153
252949
310172
177886
108864
18941
415771
207393
432380
311914
480176
347114
436953
451001
63571
320377
143221
136591
455451
38047
124965
465608
228971
399996
400678
510494
398143
527305
432859
467912
511192
37332
389564
150989
235109
115093
318783
267936
30261
58316
160184
528058
220443
182664
240695
356773
502212
357552
377552
496396
456873
92064
529915
32959
410492
394935
2937
100417
157997
98111
303711
158572
457025
489377
329472
45486
413776
346322
355009
282457
361554
256998
108969
109272
53954
470230
422679
461826
289684
175655
8847
318240
146882
355758
401087
49934
485364
6425
438990
103857
364190
172669
404376
463897
271019
95223
375071
83106
376200
129887
222525
473690
28218
251950
258398
475279
142822
364801
283193
110807
223075
52586
209441
79472
414227
179080
522207
258018
518272
79456
203956
188678
313825
249065
437306
58788
275770
14581
157416
21277
507664
417660
227569
501013
376911
173622
329672
322457
435715
244746
1840
367831
287419
262471
399405
260464
8238
261971
397195
183652
177953
138857
427011
140445
382424
185909
199242
376
30961
508487
534651
377364
949
324385
440167
200892
385386
323582
152960
66548
479525
533895
246715
461316
195303
223176
306830
141259
253751
201139
455571
380583
535829
466966
466476
107916
458997
218387
229387
246696
64570
519533
288457
212624
511681
52438
319447
226993
314478
189517
514250
247758
188556
262634
207314
205550
287385
451963
401836
279415
86140
407869
82235
90403
379747
52614
195788
143933
136213
284239
342829
186024
227464
143146
231182
365920
428814
59889
445266
413754
285768
309470
87160
96504
385013
65471
2765
131132
280826
185419
472455
521785
270901
278751
400714
212614
116389
164816
527139
230070
166636
325314
220381
167596
485698
315167
416435
357387
154036
139746
223821
435066
233986
472967
334972
375430
428142
160220
85496
30056
449384
3464
319789
334171
84208
349964
479542
330431
450866
376538
426150
323660
180986
310282
61227
406130
279790
21139
166746
393733
443595
152520
427007
59597
43801
162367
392329
212905
421471
507226
482774
352706
480728
20718
469037
527045
298399
78923
284719
222171
351546
165517
494995
390597
274148
192832
371860
311080
411934
377485
287680
313582
535394
213618
61303
98871
452218
502102
278288
522841
336972
29294
166465
432127
334747
311904
312181
319851
219077
423912
33066
355824
46330
384853
243331
188831
361926
415989
404973
328216
270926
300629
486673
304370
275162
12303
382836
398805
155911
397629
493014
168570
429476
73504
367146
330898
374154
400251
185287
520807
34019
280637
16222
222283
132764
198780
48785
124184
453801
408656
160528
461249
443007
130394
372458
487080
182397
445931
496855
362704
107235
245638
408082
107486
313775
7709
186215
484070
372751
154148
46514
177120
207199
480199
302913
221534
88063
111764
148187
375294
92471
414781
383410
397552
391478
510649
521872
286964
449076
29543
313452
524373
313197
27191
113901
425929
133985
235559
166591
367620
450285
134369
84239
23608
256756
528226
66608
399952
51065
347770
33715
205949
294572
404685
254041
456980
268411
301650
358407
378274
114170
482602
215431
211161
226968
18187
499130
109278
352407
63467
49738
66127
365506
35967
283089
96451
291073
475705
354280
385882
491260
69954
374708
269816
298888
353653
417287
304103
334087
527147
455904
5019
66941
443613
263956
70704
127324
279066
41195
486213
251728
11695
109165
223454
466983
13841
521708
289431
439634
316988
530048
255030
440872
358688
176492
534003
337942
61952
101062
297659
130490
180818
494803
313767
184617
88841
452762
337383
121429
71670
91365
297479
273935
101729
342625
393895
530793
388629
534109
51261
365358
182053
505420
234776
218422
220698
115513
105014
35623
259350
196692
386409
471323
260611
406759
309688
153336
187456
199858
398639
492236
425610
115926
382262
241471
64806
448946
403166
80249
374250
202300
306700
132863
519890
190182
222433
362393
473097
343911
164003
517289
169502
30612
339123
132977
375904
76671
357823
60001
431958
303403
236121
346493
84108
84090
521299
152223
370747
2670
483683
354301
243317
56954
445353
48
1085
235916
128850
227150
21176
130307
153442
529753
309831
336627
257664
317363
92083
190776
197069
89047
414409
288866
48406
416626
388628
280643
206651
140590
111373
17530
393996
179389
51311
350515
315190
15321
437772
364967
311986
295353
449089
479027
236555
185509
438705
157929
233230
453239
198715
162724
307972
160996
420036
431810
108144
149412
480178
440898
446890
304043
429779
231110
155923
78373
381942
379986
312145
430072
34177
125132
211176
288492
185830
183987
352805
130517
11826
328641
82192
7300
330529
257996
308999
161264
269322
133882
430831
191125
287903
32770
494746
305556
459174
377646
333664
332925
59241
313585
454624
15491
163932
78659
479779
445344
504970
517709
320362
392856
102587
168849
102922
528264
534309
86097
498669
254321
356081
248665
246772
243864
269026
288685
241752
328516
428773
318000
323276
167959
528900
140672
293164
348784
172680
265806
270011
496549
414714
407112
298458
461903
499387
335245
453202
110107
428974
445084
330808
278985
96746
288851
172657
241887
347933
172817
445317
203133
416859
517249
42515
289794
379836
406654
304389
254444
147331
64731
279222
14716
125766
49644
27919
118665
514480
159577
381624
166334
163955
384970
507665
423062
63123
323459
472034
431001
478330
231863
228131
486893
146340
411955
502267
417593
480580
255329
174776
259865
207481
318455
428
171312
375711
156637
270077
421622
485659
56412
129169
412639
133225
138302
39817
284874
401707
42889
201668
522221
361504
308109
464226
244995
534841
520297
529153
89917
332722
451615
156819
383738
388996
80007
392416
157418
515044
244679
344224
96281
399467
65759
125147
299701
318467
146645
67782
403569
281335
157890
411526
237654
469965
93228
286952
286578
260270
517111
419929
131511
414651
467775
14884
397316
150514
269962
262253
248542
424688
379345
356401
212922
359059
490957
74430
388706
185272
404141
241077
17670
240743
318642
511828
216651
201224
112130
474068
176649
47872
169993
210002
338361
186468
242319
19297
187880
201481
336980
101036
193779
314518
287250
28093
213835
50411
318678
187650
513384
345557
463370
67552
9177
485322
72909
123201
431676
200163
323664
66811
155319
440439
34122
354526
504745
505832
300520
43538
157074
230257
219439
192100
133857
5629
103793
420137
98233
442884
88057
80523
488324
54517
394840
411518
206890
506198
305054
493359
123351
290319
58706
67060
55138
8163
468251
56024
224599
173481
61581
394572
517439
454324
200384
498090
55899
38560
48818
412645
72158
481713
430459
458081
39755
458916
48363
139320
528992
410382
526717
60069
409911
431287
70930
428638
405548
314330
8053
361744
130024
495477
524518
1012
8327
276202
250273
298852
458895
474477
234116
171795
66468
517408
157834
87548
366276
390856
170849
52829
157175
519823
187180
88185
204906
70085
49067
384382
461657
180333
247001
88729
513059
167171
351200
32814
19230
506101
128730
263647
120486
210529
408493
343856
366854
294696
229476
439923
131550
384039
199666
470890
507292
406495
387956
493409
301927
285022
532100
236416
233413
303493
352055
39410
85732
369909
529152
290239
468005
110163
477501
172704
270090
226605
91424
365269
219714
292439
166829
66989
328054
260941
294482
438519
507830
352522
356451
413663
262099
432533
535257
131104
20829
268971
133695
48968
415230
77815
235622
270664
103169
411242
528659
417149
466675
115923
112496
360025
456223
134972
17725
106590
420596
272858
285451
97252
436549
246594
17831
169717
186385
483640
327430
180053
361359
113022
314462
172318
234308
223603
535864
204024
1655
4371
22310
328618
277313
29063
102975
309154
309292
297528
212729
21804
311056
163040
55003
501825
446201
264599
432803
247320
335318
352034
399706
192159
205806
152307
217927
99649
330927
309203
209858
52581
354645
223335
139036
28991
243488
295369
82478
197240
18774
178218
130073
90391
339684
5379
64181
348191
100290
261111
34060
66533
119892
89059
344856
263497
409430
196296
141531
260029
340479
355287
522423
82311
219578
239747
242192
324646
209666
154518
371525
500968
160841
481334
302723
151092
192878
401576
371372
54369
531585
76503
177180
268912
207883
396527
216272
246649
180908
71292
399929
179457
172649
260042
533020
67337
183365
266007
525423
236041
310869
32314
418824
125951
292626
93049
203729
75359
281471
145800
293370
40923
376803
317326
420967
79357
194529
115820
89526
215294
382394
75950
484163
409559
146209
209529
330816
394175
487554
157514
515724
76669
186387
438712
305496
113145
72418
469409
326731
121729
404000
37353
116933
104965
315881
366
479913
503094
212956
492594
265681
78383
355548
120263
81694
233208
318789
394910
416913
213278
451368
18611
20722
488699
314814
493248
377693
316764
407508
424657
455304
126995
481423
99575
349185
45607
85042
380401
109096
178022
520414
94117
19299
232997
153342
146843
300973
529396
318159
336122
174450
253557
328650
396588
518919
403976
264646
380001
79761
520237
68470
57793
195555
266499
430582
15988
401309
228295
243040
134745
272237
117111
222995
37200
436261
19214
174863
421889
525311
95181
224022
81616
205639
359296
438827
45102
130792
380227
317191
50314
383221
205305
331338
326941
285736
8048
503523
195735
334639
167463
145008
140916
318003
476519
354437
44339
224199
467673
27670
28241
149518
433142
181873
316172
361444
397239
125597
98683
294451
312093
378966
34103
436769
413912
369228
172961
5157
350890
105571
228535
157244
197457
269357
426649
29748
438378
417175
355446
302406
521137
82379
322531
410965
211489
131567
188181
305504
43032
359116
286798
265435
207532
350329
142458
253981
295478
256249
496820
382526
143448
500013
467958
222448
109312
480585
179109
404176
15372
403314
165452
117963
532843
318211
202555
333906
138504
527048
399859
292079
272000
147676
282808
452994
256206
204015
170082
449675
161237
476919
269193
356007
461038
51877
12806
469652
238043
37322
404998
183489
273303
277336
451986
155281
65809
1193
194766
188582
33189
392899
422820
133020
92964
221259
141107
158501
80674
102424
143442
365771
163879
366190
59136
276374
49247
144769
155722
21503
61293
403589
478751
104411
336209
266823
521377
223963
66165
224869
184304
183912
148730
115540
422672
413805
461740
128218
311335
276971
72383
95448
368045
403239
283536
290040
77541
85627
270218
336762
325446
159529
176084
489022
261296
255259
153368
164643
112378
513395
90542
322271
473219
249670
124849
286865
508251
249539
10506
234029
192743
535644
216083
8834
105719
21431
53106
453595
262453
390737
167942
299668
524292
149237
400044
115858
470521
379452
313519
455033
472876
351933
137777
85233
274235
484002
89848
4830
63336
413234
224458
258086
217737
328314
225258
62961
530117
468789
257549
238254
95636
516922
309127
397906
81230
313470
1381
320009
409116
513078
276899
116497
229927
273025
498029
373213
351803
77003
136906
210620
527758
39325
142029
172536
376486
340983
271371
300931
119635
157537
527638
54614
204943
157810
330995
261543
419125
16897
442566
161878
448179
6237
196526
80889
123328
50173
403042
282896
116873
437373
189935
31455
515893
170389
215665
131644
296698
311637
115610
257542
434989
407083
405342
183615
183064
7245
54429
312386
301896
123107
352971
34334
162777
428933
82250
333081
519012
463541
271788
17736
358517
257447
347336
318617
431783
88790
456935
297811
163804
31987
361943
377331
441445
167176
165956
291701
54298
125825
480569
142855
6853
240376
319042
312361
501580
333951
314731
62382
519339
449136
349951
531261
80910
379348
103872
138428
446106
125538
223845
88924
275942
419858
497136
412966
110770
328086
528456
406851
295662
442146
459154
140499
178605
207866
214699
428608
257260
31117
17135
401165
321913
445662
190149
188892
477276
349549
220722
531776
375751
411082
137116
27821
381782
499229
51231
140018
302951
274658
173824
474547
252180
4588
196782
4429
492322
429964
271703
142516
325441
117590
473787
450737
8567
34253
302375
48116
174523
373852
454407
473563
120225
327865
372837
340187
362932
304051
246920
295934
121870
258370
532545
24682
329818
355898
325125
18151
268787
114293
260211
398279
88467
4927
245824
523783
509433
69845
219349
479572
194075
103054
146025
54687
425888
132099
89998
119779
287728
314585
211768
535641
531349
117911
371876
514838
4
481468
132511
261515
145915
12693
304844
523872
329851
325858
28289
64618
263692
285526
333870
502227
47719
425718
87212
67448
327141
384468
300061
408075
295017
147849
516399
4476
109093
38176
514168
255008
358949
81110
417247
533714
386867
466074
189513
218863
375978
513593
133450
187191
510747
38615
256559
358749
305756
525739
231205
179827
445187
373754
277354
501854
305174
469669
107940
530641
230363
254121
349938
37191
69030
505909
277012
17362
448560
266389
191790
494245
302879
373018
85501
215967
241357
326978
356836
192569
330947
229113
406828
450895
191965
438842
457738
408687
34737
216449
395797
420016
130284
476489
300589
72723
252657
443390
186405
121850
27737
367893
329111
116788
400077
29755
148972
130585
242689
440318
160308
201345
267636
34168
333663
93972
21928
249109
279607
255516
73912
456410
43625
475269
364753
203775
79626
86678
73237
284812
432874
474151
28239
159082
239502
223520
201271
247600
139740
392537
213818
502475
295136
175980
369181
261205
382107
485036
150428
528016
486929
526851
2795
430412
46125
113108
333516
329226
138234
109254
376059
425387
484530
103527
165476
428262
419758
311848
431762
348869
132001
276858
472211
280496
342362
411768
171897
67633
300550
432167
411837
373019
63511
78621
136470
57260
396956
144311
61048
319429
495626
376592
218691
83719
60461
363061
261676
391116
299754
53877
47748
239589
363095
442265
238888
22744
169326
368548
509841
287004
111157
38866
149572
415466
309771
116828
343957
275732
152166
461545
145913
382904
55572
439851
247857
71408
514850
108007
120782
135894
278687
43270
213033
18951
175552
392376
301604
320016
394401
490890
167575
270314
378579
90845
351480
119338
503902
80635
98174
263584
422327
13620
528642
475869
217614
466468
252815
397242
146090
51910
19036
325599
40539
403304
103139
403957
322998
497148
496149
241824
256078
53118
424240
369275
381205
508662
95377
314240
496939
254704
363326
289914
271578
210398
188725
348698
8872
420460
260050
46435
12880
489229
411500
367491
463547
281585
159357
197540
247486
167292
160036
44953
30705
513753
66397
440337
168458
134964
327477
403218
404748
270571
106559
385476
332699
323019
305947
240674
72297
194289
329653
187493
334011
208797
484112
164574
455024
399393
469677
175491
89249
436279
368210
263215
497507
227284
529129
277079
77858
444199
361934
491441
151284
398113
195693
499529
76195
307465
518727
92218
423212
208129
150503
533950
80742
452755
17946
435471
360365
25954
275314
79714
43878
364625
199462
111479
144831
514370
276267
191177
205463
523292
18956
256224
399548
531986
398895
204638
438356
411611
152261
36029
196103
386006
349246
221394
246288
104345
468751
441116
56466
418897
247755
352510
55177
151313
179388
54213
471353
462909
235094
293874
258333
44351
116393
49638
133813
138905
35379
78988
105272
231293
389551
360816
220428
193898
228938
176912
280971
256598
504665
184483
331650
121005
372142
518291
64990
82108
1148
127857
310502
393651
398743
453536
509441
103877
242277
350799
292289
421367
374225
194415
259000
243228
122120
305476
528937
447442
524148
390382
453721
520965
367248
96840
496106
437581
133685
185871
279130
144812
252997
349670
425661
49123
175333
144085
19697
226692
51942
198007
229791
364359
308818
513739
187542
6021
438387
240213
529477
316358
77953
206239
229639
107947
433012
190403
155463
482315
54357
464277
67654
405517
69063
85485
224823
306386
507759
400894
493259
158867
141602
356749
305564
8504
302173
334303
161369
315597
467621
501060
127177
454218
167526
29572
115308
511763
37530
257347
287067
385664
462616
173425
488154
273061
241854
403065
169193
123
467724
19450
48695
332274
196658
411279
107552
317383
313531
239445
424171
252104
258484
93837
485132
106250
115354
146431
358410
169415
222144
9346
171216
258335
127047
142658
527016
47432
196071
111325
349899
327956
71449
69961
419700
508305
457758
186897
232253
50231
260129
182014
351830
84925
369679
59482
41904
467861
322638
133353
245863
184947
123539
102738
366527
234752
418654
69820
375063
52889
20759
38593
516718
394133
477851
118280
369012
40286
448468
467681
20419
235510
380802
331023
5993
513612
9873
102356
244020
54200
383444
200410
389807
493066
116294
507315
217653
325766
332352
229821
80687
13871
68525
529697
479666
292515
162917
242166
58472
206648
41651
438730
44127
325088
221607
270788
119304
129998
373993
320913
311234
503032
139752
166304
447371
18095
160157
512464
531723
288716
468132
156333
348293
225655
239417
3212
320459
33456
367761
435281
157095
489932
449394
324285
519800
475614
251836
224270
104037
184857
111742
463239
469610
167388
134983
505653
263637
453674
231041
510199
171383
307130
300042
198038
238171
453609
39770
443919
172256
262311
305956
153455
153044
321728
154634
164739
170720
253259
13415
88985
6681
104061
381703
16544
117306
238079
359506
275001
320658
508887
198534
345268
226287
122935
118400
12612
511964
534869
226156
444032
48170
424319
156515
409598
184897
346984
431515
163584
355100
167335
5540
234537
522032
432075
460491
384141
67769
28474
255889
323804
60725
375593
259025
348578
506861
129623
339656
120371
44528
478168
43431
421577
272736
494769
168686
339439
162508
464400
368423
160777
272841
161745
492178
383374
408980
391958
324260
343350
94936
15247
58175
321644
66545
448177
419658
27239
430477
204232
34596
173408
486970
308795
459106
441571
221431
210149
80262
53833
186390
448101
442165
304376
179994
125557
321430
438736
451723
286408
22965
135442
182254
108985
48673
25519
506249
448139
177502
166703
220911
381254
522122
383283
232852
209522
124533
296944
468621
195122
494102
97407
345958
515228
240992
15778
233673
475016
302779
191534
311927
82829
469230
15375
193501
363495
438944
239752
368172
334663
518092
174056
132926
11463
350769
240963
306332
194448
450142
521289
331950
357716
124669
235759
377584
186301
136710
39467
355719
263209
214250
261758
480038
32597
484304
314718
282523
493254
289934
272761
66627
514478
246280
129069
44166
518691
218977
326911
358910
475842
422869
443291
240118
181375
253971
281302
53686
81722
460875
214995
300462
352672
65288
280320
220597
244645
383122
284509
143757
429318
295109
12696
325576
437323
209467
511906
430712
226924
313771
182727
213152
255089
472810
295959
60703
463788
738
526177
520677
288275
417155
232605
124840
301995
378754
247608
120111
369649
110310
15257
62729
490014
442724
71846
335422
357631
440116
364274
152142
504370
499766
384286
333040
152793
128382
69385
329783
437014
4002
285564
391013
513821
122736
136655
318563
150088
478828
312262
460544
119249
448337
3544
39503
273343
8853
99619
319834
414526
7175
104030
434451
420521
114747
405522
280369
494003
98364
3867
436377
158863
412188
289383
21895
483384
432795
45545
230118
260065
27698
154255
471121
22688
384100
172305
531567
460279
164193
468701
8184
195624
316709
188648
232235
206706
490307
102736
12334
240038
491362
374660
272894
232262
144841
193327
282707
514723
271478
114304
511127
30153
257131
319896
5073
425007
159684
334647
221537
323768
188703
480675
25137
526015
318765
244893
138467
294065
338327
357589
70873
259630
14464
424841
113640
247390
5422
23497
380774
34076
68104
488598
63035
477638
257832
119493
294878
522504
106577
70400
478986
247878
30531
351821
306326
279135
359596
523143
38821
499895
307598
487945
452351
333635
486677
511137
122019
47666
488221
210372
195392
337333
474610
124362
157760
290541
423014
493217
172015
95430
190627
503019
87884
17193
495887
171496
484885
279227
18352
259913
401151
136629
113429
304255
429661
344783
270479
390751
135494
744
438808
218079
428739
218623
329674
17558
353360
265258
175331
233953
107312
205993
371608
458696
71521
25382
300466
497560
81093
298333
509692
295395
278283
372112
323755
130903
304311
430534
79699
47093
402016
484439
235583
481512
495127
262560
285514
282530
52162
247929
204829
325005
444871
454434
8269
237229
397645
38784
341112
347892
440414
21858
487952
509897
117804
470066
347071
212989
463805
491835
258002
330496
131883
161593
103644
254726
50323
139760
136622
120488
43947
495471
478184
372157
309737
36264
49205
86633
17678
66201
377273
240165
404130
68785
356646
93637
494280
215668
48903
398336
171708
327635
286024
250675
5658
156525
472732
270419
425590
239379
513473
306182
389614
522318
98347
516445
441968
331296
242805
498727
464114
223519
87803
511749
494304
300936
358707
330350
483212
17614
450110
476328
17852
160723
179910
155597
134946
66234
136282
282742
171262
510792
534516
108544
217648
47829
206519
310493
529527
259187
268737
452792
486845
65427
451756
161321
353584
90415
515174
189365
49919
199067
468620
50037
250327
532477
172220
88950
67892
265834
301675
317731
167473
24608
430472
417132
355181
517591
59378
391115
463045
515099
279561
421854
112174
103663
98895
463860
344598
259861
102693
139446
412574
295498
211194
209544
133436
325740
135856
435799
251300
291579
362228
426393
175159
289589
55734
298722
437773
219481
76823
268315
51852
457773
75644
385407
239441
238390
439586
131321
58311
497700
373565
394031
370614
307623
396207
364093
510375
149159
193748
57128
464051
513984
211703
142213
116191
411326
145715
315001
204200
116993
16182
114029
84056
413828
511914
75246
223103
893
184633
383232
280760
55655
533454
54422
333701
408384
165241
430396
520745
141656
104294
52426
20224
355241
179123
78922
197931
506135
493018
65333
190285
142054
360298
92668
82485
284210
110325
100876
128244
372716
19401
36513
267206
173896
449493
495191
391719
214375
143291
511401
420623
513131
438176
89383
82993
252023
310224
189452
285740
263581
167293
520853
277897
325517
74212
511683
253353
258323
489705
358521
340978
214384
73756
113263
109524
216503
230782
114122
258454
250206
32798
47540
450704
161637
449343
96506
437057
122642
495551
350126
496456
515067
232626
215417
309739
278240
155380
55391
32991
515560
388252
275647
401012
54823
57473
510594
407346
328649
359700
190212
11266
338149
189616
239802
335096
80454
118697
192095
48052
60003
439891
288331
209429
461317
217154
201026
73488
277449
366293
99389
313505
339529
107632
242899
328248
287085
277665
396584
59554
322211
8067
242972
271736
27050
192782
249837
68030
311471
84078
287832
392685
341280
301294
20241
204450
144545
304840
497037
105146
499403
14437
94720
105001
97667
128717
38512
278893
306998
404614
13848
180603
199366
132886
364694
350132
45279
294494
56602
526871
245549
229077
194941
27235
385029
348339
249897
291679
432458
491471
512888
266444
274651
17523
498527
223746
215605
267253
171271
24429
383974
243748
515928
228501
172660
428678
79507
223320
172228
345036
230223
25574
1404
245353
535617
31283
502935
368282
80761
292590
289534
290297
483906
475591
145836
383582
60820
204023
491098
518497
31588
356766
230116
41365
304433
310807
3176
275749
309100
21341
117585
497329
113644
496991
81541
402618
535902
343816
479616
481038
272803
521562
139207
375477
337237
348973
461729
18915
495436
52770
163056
213306
416774
457157
82931
246258
83569
94030
68357
410710
301300
222966
258853
515456
306938
440278
264500
72917
520879
52619
195977
209750
80998
55898
503407
462586
420338
432868
121088
186349
278376
372757
1606
16160
346274
110897
213670
119052
227679
453599
535440
388556
459727
236699
229407
482847
110987
85293
328279
42012
232332
237443
291231
51758
322863
106101
460474
98013
175959
527240
349384
183050
519802
263460
197098
378861
264780
60642
95597
503535
110572
479294
169641
60851
280162
432725
2398
192597
437435
296082
203467
271678
52195
317137
233386
244949
123286
501562
73609
444493
343661
65633
507101
17660
535044
166342
201105
303259
524889
413737
280685
438044
146172
109282
478188
269804
133664
203079
500045
436393
229406
37435
42138
405572
293089
52753
239820
417038
123915
430042
534450
306723
91792
240811
517252
368072
207223
362863
193200
260488
143264
205632
423229
491518
286960
153625
292315
260799
189275
454847
432273
316357
127832
460954
523941
456822
23862
370852
458300
498392
514744
288458
455701
46933
278256
418105
324424
76636
176664
327429
480134
263598
206944
223967
315296
191937
22251
172194
433217
490257
383784
267699
15119
231441
430395
405377
500625
110191
400983
434552
24190
251965
37271
64904
326193
143163
472423
417898
418073
188349
476205
73069
218583
512940
63062
83523
37296
13597
404396
2403
469808
257908
316809
390566
492574
316187
40187
60749
463282
211079
235697
169820
353686
268880
188608
155723
329416
48610
166916
389685
535283
279496
397969
86129
460714
234445
239730
96664
2220
163719
59878
382546
495209
229354
453449
465232
100786
331371
533798
254071
63108
199137
322200
181441
422155
10052
16424
511838
271410
2035
53730
196680
490827
28380
464916
169213
371180
460241
122331
112858
511880
101323
5934
391714
170628
295283
339690
490653
298227
271663
133121
262495
493175
136824
371669
479240
265175
168444
460007
28837
468020
329005
56219
186949
20975
305186
296431
389331
234398
302047
290220
121497
458351
494848
321393
229173
242547
467769
218410
285205
278609
238574
22617
394730
253649
11423
503042
238838
261192
99399
242398
441448
316003
148762
243233
347509
95534
268594
191876
15675
212661
514519
145040
8844
428293
456346
340831
58774
188299
263336
240202
58319
428550
396351
52011
70573
336255
204461
482433
104984
519547
375252
222950
489806
452319
309530
185950
16984
171614
271046
303345
479310
378916
211250
340227
162046
283311
360094
108305
261265
127787
326068
124551
86708
137898
83827
212077
98162
227500
406260
272247
369902
176202
493290
513501
341362
286871
7450
493897
408652
273046
60164
432709
48638
512304
1127
369091
363206
497935
413889
54457
21053
505208
338409
412460
366267
441623
195617
162143
89525
344134
156223
384640
527642
502182
19290
433558
450526
37548
483496
88676
18651
120712
12597
185565
32343
512414
299303
167648
240688
291511
520157
59547
489862
302171
132181
479354
106622
309279
288598
412430
334293
485296
446797
100578
493794
402685
348304
520321
215530
186727
364438
496168
196706
509088
501828
454764
389954
421994
82371
59258
471011
502373
124408
393091
378653
463613
294026
117197
364267
287106
4496
321693
116327
535696
151888
231487
535342
488229
139444
531661
244805
205490
189535
195843
208978
371943
138972
507800
220290
506802
284807
252576
333341
427406
161362
437944
405786
266621
88963
158244
185494
482980
8270
528703
156563
84923
524378
314205
428235
374385
514802
413709
414717
89174
219163
72596
243265
527363
324110
524182
254515
522406
35304
399815
85283
495907
172622
212388
192620
111020
363401
330571
46592
198435
244129
218258
271146
409407
349023
227111
403199
481100
260818
166982
159696
38491
252804
457251
405434
41894
473875
504609
119840
115498
349049
442451
504245
51291
454142
449928
532605
136620
33006
353250
119376
22395
30999
441495
405697
317562
533736
23347
478577
431490
26255
279305
1692
447753
526028
410372
333443
530372
36300
198923
92618
43506
445127
77951
492074
337985
394459
472717
261934
116944
303538
318854
153153
316393
244182
30472
15607
436479
269088
59996
382276
234298
249448
303716
156316
104910
520868
126175
473237
215740
136534
318530
334409
379347
493219
72603
302795
369907
535497
47225
55203
317318
91957
104437
4059
303433
483730
507593
410843
506360
285733
410564
129847
531830
330257
221046
111125
53591
73501
161510
243316
29245
91638
204360
276945
257634
23907
56566
318248
283166
477278
382638
213141
271344
171362
65950
347338
396988
69447
285175
252945
72911
473195
42305
406864
430171
218420
90086
288833
9326
175270
472479
179315
155594
157781
262228
250546
512095
117662
242952
168
187590
351558
270514
46240
20140
565
483921
525238
445537
361351
128111
126188
65314
349362
168598
486435
64962
182929
393684
136223
71573
417640
499610
151820
517233
354975
56137
262053
91645
53667
284965
318938
165599
88248
266203
508064
48049
346754
9049
84004
310021
487981
188063
250585
531195
55971
165121
408496
57828
349882
491240
186146
291598
308816
380424
258534
432426
76910
115867
460721
520507
470476
243660
475529
313205
21527
336116
218934
102814
385026
197628
93032
207088
465153
352865
79939
339565
219164
491215
314648
203803
133712
299456
126749
477820
89920
231743
385348
158648
437123
304476
471833
319133
163306
427556
244940
207309
275793
183551
26482
387773
160205
444501
425488
214402
184802
149523
297040
16459
310229
390272
310595
239308
137284
481636
477271
89652
180896
487392
385512
233299
373546
123879
97071
96535
205924
496155
212567
435200
56120
486937
499025
355636
149026
375878
291309
77447
192454
174933
391050
188453
94848
161989
403821
152322
265527
350469
399141
214490
16563
119435
185561
198871
448152
163931
328348
170909
270375
473129
22518
534915
96847
145470
263564
534174
154633
161840
426162
132948
62789
334072
57643
288640
152871
157279
170726
376625
217520
482854
129203
49654
2031
375079
129095
245317
419323
417539
24798
169535
367898
394218
184040
46616
93425
114826
475648
83952
328854
53874
123424
140556
231089
333064
63162
423928
134773
100205
48367
182567
217203
156689
532941
241178
476363
116112
454266
182503
487421
335935
500960
136199
132392
139638
502612
402067
380768
429601
522583
399904
252998
298835
348391
249602
291809
238654
67162
216857
328729
338336
189718
182190
413523
73531
90890
383498
172902
415945
441875
187761
163079
453069
24153
489462
106865
47166
75186
359845
71053
479198
363544
504443
243472
494825
181574
520425
357006
301678
480441
324465
412240
383561
245665
283574
370449
224973
474928
109873
434693
410761
217419
27470
299063
423551
477613
246742
511348
496048
252262
117457
236089
264999
285821
527705
54593
487276
505615
328826
512180
65042
183146
367069
491747
357229
122928
310183
156441
161599
238799
414667
292713
253236
32837
326971
509367
385659
51544
18144
160794
141159
81306
293326
511945
348286
466867
375700
281779
238537
489849
354088
181407
404526
524
455523
525494
246430
219914
125752
492342
327911
274782
464753
69097
414121
136924
482604
3178
165953
487832
423961
418335
299332
269975
529203
37544
346286
15307
530567
290880
497061
13885
530212
209736
244197
171682
495695
271272
365110
328125
420982
59128
307341
493222
8951
472023
29240
52375
500623
141446
342491
255175
167071
168831
103621
459372
312735
3416
84
476705
489798
497476
298650
353898
352375
309822
227807
306966
66990
235705
152140
517579
347962
67836
296650
358646
332445
310732
70075
282371
21942
264002
394775
432422
219993
89501
366389
221249
423144
206372
478739
81708
504209
473438
22437
101909
412279
273451
285602
62292
248504
98555
95465
50282
234786
113655
50358
533715
183447
92791
394458
79724
234717
390619
232775
491036
532129
414240
275568
441859
103447
158082
36828
187832
65242
397106
74276
29360
265815
387134
445452
500738
236396
533888
436793
400555
452026
456172
307829
370719
269631
258956
194237
196136
404841
348920
332913
197102
65259
170804
189040
354139
431571
284868
266382
71300
94870
212250
343143
404091
504454
254618
50608
276792
256632
153927
127970
287483
298068
94239
122499
8879
517613
127258
422889
92942
60431
502042
500254
23841
124407
167367
213680
12330
197942
235033
337114
360600
395233
462308
77999
2738
518347
38823
252886
535620
299232
40080
431330
183265
153118
440213
102009
144127
489450
362047
427723
193856
10235
349397
464186
370336
267869
338235
218165
519430
59004
290422
411629
270923
459107
439429
434069
166625
56708
7529
525402
311661
328963
319594
395105
481750
325311
425753
36531
389129
265638
288019
45112
172231
82084
473148
188446
180504
363560
37794
494626
401774
304722
99404
194949
518683
95485
89217
531184
328346
306876
324116
372807
272780
166046
32881
409713
83761
284105
442394
509635
158541
274925
28802
10726
475723
91009
410441
417776
320032
273847
382306
385163
387624
236436
240599
340711
373983
373426
297519
493533
144350
377132
511972
178615
349916
195197
498181
137343
26121
427402
4585
100097
336515
177513
492711
197727
359234
223398
74358
271411
494110
250320
407000
199759
114357
335085
40619
487364
396826
3522
333027
74517
527111
50769
375804
103517
76307
514105
161058
430233
56582
516478
288681
25295
411412
400566
233107
488241
108757
410559
224130
218617
467584
62924
490626
80989
295151
287295
254011
202008
321156
29854
192252
77946
467929
510680
481142
227504
427048
300808
268190
522963
401815
443936
97648
270474
41946
312036
401706
232037
322184
325987
477114
83278
172773
101272
83537
151613
293814
145325
40574
487241
96211
358200
269855
157027
461939
468208
282144
212061
17843
390117
213943
316872
221896
258467
333188
207695
142061
98996
181299
407725
310965
434788
178530
180802
382050
133078
495840
170897
42978
56378
179914
265931
433812
478678
40516
221565
404700
251964
342966
92477
371199
206244
252827
415034
79743
462400
173200
307426
243329
485673
212837
203510
284140
83787
106531
67623
89297
121724
274386
288219
75109
100972
406536
353987
144424
240181
43910
112752
502613
253409
64682
262396
265388
124067
457977
175353
144295
315125
462153
235270
26667
222479
377489
387492
517361
206925
13157
453082
188367
56734
78898
220635
422682
146679
21331
383467
154542
231782
39142
56302
447311
439511
460564
39488
476216
29056
143684
98814
34278
171018
175771
346867
120835
301515
4431
278633
426643
318941
290941
464989
505798
497880
353261
115909
62606
428943
367601
344410
201101
109977
212973
350405
414719
110863
16057
105005
262882
502021
449602
384222
320272
313874
477793
231947
488603
309443
518357
340619
145588
339589
289785
315519
410572
470774
177610
451390
7659
257878
271639
189968
454301
131014
422099
346877
373521
73397
122420
516483
65842
32090
66806
130550
22586
18821
270871
100112
361361
97423
418756
509161
6418
91579
334528
126048
220833
209978
527599
23632
322449
422481
333434
124119
256189
276996
458381
504635
277119
344950
202529
122730
107047
59117
318926
122607
502691
14326
359238
452965
350642
280112
161208
308839
476626
451249
100316
369107
413793
309330
311536
273634
