10644
18230
22358
22054
18562
8772
13724
5449
10318
10021
35314
21719
32425
16305
13237
965
18508
1178
17128
8961
24147
21097
18117
10266
4030
18125
1510
5888
3144
27139
27511
7940
17088
31637
32810
2852
26494
16437
18941
723
9992
20905
5194
18335
12934
20889
34189
23035
34403
9816
37069
9026
20806
12076
20696
18290
24904
22855
9247
16963
13313
2242
6925
11865
15551
34285
30892
12176
22407
34548
25798
30504
28990
6237
18343
33500
11424
27824
7098
14851
12040
31679
10387
9693
1710
33608
17413
35566
25070
5582
36271
14471
28394
12536
14896
27949
34326
30871
37671
26938
35084
32505
5186
18534
28750
7153
5440
5190
32051
4409
20594
24103
12283
3086
2043
18962
18148
17937
26616
32391
4670
3656
13271
131
20278
7381
862
21666
16928
597
12898
20830
10912
7999
17375
20269
32579
6490
35638
26596
37600
29065
13595
19829
23474
31537
20321
15327
4727
22441
6548
4061
31524
34650
10473
28551
6874
29915
25505
34388
3177
22918
2732
3284
25258
31750
32599
28027
16107
6297
20381
4047
32056
34113
7992
35840
5145
17266
29603
33864
13946
8707
6815
33367
36652
36244
16321
33724
11095
28360
26864
37252
8879
22324
21356
7560
17889
25868
2593
27908
8789
37583
28904
23873
37092
7794
1028
17041
33226
17795
27073
4364
6859
12094
22346
28258
20533
20567
4780
9409
6222
31604
29524
5293
22793
29189
26098
2477
28616
3357
7890
1656
17652
18768
21217
27737
29472
14278
8733
20858
33041
14656
32565
27663
1017
1005
36680
25920
24496
31377
2962
7366
6365
21165
398
16370
37448
29769
7685
22240
21164
30606
14034
23102
8666
2781
28001
32338
14670
10477
21567
15371
35120
30085
3227
7280
6949
10606
2027
36228
11476
21701
29712
24035
31013
27812
29177
20203
9485
26047
16914
5513
19167
16065
37350
18739
20953
31799
25519
2861
18678
19755
26388
563
12188
3359
8090
23781
495
736
27748
31265
17302
34932
2675
12844
18771
21115
28759
37236
27515
12552
17144
34385
2695
8222
2768
33754
10476
37569
27296
2000
36415
31014
2425
22230
9921
35176
33695
28493
1946
35903
13667
26302
29344
16728
18440
19221
5253
5275
7810
20970
31899
9845
18376
33463
32161
15583
25905
4809
7910
26422
4087
18133
6498
13330
12237
14769
24628
18229
35578
30661
10061
15590
6740
25860
26213
31341
27808
31457
3286
32690
22505
12266
26483
14875
37586
16690
35616
7766
21662
2496
9056
15369
3524
17223
14781
33340
17158
28650
28278
12071
8283
5421
17680
25290
34884
32750
8997
1446
1047
23395
36226
4006
12687
4851
16365
28826
21241
20052
1762
24759
8591
7183
18617
27415
34711
8377
35145
1593
21581
33831
2299
10838
7310
35341
3805
7407
28401
3924
8992
30098
36039
12031
24391
29604
22389
17898
34795
17777
511
31566
17816
7723
23189
16122
29892
662
21884
29947
20505
3465
6172
36131
31081
6487
4744
36611
29660
12015
3012
4838
8998
11149
25547
55
33997
30119
23343
2303
6698
30218
1942
36886
36469
34826
10316
6147
28072
35702
11642
26681
28127
6039
8582
9023
7983
18974
34309
22925
28540
20064
17098
26417
6911
4504
30782
37391
14548
36873
32970
34455
28964
34158
20966
22702
16032
22816
25136
19694
35703
14580
6804
18912
5881
6707
27192
24144
12541
19544
7601
32887
25285
18013
34321
3100
23310
28168
13264
36699
14040
12600
27054
22287
22590
2091
16534
32527
2710
2645
13650
10032
5691
3354
23835
20072
2938
33989
32361
24548
35795
12370
34401
7078
19186
645
20948
8627
21828
14910
10707
37133
5760
11894
814
14003
20532
195
27131
16072
22110
14080
7728
27003
869
26471
8609
29990
15786
16373
34678
7897
25632
30691
34756
25478
12836
4821
7694
12557
32426
30207
482
26153
11806
29656
28362
19503
19760
7115
24578
36755
36149
27310
29569
15717
7015
35768
33073
35379
25855
22335
16788
14110
11228
31366
34234
4098
13693
20297
15177
35902
26857
2784
13933
31298
30834
20597
3247
35999
3411
17809
15447
9757
20060
23038
22904
35960
6475
4435
328
26428
35499
34871
27942
1862
13783
5083
1376
7944
28776
13507
27672
671
31179
5709
9659
14605
25657
35644
13199
26382
37150
36610
13266
35937
4752
17665
37497
29807
26489
13435
10157
17437
8394
7352
37533
3202
23456
30675
1305
18913
7948
18208
3592
1447
10379
15263
31642
34463
12030
26132
23939
1763
22947
19558
34809
22988
24582
3649
33403
10134
16610
19393
22497
24804
11871
10808
7200
18285
20207
36447
6246
25014
33740
16208
8698
11135
31073
27414
14579
27101
1566
6839
19113
15912
7758
5678
16513
18677
19741
19849
28869
13968
29579
2189
13482
16485
6907
21478
7765
16638
12063
24621
11662
36419
28655
16694
9878
31164
4961
18262
7877
23376
1382
26441
2493
17393
3076
70
28567
12837
37629
10029
29822
20458
27503
13452
14909
14213
25727
33023
2241
16280
31655
7882
17870
31084
9102
27703
28406
31126
19257
32321
29662
33051
197
6823
19313
12653
33206
2417
32375
9950
10677
18101
12922
19327
24446
30729
20216
23345
32777
19405
2260
18950
13600
14602
6809
34782
28008
6145
17552
9509
5973
19813
32447
10548
7302
37670
36741
26261
32491
31225
1022
18200
16843
22707
3425
28792
32625
18036
29538
24658
381
26269
5825
27563
25557
26105
4973
16013
31238
24567
6777
630
26916
34100
30315
20218
27594
4309
35222
10559
16870
11351
3951
9794
3054
27034
7813
27306
15768
595
7274
33059
34769
4883
4729
15478
34420
22164
18323
30474
9434
29265
23858
11597
32458
8059
23464
22141
12614
12577
3013
35708
19404
19195
23820
9744
6097
35310
32222
4104
18345
21842
35339
9050
22510
24191
34458
6392
11621
5125
19762
11548
5490
7484
25432
8656
6136
34334
20718
36916
13624
3224
23299
14742
9352
8755
22927
17543
28953
29272
13321
34098
15239
10771
31401
12295
23498
31897
16436
20088
26687
17024
21692
19874
34609
9057
8824
35213
19547
20844
25369
2728
26534
2236
36012
28109
33046
5734
36355
1686
10596
21541
33011
33003
697
1770
30239
6068
13532
5474
6493
20112
8867
5079
3050
30769
691
35865
36823
1924
31412
16762
24487
9946
7915
17154
8948
30581
12769
13723
26958
25090
5837
14349
19256
14112
2008
21235
3475
37247
16387
2480
8240
14532
2956
12208
1829
21429
7925
31167
12172
11878
33866
5720
30078
6566
22454
17227
14860
22717
3511
37513
34484
19378
31208
37480
14031
20518
9096
29128
15449
22405
5696
12461
15562
14882
18658
13863
24584
6150
34064
4426
1359
16822
5048
14441
36205
14357
32035
37663
11231
26369
11498
11645
35434
15471
28419
33525
4502
28917
8433
30091
34408
3127
23594
1663
10238
11827
35611
19372
7303
6315
7231
9466
24651
10078
24464
7002
7731
17711
33681
35561
16679
3164
26728
14228
37613
2808
6118
30717
22131
6717
32876
29349
3579
23361
32476
5180
13998
35553
6233
22978
17860
35422
1058
14347
4966
22418
7368
12131
23233
517
29098
21838
26412
36048
5216
5785
19481
15005
24728
15569
22249
984
12144
29030
32309
37062
31577
24279
20117
6337
24261
26277
23372
7798
36728
30249
8363
16237
8177
490
25004
14204
36683
5618
16389
29036
34013
36038
18300
19068
18688
10281
9015
24139
20018
31756
826
18027
10778
13901
3396
5655
32144
32613
1425
24131
31226
8682
31506
8572
27641
15393
584
6276
29056
18879
1232
34606
30831
5199
7593
15241
15035
18755
3071
1008
34853
14315
18174
28391
14619
35228
20523
6959
37557
37565
15300
24119
15647
4999
30002
26641
21419
1258
18189
25373
11392
33987
478
32175
13041
3920
31050
24962
10546
35841
35239
13844
16945
22102
6183
17536
29456
18588
29461
18270
28197
9593
33786
7587
3559
11670
11523
1669
34399
17995
36138
37258
11017
1501
9213
16985
33706
15965
33698
29169
7441
22485
5362
7501
13807
4161
5568
14759
22299
7846
29118
18801
2789
3416
20015
4301
6264
24685
32668
1892
16888
32151
17970
1110
19455
18633
19808
3828
29178
27733
22762
22736
33806
1650
4169
31030
12087
17377
20013
583
25440
27545
15490
30092
25618
24286
26506
24552
2987
4711
17791
2754
10296
24395
25023
30370
12051
13848
1808
35184
1269
20956
499
23397
28541
1504
22820
15719
14038
20198
27525
30588
1262
12223
35152
5974
15155
33071
10926
10180
30012
1141
23047
7371
4764
4804
8584
7701
23559
10145
28889
10185
2642
18641
24343
3471
27890
8675
2678
31310
4689
6670
11214
31520
14305
22477
6615
36853
33518
17045
36078
26062
2714
26258
26625
8668
27132
17718
18748
19969
17467
15200
35853
9736
21221
11798
33389
9253
21770
37189
26046
1223
721
31119
8011
18782
24162
21573
30591
589
11389
18365
1455
37311
2139
19858
3798
31046
13103
16162
37116
6360
26744
17558
17360
22437
915
35723
17608
25979
22020
8188
15101
10674
17324
28452
9164
9716
28958
3329
2739
15628
31607
2738
10395
12867
883
14758
33070
36340
9780
34723
30933
27744
12493
4482
25912
29791
7094
20120
3078
14599
6070
25311
15153
17418
4746
10087
10555
2759
11466
16531
9537
21333
26171
18530
23297
24531
34846
28017
28752
13771
5543
22338
7674
30007
28973
25365
14298
712
17847
32271
985
23691
4371
1316
35759
36198
20386
11899
18199
2823
9468
17590
748
35646
1928
23192
5715
35050
12923
24494
17118
30689
9971
9436
35643
6152
26801
18579
604
13988
16084
22294
28434
8108
28956
14327
2130
8255
19366
21504
703
5744
17411
16801
15592
5175
30490
22076
23147
20383
16195
2014
17713
7981
7594
16980
21037
3973
12260
21982
22439
15472
18198
13762
8244
19698
27472
11472
9318
28578
4737
36687
14242
10006
27138
1981
17566
30303
26316
13802
3868
31062
32328
28531
37697
17174
22719
17896
34274
8187
23995
7773
14715
32210
18850
13580
10967
8384
11452
19197
26832
14574
29026
37642
174
32359
30221
9518
29934
12955
12292
35886
18497
10523
27217
20865
3464
4165
2220
27072
37526
1811
32702
31726
21651
2499
24539
19602
23181
17498
19867
27423
29810
13644
36882
32423
33771
12023
9036
8924
13299
30905
21846
6434
18210
16895
15671
2650
25219
14252
37555
34499
7158
24351
30082
20926
21514
28400
2655
24791
3198
19446
35197
9664
17339
6565
10201
9027
33119
5213
18329
17829
37399
11517
5551
10722
8638
13268
31294
19869
10189
7650
10985
16492
376
36512
14840
6525
8028
8251
14819
29521
24140
7261
29535
37039
2856
14412
12259
8151
34939
33324
22260
21152
231
9086
35500
10331
20157
26198
24361
37229
22705
29035
25243
4430
8514
11089
11612
12947
16632
12297
116
32659
11765
9487
1020
25839
18404
22167
30946
19273
5608
26743
16570
11742
36814
19001
34046
16910
20537
15660
8921
30842
19834
9064
12245
23823
19317
29983
7936
21200
4471
22893
36796
5176
23321
2880
20972
21361
4152
28221
28954
6933
3845
29074
14971
13854
32895
12854
7337
24636
28997
17830
7238
33710
11933
8916
31094
10923
23442
21282
29437
9155
9079
27742
2547
1589
12689
12958
12654
36235
9792
15648
28980
16457
30462
23869
3804
20110
25767
13342
24752
26975
16663
31043
1087
29310
15047
6111
6059
28912
20334
29991
33198
22486
26126
14659
5109
15323
5668
3105
19715
18712
16927
36241
12919
3130
11138
34461
33872
9842
25565
11169
19215
25226
11519
8793
18009
24859
30349
26347
3877
4619
3688
37419
1279
14169
14166
1550
1780
4174
1214
28438
16637
12428
25563
25318
16798
37515
9515
12925
16965
12929
5979
20255
4319
26952
23733
30036
27420
15306
10459
1115
35042
1255
18848
26972
11686
10428
23472
14637
1480
11354
5379
280
9956
17541
5033
8940
14493
10142
9560
17572
11824
4190
21088
32334
31653
10847
33935
25664
12028
26434
36799
22706
7128
21872
12979
15845
24116
37370
33653
33106
31980
13866
8525
15349
11847
30638
18970
14534
36213
21708
36444
29083
5119
29948
36718
26265
31161
31744
33387
10320
12646
16893
8202
36542
27326
37518
16374
15195
17876
29575
20962
22526
31760
31336
31621
588
18147
6868
5698
22714
31692
16175
17556
29608
33819
5820
6685
17606
3613
19090
25954
29297
11976
34800
34177
5595
36499
306
22369
7009
34103
35419
35488
1266
30811
8281
19084
8549
961
22951
27728
14941
9217
22125
17588
11216
20965
8085
7891
33792
32187
4816
36655
25906
34063
12906
17687
32344
5628
971
17303
25888
18930
7487
36731
15240
32130
3463
12772
29171
19064
20389
3304
6053
32630
4037
36127
18523
28367
21243
35308
12645
11170
4494
708
13492
35332
8106
22019
25549
13201
32322
11750
7336
13602
13846
27030
26345
7788
4644
19894
3414
24228
16322
8614
20561
16288
37466
15680
7089
15771
23839
21346
35114
8050
21809
32590
8644
1962
25437
15221
32081
32414
29593
6352
19447
35329
34682
10176
2859
13480
2419
16336
11407
17640
36875
19504
25174
968
16270
15716
3959
4197
4859
21202
4036
19519
33512
33793
22337
16732
21400
27359
31247
20504
540
5300
35433
162
32894
14199
5383
2135
4758
21350
3082
11451
31185
1228
16493
36689
21654
34094
23593
25792
2248
5995
26034
12913
21248
34916
34205
2745
11534
2406
1051
29141
25857
21714
29462
22204
24141
5545
19714
18862
10665
27481
35793
16974
4574
16528
36574
13730
18156
2948
2361
11276
4370
25586
2970
31861
6496
27006
30466
28929
23158
11051
30590
8835
2581
21494
21025
10976
32813
23313
34845
33796
7020
17321
31424
14732
22129
17373
24024
1573
13075
33102
31693
9952
11381
16303
15415
5959
32274
8410
12857
29490
26871
2215
2435
35830
12729
33235
28158
28941
3760
4794
2233
34389
30928
16755
5091
13220
37100
28171
24846
18666
16053
24594
15115
25098
9710
13377
2886
7042
20024
20877
22786
25853
4515
5798
26920
59
37185
7624
31181
29737
15233
16517
3689
24051
34817
173
13156
18884
15925
31442
3072
29710
24480
10304
2659
2464
7331
25819
3708
33139
2602
21016
5740
31279
31282
15040
31591
33900
15367
36860
16897
5157
2116
7184
10934
26137
14420
14887
27566
20281
32673
4310
29491
2072
4575
5097
18093
1948
18815
26724
25936
12668
16332
3710
30838
10618
20500
27956
30850
12941
26756
19471
35085
13138
22291
2377
37327
13443
19964
25310
26612
33018
25421
28585
31087
20781
33169
6715
33063
35755
19259
11059
21807
16087
25220
13386
28337
4569
1196
26764
16020
15170
25236
967
16414
37587
21409
29207
22881
23891
33092
16308
21963
34890
36312
25339
36492
32
17370
22585
3109
34400
29183
35416
33455
30868
12920
25841
13019
4767
15361
37588
30621
37240
6709
4486
126
29361
12547
33362
35385
19491
27613
35088
8769
8080
35240
7445
8065
29898
36545
35678
37490
29803
15045
7900
15540
22089
36178
103
2376
234
5891
13294
23056
20104
33840
33452
25375
8229
26942
36973
16576
6659
27628
32708
12775
3991
27625
20054
22188
36533
25336
15871
30658
18574
5073
5070
18772
9207
25559
37644
12944
22410
5295
33769
6514
30296
37253
31802
12462
8882
6370
30203
17390
24415
2522
31458
194
10959
30400
16770
32433
12153
21041
36833
29159
8578
37064
6245
3088
19134
32772
17341
36414
12610
11531
27254
10335
37301
2204
30075
22668
23996
15368
10558
17788
35798
13484
6963
30238
37131
5761
20678
9441
11927
21496
14688
11272
33286
8306
34131
9094
14053
31853
12738
4135
4763
21067
36806
15815
2125
8511
15298
13652
20931
31724
16545
18363
23257
20794
4590
26456
1855
1684
13292
5902
35565
25227
29474
7686
26340
15164
19048
24580
29830
13256
15694
36035
19812
26320
34019
37057
1139
33838
34188
6660
27816
2701
6453
15383
31725
28038
7732
8886
3382
28229
186
2021
25320
20315
23832
3888
5697
2924
18601
10344
23650
20186
35888
24384
21771
25832
7689
491
31505
28336
20837
36781
1571
12648
33618
21311
14416
22352
35481
13374
14512
36006
2705
25800
12578
5286
11554
19695
33087
27629
25881
1356
28948
5276
31379
21423
8127
29221
11757
16006
32417
20129
27915
28161
30228
13779
26263
5027
34061
28238
32891
37580
9302
9092
33185
9457
37597
26823
12812
1976
9018
6044
20517
30287
17018
32150
26376
34864
26582
29563
839
21428
20563
36749
32730
9005
30639
5755
17240
3035
5268
31389
4275
16266
31047
6929
34726
27374
403
17944
36773
29511
28746
14949
982
23281
36382
28307
18492
5068
6747
29641
19124
34897
17431
13126
32493
24864
7791
27793
32333
23385
27156
5914
15907
626
12299
23987
14997
23504
22330
31548
16833
20410
32495
30276
23444
4050
11589
35158
9151
32760
37506
899
19457
182
19187
16091
20681
9919
6564
16473
293
31930
29175
15676
37705
16722
9884
22205
30721
35202
12191
24800
18511
16526
33903
13098
3305
401
17372
15620
7351
17072
28748
28026
2333
27340
9321
4118
4213
27865
3929
37685
34404
21286
8488
30389
18828
21323
1227
20217
10980
19658
36137
35916
3466
8838
35668
19149
21438
9413
28608
13442
15808
31874
10892
16854
412
5812
2556
37538
26683
36514
21580
25671
35517
13102
9569
11337
34081
9606
10791
8660
33870
5466
17557
9512
12537
2275
16441
33966
10245
26480
37488
14072
30799
3562
20671
11461
12715
34602
31983
15421
17231
20724
20693
30700
27264
10196
16657
14770
32466
21969
11611
9327
33851
28345
3581
30190
26551
14007
10970
21650
4263
4733
9112
35106
28163
15725
28147
11721
25063
27311
17350
30124
22048
27508
5277
30547
19046
28522
31772
9376
6336
32957
35384
12121
27754
20265
11660
13661
21322
28670
26135
21855
13272
5883
31781
1592
315
31347
36180
25948
35878
25813
12959
6303
696
8219
2415
28183
31342
6527
4910
3939
23701
12791
26855
28812
24469
24609
33528
14848
23214
27081
1210
5173
24375
25452
1987
31878
17515
16546
35264
19350
18288
6837
34473
3053
24910
26264
36952
16518
31484
20496
28225
36508
21564
25771
226
12070
6932
19750
7281
34810
1991
21211
20254
29444
5484
29500
21368
9501
20530
3641
17203
14179
26022
3644
22760
34511
18561
22588
4818
1820
27880
26989
32247
18736
5459
26818
12535
4907
23070
32483
32009
26348
24336
23719
11977
4321
33396
15486
22950
15830
17457
33040
13101
4757
25259
16376
4984
509
9469
18993
10687
35760
21881
16036
19150
9048
35762
19815
19437
5532
11890
32270
11870
15041
17627
23094
6282
2741
30693
24290
22288
12685
22194
26619
12838
30682
1478
20415
21304
9479
21704
12114
31532
15799
21162
23392
7759
130
20284
13803
35542
18820
34721
2023
32947
13899
14185
27085
17245
5909
23673
21364
16379
910
34883
5712
12216
1224
35892
28910
26883
19110
8088
29952
23448
35814
34889
34673
60
36090
8602
23537
33120
8967
10391
7181
21779
11764
31752
29679
6494
27722
34653
11041
16088
34472
6488
36270
30609
4418
28971
21285
37212
20115
9270
37677
17904
17956
33814
10487
35800
12333
34585
27448
36267
9095
35053
25388
34159
15956
5795
5062
25171
6477
7855
10432
20748
20452
15855
5451
21150
36900
35304
28375
14027
30613
26453
2838
37363
35171
13996
20919
3476
17943
24713
11562
7483
33729
19095
9703
4359
16267
6320
922
12502
2907
25453
18268
13552
17423
26518
20864
3451
2069
34493
17248
35642
16687
33062
16388
1011
12035
21303
17130
27894
16073
31828
16333
34898
33776
3827
27838
15937
13656
23411
11971
5546
21561
28457
33256
18602
34560
31391
36852
32535
28849
19206
32767
34579
32459
11080
11778
24040
14266
15822
31243
26965
7038
35522
24757
20171
36183
1790
26865
25486
1009
27876
6226
17801
750
2068
31818
1199
25474
14159
14868
19441
19664
18312
22646
37052
17224
32026
35653
13582
5897
1726
19039
1885
5041
22531
4784
1561
9602
20316
31308
14211
12510
33421
2113
10412
12252
35284
892
6037
18841
25506
404
20043
4734
33484
4019
26606
1825
34926
26873
21657
13391
9840
24334
18708
20798
5945
23814
16082
27582
28520
371
9386
6465
20739
33196
29305
3355
23647
30955
898
17647
16887
12938
3556
25315
28888
505
17844
14062
16597
4753
33907
34520
9817
26781
20226
21060
8589
19094
3141
30136
27801
9872
15574
4484
4120
10039
23366
31884
37536
18867
28577
3965
14603
36212
13874
31007
1230
22005
18674
9029
19152
16359
23645
6766
16324
3552
16478
30576
17006
16002
784
11165
11144
24383
7239
731
35834
8508
35369
28967
6639
20331
37500
28514
32090
30958
10284
31268
11650
4719
16838
37125
24863
25100
34319
32622
4873
14066
4511
20404
27474
33466
25998
30295
6486
36308
18216
11343
24825
13339
27958
36519
6462
25222
15681
935
19010
3430
19418
20588
1438
6372
6219
34451
7135
18919
12048
9184
35302
22642
27550
37381
36618
28381
13592
12780
31563
26194
26689
19198
19608
26101
7203
28843
4538
17061
35988
32824
21845
10456
2118
16524
30735
2026
30515
37647
11434
29371
12268
29780
33952
27025
19990
25491
8799
14702
14849
17530
387
9249
37337
15031
3387
36069
4573
15336
24587
23115
37438
21680
19684
16369
35647
37111
26336
35211
1493
601
32369
34586
12150
34688
35858
2967
14482
5182
33684
11771
7122
28681
16668
3682
36788
7360
31870
11616
11172
15055
18111
23040
6549
2357
19429
26380
15228
18276
8951
5289
23028
125
1253
34474
14125
15099
24044
14221
37126
5860
18780
5028
32347
27055
15204
3829
15461
25716
19567
11188
19079
12714
9345
31867
16445
7171
7074
29276
29419
865
4824
19275
30138
7240
16275
26378
787
18370
1249
30015
27347
24034
2560
6665
13718
7374
2315
9616
20181
21184
27406
7614
35669
25985
26389
25773
3544
34572
30937
5169
36587
19243
9319
32022
18381
11673
18115
24249
36580
17258
33312
6650
2586
6961
23229
35525
7287
23664
30319
9577
25532
37410
30184
15732
7883
25287
36807
36942
24211
6558
34741
28988
2635
24117
32762
31480
6308
30405
22579
29022
11857
17001
23062
11167
2048
19338
30578
31838
33224
17365
24499
319
9541
34304
6216
21056
11518
19831
10963
36923
35675
32245
17162
36155
11102
1623
22078
33259
32806
26031
33422
25399
33142
29602
28942
18618
2757
36105
10829
10230
8115
14314
10195
33310
20786
16131
7417
4566
33019
10382
17840
22161
17132
12777
2114
34689
4930
3703
6526
4361
26787
576
12826
2690
13678
10868
11131
3200
13170
32004
18419
27623
18656
14300
35501
13287
32598
16850
35342
28441
15290
27587
19927
4524
11176
16852
29116
10632
13150
33480
661
8437
21716
7893
9195
8913
2667
18711
3925
33660
18558
23912
35376
30732
29629
21
24803
6622
34788
16601
21433
16217
8323
9306
19494
11889
33473
7638
27763
14448
6942
15764
14519
21118
7800
18039
8288
11791
33420
16081
11111
21163
30392
13368
37665
36605
17554
7842
11738
18481
21432
11896
16577
39
16520
33540
21681
29973
6649
20712
9062
8947
16352
6568
34077
32125
36940
18637
27857
14436
2836
16086
21065
36758
26670
28786
29555
27430
14272
10475
28066
29333
23585
27835
22667
28822
28860
9499
35805
998
10190
16869
14036
34026
16242
28234
12832
15743
31656
12389
17198
28689
10215
6029
17942
26451
27017
14854
32302
7602
17782
12621
6613
3204
16591
3170
22575
37019
2239
25045
12306
7985
26180
22253
13151
32290
16603
14562
7103
7411
17704
33777
25156
10992
14463
20692
10278
7217
32830
34787
25255
17739
10655
15357
13611
27595
27632
8853
33365
30384
14663
36101
11194
28796
17744
4985
23630
9337
2448
19126
19231
27753
32508
36666
11121
20836
10222
35551
37393
35939
14583
3876
37573
1027
19906
29777
32869
23133
7736
34186
36752
35784
33592
36626
11208
26854
33621
15980
4906
34001
34903
24007
24914
7349
24516
16807
30413
34913
21722
12613
11048
14636
15918
27941
21274
18223
33013
14283
29471
28678
21210
19889
16040
28871
2115
22755
13327
17102
3001
25032
20485
26859
13573
18354
33111
21687
3140
20141
8946
16628
12849
16847
25928
6060
7214
31570
29816
24967
36422
7926
29756
4381
7688
9722
8954
16776
23031
9883
19287
24688
6382
17214
9120
10199
3392
29811
31787
14751
11213
24416
20946
29366
30839
9132
5434
9803
7164
1078
12573
21812
34820
25750
23079
27875
24471
21759
7767
30596
13130
35619
7919
19708
11507
3469
15213
14546
9496
2001
33095
27236
18776
19451
36801
12972
21069
8512
14379
525
37059
407
26112
16642
7734
20851
35687
34443
37213
36707
6429
35191
28685
36481
10652
20935
19000
10381
13476
35739
23708
26630
6612
22508
29275
36932
14972
201
35589
21592
1383
11596
13118
6495
37238
33533
13171
17858
11661
5057
1630
22130
86
21635
26976
30035
14533
3841
4710
2192
26343
31603
24738
11198
33343
33612
23877
4302
6271
17199
20223
9776
26696
22265
3910
7980
33024
36711
25548
10891
12139
20682
24425
23919
31510
15741
26273
18945
24926
8847
4249
23947
25278
10745
15986
36434
27864
35000
28727
20079
12590
16962
36999
28417
27195
7974
19278
13065
20258
4517
18470
9811
13419
30551
3766
6034
36343
5572
16480
23304
24485
13736
15309
23106
30501
19534
11369
35364
16925
17080
7081
2735
6772
32294
34028
26603
6897
18442
28795
34497
27053
27212
32085
25069
30396
3093
8651
15812
15777
4849
33483
3729
31455
34791
2492
9941
11433
4459
37707
22582
29623
30406
23247
13961
32257
11575
26252
12953
24175
12238
21167
16196
25210
15906
2326
14474
26577
16536
17748
21721
28164
35307
13839
29132
25477
16189
7639
14539
13495
18485
300
8046
4554
3732
2633
37321
2281
37333
12550
27681
19402
31869
21819
21473
32286
21823
32267
36021
432
15755
22393
1798
35894
30876
24210
5693
35829
28513
19017
28156
4136
14985
16896
30921
2592
23676
27273
4625
13926
4068
7215
16344
24217
7196
22452
1856
10524
26059
4994
33207
25168
22034
32979
4094
15789
23788
1746
6317
2055
21196
13026
49
17496
1374
23586
3487
20210
3640
36511
36147
32752
8734
19387
19131
9190
24460
15632
12004
24002
11112
13040
24553
17378
21736
3917
35809
33731
28312
36416
6077
20187
3056
14724
554
34125
37468
2195
25141
7745
34452
14496
32236
31360
32237
26719
19415
729
15784
32938
21109
32385
4941
30247
32363
6472
14406
11449
7577
21549
13867
12713
5857
510
30521
1426
31614
14919
34109
1113
640
30623
30079
11019
16727
14464
11196
36745
29406
31910
31350
19814
32015
22632
16296
29682
36196
18371
16736
14785
5252
34307
26988
26270
3548
1999
18838
22917
17615
2143
31666
12380
25273
35295
35581
7845
4623
16930
16908
24577
28274
28934
22116
2086
14470
23382
15509
21767
8155
521
8903
37473
19688
16685
35204
23319
35921
30477
23061
6580
3994
24381
37018
36472
12781
17209
1965
3721
15827
23603
35218
29478
3734
30726
7086
35130
28891
23589
1406
15709
33559
11327
14364
13159
36125
28470
9028
4981
6065
28916
17510
12256
21343
19911
2396
23433
14628
21204
15793
8327
37166
6919
5567
26541
19200
25524
11963
20920
5444
33255
5208
37279
22211
32246
11566
13928
4374
13082
31590
9781
20631
25344
4010
23805
13186
21281
20721
80
30133
14729
15121
12666
35097
9210
33394
15734
14209
20743
35032
997
10693
1289
37439
35036
288
10330
11332
11859
6826
34537
23467
18020
21106
208
10197
7709
17952
28213
32168
31942
913
32872
963
22921
32254
28829
5821
26895
22681
9013
28046
7978
27974
35635
17624
37310
9924
1812
23550
10932
6668
26392
7682
37317
10544
5088
16184
33477
27426
20240
8881
23487
37676
12491
240
35745
22836
25423
21569
27141
29008
31070
1580
17201
36378
18298
1204
2360
35746
33646
35640
33400
1367
8471
28446
20363
17255
34384
7006
25871
37242
20560
17883
23519
11062
35401
34119
25419
29979
19530
29037
32974
28784
10798
14446
11136
29750
29243
29070
14581
2860
31231
37071
22782
2548
20418
10043
13781
36171
23143
24366
32686
6567
19637
8859
26704
30373
14458
9804
28329
23222
12788
37681
14008
8176
1665
32586
36363
19676
21897
37581
29585
21529
31177
7744
27638
26772
20476
14951
18575
32357
8315
2594
6661
10392
23426
19552
18249
1042
13714
23889
4070
24656
35461
435
9374
12936
6255
17605
20398
1925
1667
27820
11698
7145
4299
25831
29987
22105
6512
25015
16358
2097
9128
477
31961
18778
2944
17196
3932
21965
8325
2193
4315
28104
21757
22895
1775
28397
30010
34868
37674
31730
2934
30784
12670
16430
28101
8157
29439
12643
26800
21228
36685
10801
13306
30309
13618
5903
37489
11838
31297
9372
23300
17029
16713
12001
24243
30140
17153
785
21611
28863
25934
18004
5029
32353
2605
6865
7111
36577
26064
19112
36648
19246
1352
20253
23424
22139
31108
3953
20080
35591
12392
20149
35842
18145
32723
22277
33999
19465
12872
21648
5304
20362
11236
28453
26765
5144
24929
8289
24837
25350
25262
4926
35298
20736
30774
821
30771
24412
18347
37401
10427
12927
19395
11816
10416
7500
22395
28440
35506
15443
4244
25842
15677
33349
19384
36331
7061
28016
34995
26966
11629
4791
23953
27411
28444
13758
2772
30302
35724
37470
23007
19204
23391
27889
13822
25531
32821
7370
30916
21772
30020
25328
17062
7949
14584
29045
29451
34053
23033
36133
28895
9619
13535
3418
16245
19598
36831
21676
29840
19989
20661
10212
12045
20208
7879
22970
24512
18749
18123
2855
30869
7348
29250
13889
28648
31586
14682
28757
6892
30919
26015
19640
873
23675
31640
25436
17108
8362
18719
25322
35030
27790
8703
8039
30419
7070
28673
8530
1160
13445
26860
20041
10251
336
11668
17740
7182
25455
16323
5454
15102
9685
4226
26063
4692
3976
1830
13688
25740
24655
3366
11367
10205
14131
35297
13629
2340
11368
33220
25327
27385
18756
19279
26722
29219
30342
6637
29930
30556
23039
34003
24858
13467
23119
34552
10402
3285
4146
24945
18584
25380
16630
26458
32262
25094
10717
7415
30849
9627
27278
20761
35242
5260
36588
20427
10560
21720
5234
16413
29926
17930
27716
34306
27332
12401
34772
28267
25643
5411
11740
5247
34776
27897
4754
13569
6140
2932
2752
9145
36181
26598
24802
30069
15820
33859
4943
20299
23997
4016
24065
36302
3389
12334
14353
13494
17523
26131
30719
15908
32627
17016
5130
27910
17241
14088
28710
962
8295
14792
24917
10321
5609
1883
878
31174
25693
23943
35372
28883
3468
12152
36975
19358
15503
10537
14426
28110
14497
25598
27978
22962
17268
34973
20700
19809
31721
35365
36003
13061
37027
15378
13307
4311
21191
13836
1712
13892
9309
24145
27913
12562
3683
13634
16240
2441
19423
27093
34450
34166
4813
2747
24514
33651
34345
15633
9385
37479
31036
17772
2300
3608
27608
4551
16511
23323
20958
37382
27221
16987
18495
6389
27579
8395
22469
24495
9251
4520
28178
24699
34947
15636
2101
13577
5682
4945
25655
26638
22015
21891
19142
5004
31338
11360
26216
20004
28085
36696
7814
21453
7046
35953
37491
27828
31055
4403
3699
6483
24566
16213
25755
25937
23013
6982
32008
24433
10768
26357
22166
12778
9115
31452
30549
29353
1479
29596
33410
19759
15024
11781
17633
8250
28205
9738
2412
10269
16506
9591
31623
23446
29149
29747
27014
15305
13556
35408
35683
846
27986
12113
31029
20531
4922
18532
1531
34221
6682
1111
18217
12498
30223
237
24236
24590
30094
20294
28627
6390
29962
34242
20438
20716
30403
1180
22564
1568
28841
35028
29740
2801
36600
8735
15554
17856
6884
18407
4348
5136
5573
24832
23819
3918
34591
5395
32874
6110
13014
12711
10724
31811
10126
33893
3216
34465
1674
8880
15299
32773
22557
18377
7733
25570
12058
5976
30694
3277
25723
10669
12991
14430
12437
16572
627
7218
20049
437
35654
28065
12092
2372
20950
12298
16187
14818
24250
33170
32490
10539
22250
36856
20595
20666
19845
28574
17178
15661
25827
13570
4792
24214
5585
1845
36067
19472
20074
4728
36691
15104
23807
6482
75
11427
14551
7420
22795
6794
5521
25019
20809
28939
29021
780
1522
25751
28059
21565
34540
30796
24031
3822
28652
18245
3203
20725
13260
10116
18450
27592
15173
32306
31183
34963
10339
22811
30158
30676
21832
21713
14418
13711
10350
18766
34990
17426
8695
34453
20522
14515
15482
7087
2064
22252
17693
27089
36653
18779
31383
5016
36352
20911
35248
27653
24095
8813
32704
3275
16172
35139
20998
31669
33898
1660
36880
13013
2877
6007
33398
21449
31233
15521
3172
24230
20979
6450
12514
12549
21123
27998
20464
1870
4111
1452
20656
14043
35628
27811
37531
22121
27967
7640
9160
18746
28804
20067
28537
34447
28840
27692
33992
8211
31154
10024
20689
24536
12892
29100
33569
35470
36239
37441
2432
30248
16716
1947
28343
21254
19878
26833
15273
1208
34148
12120
10805
22923
29417
37299
35215
36650
12873
1138
16698
138
23445
22901
9549
30645
31953
12795
8809
32273
17698
33824
21117
32160
6419
32478
34236
11599
35480
30817
19355
10129
34608
29338
16831
7014
23237
7889
24997
35413
34150
30678
18415
32778
14691
22323
31864
7618
17433
27651
683
5505
30338
6092
31182
10977
30795
7199
30095
17205
30216
16748
4433
4974
33857
16926
4420
10386
28960
35235
4893
25268
36320
8562
35052
17534
15935
19550
6062
12733
5706
4413
16481
32387
35600
3214
21465
24921
6347
3908
37669
27098
24886
26460
2746
2016
23531
33144
8302
31329
18089
19499
10028
15869
928
14721
10319
26139
32941
17519
26235
30003
31440
15926
2793
31770
19699
14641
22518
13646
37539
3843
11741
15943
5789
5943
36342
36010
13819
1240
8493
5661
20639
26147
18765
35831
26904
25709
37440
15904
7355
16239
9443
26403
37168
2828
18944
26768
24085
12735
2209
32870
29012
3335
25286
351
22926
33388
19335
17761
26579
7690
34129
12258
19007
11404
16022
33446
13111
417
30720
32558
37141
21986
33390
5014
31109
20144
5401
4163
28186
36624
4109
69
15572
26070
17899
32462
14215
23976
13172
6036
9797
18388
3786
18675
34684
25807
30918
26192
25804
27561
10338
37388
2827
32042
6212
8983
26529
22599
16503
25915
9320
25749
15953
26368
599
25203
13772
14662
29157
3000
27117
25704
11991
16569
5665
26850
6251
21591
1161
30436
18405
17599
6100
26846
15555
35404
5013
18336
25317
6165
1651
4368
35459
4291
13384
31699
20591
31513
26029
15608
35554
16693
32903
25636
12182
15114
22506
4681
33716
11418
3368
23845
10935
25672
24736
20782
30669
24136
9244
35648
18106
32329
18685
35278
16738
36516
2643
34933
30008
34386
12456
17926
17186
21074
27336
35362
250
21995
35734
12676
35994
25892
3774
14259
26936
32409
33974
23241
8312
24958
35523
21199
22007
18425
32614
34283
13753
36165
24408
13365
19904
1094
4509
14390
37398
11525
33505
3731
18887
17569
11851
10779
32074
28188
23881
35541
22817
3184
28449
25941
37175
5279
15294
30448
30458
11471
20913
37047
10958
21980
24995
9965
6755
31517
25054
6032
3545
18682
21451
25902
29606
659
14123
32699
17609
25075
34427
29498
9655
4091
6962
15420
12554
903
6045
30847
37664
21424
18813
9234
20403
37087
9972
35075
26549
32739
23441
6273
27327
12679
5414
449
5093
9892
19439
25854
34626
23075
14197
25011
20317
159
11050
14256
37356
12288
16675
11053
4748
27130
7727
15690
28081
29301
6169
34365
37541
11218
19249
35485
8048
23166
20887
17282
2776
10552
30099
6725
34407
16412
27339
2960
7603
16008
3716
20651
24773
4201
31886
21726
22920
27435
12222
34342
10122
36445
25828
18211
5809
24076
11046
13953
11115
5420
6144
25718
324
28264
35092
32410
18842
18157
27351
22666
23220
9334
23917
8620
27498
4577
2399
5808
5131
7876
304
2294
6818
33426
18535
6071
29675
33846
27226
26435
24951
9278
24466
25970
15215
32880
33867
21742
22085
25590
12289
13318
8264
1779
7395
7472
17120
25468
12576
10095
29163
35837
11958
5752
12533
29939
6880
10936
6327
15988
21735
3230
15194
21022
36732
10322
5756
27578
28769
7609
27342
15972
9364
34558
9224
32688
22845
31584
15258
36646
8721
28583
15000
35860
33725
30598
3122
35546
11874
35343
28515
7807
19790
2546
34260
15666
24576
17561
32424
8141
33428
7783
30738
13876
13515
32900
18826
37687
14116
22159
17913
21817
28035
15293
4203
30552
1789
1989
36458
24194
22446
8604
28291
19682
27206
7421
21530
31193
35942
29738
23134
29502
22057
11405
14726
19543
33140
31534
7245
11560
25561
32303
14142
10608
5851
22382
23107
21972
10758
2814
27376
28199
23058
5980
11777
33467
28649
21863
17584
36326
35465
36259
35187
529
14192
9580
512
14097
4834
29512
16246
32958
36865
33969
29429
8753
16278
14411
11795
12602
5167
25218
34954
12866
13951
10143
15728
15610
20431
17900
33672
16115
6807
9599
10789
847
29352
7296
35089
18781
27061
19992
859
14270
23318
14821
19031
8999
35543
22769
13778
27514
19707
19029
19168
27926
29842
6614
19723
34815
25963
19059
27094
9680
30557
17260
12924
7984
8505
12300
19997
8432
31091
19004
34229
19065
32859
19107
3287
27553
19705
35334
17048
7340
30744
14571
23732
26076
4449
5954
24247
5447
30798
20791
10149
15319
19862
25316
24241
32571
9899
32678
20271
15984
16479
32975
7251
30193
13993
34881
24705
2421
4346
25743
33918
22823
15571
8459
11536
164
6571
21906
34631
21557
2385
16096
14609
11679
31397
16326
26145
22682
12421
7477
33711
7317
21143
6831
12220
14779
9825
31993
29913
12756
4292
11481
3025
19963
21226
19096
26323
14902
33329
11913
29971
31727
34575
32444
26639
6972
7093
19364
14435
18587
28007
26610
31284
29884
19733
31259
5315
6738
23812
16827
2566
2307
26332
3616
13209
16761
1293
12874
3161
10588
29261
13225
9189
11258
11376
31320
37221
