32898
2536
6760
36135
34155
8479
30139
20564
3201
25682
35195
12642
9615
28658
8980
11583
30376
2682
3543
13344
15631
7027
36031
27274
24537
33885
11158
451
14527
32220
27418
16001
6536
9353
10404
32154
16338
27371
2696
35870
10046
18061
6393
14365
18242
12605
30110
14544
16733
24550
27293
18161
21741
246
17559
17319
16876
5814
27682
12674
16878
20603
33031
24844
28378
23452
18877
20295
26971
22898
30875
10102
13808
37128
36325
7885
10342
28232
749
7965
26516
4360
4472
16845
31820
26134
17931
6583
36323
9152
9122
31353
14026
20660
7314
30685
26880
19726
4427
1333
37024
3819
8057
4491
26223
33830
9533
24350
993
7076
27449
4492
28677
6455
17869
36275
1587
5092
21030
21362
30422
26661
23486
23717
31578
19669
24700
17996
4453
6570
21441
23619
32743
8585
1748
7838
15997
37476
14940
36557
28227
20352
35366
9785
34022
14449
13430
31009
19864
33850
20945
20170
19685
16429
4485
9347
32480
11563
17681
36651
12886
20029
26923
27845
5738
25556
3803
15898
24635
6335
18987
36248
28022
35515
2141
33949
28999
11875
5739
24197
34049
13273
1551
30280
30783
30558
7935
16474
19728
34294
26445
179
24009
30226
13983
2686
5386
35055
25234
16568
24852
18316
5493
2596
10589
30198
3237
20665
11296
30932
32650
19959
7053
13599
6058
864
37306
31751
6582
19675
28257
33784
32820
12420
24645
737
25488
5237
5667
20351
36344
26304
16467
33665
30706
26473
24039
11199
16243
13033
6811
16439
3365
18994
9176
25398
14590
21660
1217
31628
12915
31021
24851
13590
13348
3038
12075
27895
32524
6888
17476
18050
29597
8779
31093
2549
15066
30650
10837
20590
8167
1114
11123
17244
23360
24215
19539
20417
31710
6825
24622
2181
35978
1089
27506
15961
25274
37703
3412
7440
9717
6194
4014
24696
10103
34223
29967
26449
8301
2029
13398
13881
37684
33182
26083
9947
37196
29572
4208
12973
21425
27348
14577
33221
17953
1346
4304
5583
11333
31189
34690
26657
19595
19752
37554
19971
10889
2669
677
29976
24079
32689
9628
17037
26475
8340
34730
33143
3946
23662
24744
31212
11222
20907
21568
11622
15960
12136
25525
25413
28751
21857
11464
4870
9742
20705
25351
9314
5244
14217
13755
12257
1395
5834
28600
35636
29176
8153
29217
36538
5524
8428
18364
2530
11045
25039
17538
429
30360
1549
11922
7241
34967
7319
32238
1897
13372
7513
35567
16435
16149
8942
28859
22284
33100
1734
4822
27782
7651
10376
3624
23776
633
6629
8962
34746
16381
26835
34693
37690
9688
30236
23895
28015
32666
17980
34025
14787
20260
8091
19301
29713
36132
329
35586
24793
28321
14165
6887
33043
34687
29210
15188
18875
20124
2457
2463
11737
763
10144
23576
25823
35732
32398
12192
13447
10007
29896
5045
20715
24686
35082
587
33881
12145
23896
15609
37389
9361
17454
33067
30974
2583
31434
18516
20161
8548
21105
23042
7934
16366
29752
29099
15535
1477
10060
23991
18635
15957
10236
10974
19532
16063
24872
26346
8440
12072
31963
10002
36204
35786
24743
25615
1014
14795
19196
8045
5987
742
26418
2558
9786
15708
30913
8968
394
16249
23144
30962
22675
23610
17438
30031
2500
24222
15864
23479
4338
5317
30143
26954
12098
17279
36041
23262
20343
5095
36209
18549
28534
7330
18612
34247
28834
4106
24220
16095
34122
9212
19097
32167
22912
17843
25235
17577
35514
36899
12672
27710
930
30628
14015
24778
32637
34031
10535
18469
3460
32937
34937
7191
29283
11486
33156
28064
18795
34998
5492
13274
36153
24718
3215
12994
24819
7951
3575
25331
29773
19302
33301
34459
21309
13877
16820
37123
22436
18169
25489
22651
22967
33380
36688
13834
23470
26189
10902
5473
11582
18988
15510
32178
27543
26054
28533
5280
15564
10424
6452
27583
2140
14087
11353
10127
24526
11792
12077
2873
5806
6676
5767
26072
23883
848
16753
28040
19621
25944
36288
11831
32729
31337
7071
3733
37339
3290
1492
27644
6995
1420
24670
23172
34469
36080
36921
19553
3120
36632
15185
17991
15465
16915
34671
2128
35540
14735
14761
21973
34707
25271
7422
8208
31657
8706
5650
19848
30500
901
28076
24125
36076
13498
21803
21663
14255
2545
19087
31507
36328
17326
14649
15096
26900
30859
3954
9626
32848
25173
10542
25626
8532
22108
13948
32066
33275
23825
11646
28458
2524
26633
9082
936
27745
33816
33064
3240
35810
2004
19642
14773
30568
44
4627
9731
24704
5951
15285
27861
15832
33941
35265
5747
2515
2720
8069
30145
6965
34314
34010
18642
12932
24445
6215
20231
35971
16174
31813
17973
5631
8192
9113
17638
18852
37002
21166
36585
31304
27379
30259
7735
3588
31500
21410
14543
34296
10034
25982
2442
25333
18628
15132
35346
36261
9636
36675
26093
14589
7860
26474
14620
11398
11259
7476
32099
5114
2470
18524
14247
26000
7029
13970
6894
12062
17410
29648
34183
10797
35047
12343
17675
7176
994
13917
14136
16677
7598
14782
30311
14567
35356
11699
24278
36218
5652
22672
31821
4952
5677
31539
27152
10673
9358
2042
28254
35899
13382
10500
26545
356
23307
768
238
34380
16884
23612
25092
23762
24968
13473
12734
33804
15042
25475
31788
13154
9262
37110
4081
18876
37400
6227
27179
17408
8337
5988
22778
17921
15165
9720
15731
30569
36362
27670
16464
31801
34866
16535
4257
25872
4447
13167
4168
6931
6543
30832
26411
31998
26824
17810
184
1821
8605
31804
14677
7309
11691
34301
12446
26097
16942
17253
23320
11607
32868
2050
12635
25977
37219
27615
25029
17195
14731
27183
3022
3461
16824
34504
33509
28550
34311
6786
35410
9007
4008
29072
21606
31600
18764
11960
5126
18550
32850
12235
9098
18903
687
4773
3601
6597
14111
37620
35136
18493
25283
7059
7216
21287
11096
8044
17564
26771
8370
30206
391
29459
4125
26393
23656
29139
14140
2356
10803
30154
7716
24289
21792
14901
14675
30298
32851
4261
28309
14597
227
14953
32509
11299
10772
14144
6247
36914
20796
19881
23632
5765
8626
8906
30495
8213
36139
31486
24449
12561
27354
15247
25889
7672
17451
20510
11527
6431
35508
1123
9341
4343
22635
14640
3905
6240
28332
6288
5555
16039
35091
17288
29669
25422
18840
23473
15436
23694
2310
31049
1187
9391
1299
2979
32966
5442
19135
24093
9646
12393
17488
20075
32356
33782
27643
5156
22971
17946
17783
22309
29257
28707
5960
13232
35632
18127
19024
19573
25788
19742
24155
5149
26173
15410
2347
11069
32258
11832
30322
13240
8937
10186
16826
9204
35797
19236
7442
7072
20550
16764
9440
13906
35200
20626
23927
11880
37527
14809
12631
23199
29362
6621
33265
27163
10896
8414
1757
31659
4806
29292
36050
2779
13561
13909
8324
29396
9
15891
3904
1125
26077
18047
2897
34698
14880
265
439
30341
17193
22371
25756
13950
15414
665
27405
13196
9728
36912
15147
29902
14154
24814
18589
33171
9472
29944
27099
18704
27346
27458
14070
22215
18402
12183
7563
29863
19966
29587
25899
10995
34044
22547
1322
21395
29134
12544
22083
24204
32140
23863
24087
33276
22328
14674
16777
24371
32918
23542
8023
8209
3440
22414
7025
33338
2578
14960
1898
19551
16442
25189
634
29953
16120
9381
11821
32700
15134
18582
14832
4731
13358
5776
34849
1832
12626
22954
20192
9983
22501
29350
22617
15531
5406
34561
7761
35915
11230
23082
26169
22276
26556
17033
20152
12358
15597
34595
4239
31783
21944
16932
31107
21137
25623
7571
22491
8310
5968
34092
33766
29435
10479
34267
12335
21810
4957
17789
16889
33052
10950
21758
5651
8750
31900
26626
4602
29025
17025
28219
35964
16298
11930
17729
12037
21551
14807
35236
37649
29546
35780
897
31454
35560
22544
2249
23205
3810
30902
6546
13832
11203
2437
18052
36905
26268
25133
36023
24725
2613
22737
37645
30061
24952
15126
15712
25391
31758
7335
29706
6795
23545
32064
789
33671
26237
13421
989
15422
8877
35934
11008
10349
17180
28543
31479
23209
25450
36475
6734
18713
22189
81
18330
1945
5603
26255
32127
27619
3349
22216
10023
34004
2632
12321
10466
14361
10773
1871
11331
36496
32438
11961
21010
22303
1035
15148
8061
18811
23864
20346
13074
35115
22374
24369
2557
24801
29637
23483
17114
13717
34551
3770
20932
3506
25143
13541
6085
28931
11714
11619
17291
3549
22145
25230
20263
7390
30804
30636
18999
8346
29123
13236
15544
32745
31678
20891
6268
10114
7175
17653
34130
3510
15406
5630
11745
28388
6732
14871
30951
35712
21422
37224
10664
16272
34154
34697
2079
24647
32976
5644
29708
20319
7148
15401
14016
21629
10227
13246
23621
29845
22734
5153
37396
1596
36305
20434
30619
19386
26452
7397
20034
6228
34893
17524
1685
5839
3705
5588
20893
11456
12588
14604
28969
13873
25769
26829
16123
34685
34607
13572
22647
21609
20885
1100
29730
21574
14695
17682
26573
19209
6617
28638
20897
11477
6413
4479
1539
12472
15187
9862
1429
31378
7636
36146
13615
26906
11682
33378
15395
31473
32786
1778
7622
11154
10806
18351
12083
24312
20303
4267
16752
36567
20867
10660
33946
9134
23198
27626
26927
29537
29327
203
12180
3861
12616
33803
9832
22150
34632
5233
37405
29694
8369
1747
32609
31005
30846
4001
31702
17923
22368
35875
25603
12694
31610
279
292
461
31072
15759
2989
8521
17859
36552
37643
24786
22663
32933
13263
3879
16659
27210
1203
17911
29423
3155
5927
3985
8884
30897
1766
5407
36992
37241
7293
8241
25946
30870
33347
5499
21957
8857
16615
664
10833
1601
11907
22434
25247
14407
4198
25781
8647
36996
6656
17383
3257
22610
5025
8787
13558
13113
35165
36122
14033
11247
8109
26001
9835
18566
12971
11484
14438
8576
9017
22688
34658
14251
7465
16079
32313
705
614
12683
15033
30976
20621
35124
35349
6619
11982
22035
22516
12033
15880
10288
9215
24535
19840
18084
9759
33260
7080
10248
35415
24411
8870
33404
15373
1850
19424
24058
6179
21693
10091
22797
15346
34777
30049
13333
8665
20566
6900
14722
15670
8960
1432
5319
25725
13524
12784
31911
7575
28259
28827
29075
31555
15524
24273
28175
31232
34794
9426
32121
31022
21036
7568
11338
30736
8364
22814
7452
17070
34625
9100
32067
3947
17767
15355
14431
33372
8662
2872
6881
20616
16523
8033
3406
24435
18825
27830
6655
31620
966
16823
6540
19592
11705
3097
13418
17327
17328
21063
33050
21142
16656
33718
32185
33409
26723
3103
5594
14844
27153
1541
15523
16419
24100
3891
13420
10886
562
29665
23012
7402
23284
14485
8275
18126
13483
27105
11120
35693
2965
7612
5690
30051
27441
16909
1926
16537
36947
23291
230
6440
6366
27019
26998
8504
21925
1088
23275
35170
18326
3848
21482
4318
26776
9893
9667
30231
12013
35929
4528
17770
30841
26810
25795
36939
7546
29425
23867
3790
23685
10587
15049
37032
27338
21121
22154
416
12981
26848
24712
2843
10069
12391
1806
10566
30217
29088
16769
21798
24950
32890
14839
23316
10474
35848
30898
5929
6687
16417
8893
14226
9403
23048
36811
29363
32800
10148
27052
10704
33079
32129
11219
9360
33595
7693
10243
17897
29246
9137
9525
23440
5311
7604
22908
26907
29124
31359
23131
6632
9235
21760
34317
28427
14777
31402
23086
36229
14440
34748
15362
25196
22127
19511
10352
9706
29507
14704
28538
7695
28275
21725
24347
34981
34876
37385
19479
29591
29312
30969
31166
23050
4204
28561
10482
20087
33501
3584
13394
20239
18232
12478
2382
34214
31399
6292
32605
11145
34657
13024
7816
36617
261
21671
28243
3923
18905
19011
15516
16141
11142
26191
10366
18446
7675
22523
11480
11789
25340
35455
18044
11999
36478
3494
36804
4241
32020
4391
20486
30896
25084
28194
24143
9219
32556
2763
13441
19214
30333
13731
4119
30161
15499
29161
26257
254
7120
19893
32319
18557
10408
10922
753
16191
26710
35520
33475
7234
1221
32732
14835
36993
27416
16236
36541
29483
20539
25405
732
21522
101
14965
22192
16700
4655
14224
32382
7550
1282
21027
32036
13004
32885
17741
27860
13460
22301
23744
17207
12969
10580
5030
29664
11790
26085
22207
13539
20927
14566
21789
22097
18737
13505
1678
19297
3484
32484
32742
24129
33370
15787
15512
28098
1275
24500
27161
27045
31976
28239
14790
28564
32516
33795
11811
16411
26791
10488
18551
20577
9397
28947
32465
19956
2433
28327
4652
29232
31485
19199
27058
944
23850
23900
34228
14638
30794
37256
6635
24490
15780
5643
36377
19793
25352
26
20407
5975
12103
10604
17517
5947
9911
4678
15883
4830
28155
13354
14999
745
36863
18260
8482
14668
13691
27328
16113
32213
17481
23515
34140
30300
9340
34136
28547
34226
20267
8118
20193
17075
26568
5679
32783
19262
8856
27906
17044
23112
6008
28505
24422
36544
3235
25745
2818
24124
23250
29278
2446
14306
6968
8794
29956
13366
12025
19239
17839
8788
3295
22825
11420
2444
1021
31202
29566
13816
2862
26133
19718
16057
24212
26464
28123
33354
12559
751
30631
12394
26478
36313
33739
17799
2230
35673
16674
1960
25722
20683
22377
23738
8344
7750
25126
10591
17299
2930
5840
21406
12989
31568
28923
23755
20569
18578
17306
9165
33991
32142
20010
19247
28588
17655
33617
21733
18179
6812
8426
2945
31677
26028
15530
9101
5923
4713
25326
4836
13301
36824
4283
3066
8186
35049
25882
37017
18479
31048
37362
12681
23326
9077
12926
24295
807
25128
30853
13660
18250
19242
24867
31720
29871
17976
29890
24798
7653
22773
11028
1245
12281
34629
20605
11955
2847
4064
22101
24169
16472
2461
25205
7204
10208
23702
1876
30438
20941
3490
2845
32486
16163
6098
2590
34467
8900
19159
11856
27112
28722
29998
7881
31965
28799
2767
8380
9903
9507
24870
33965
5043
30888
8456
18605
30134
6066
12375
16477
27224
36756
13862
19584
12168
25469
35847
14537
2159
29839
32697
2277
12667
20103
2471
10785
27569
26831
18301
20694
5225
28387
33973
31873
5139
15850
15876
5515
28915
2011
27870
11729
20245
24943
4252
22272
1081
32716
35967
33232
26290
14800
12876
23604
25252
1318
30062
1246
26365
2394
34257
12695
13303
32277
8748
37668
28476
18740
15859
10026
20647
6421
28620
4789
8499
37142
28737
9045
2959
25516
1403
16203
17803
33233
466
21492
11395
23114
26902
15844
9552
30881
19310
36020
22942
22175
18922
17936
6592
21033
19409
476
11394
6363
19657
35002
979
30227
5439
12528
20833
28494
34515
19627
22318
37430
2923
13080
20433
14472
11082
18717
5919
33982
889
37481
267
22589
28237
37574
33309
22347
26253
10812
3711
19383
22279
36064
13254
13756
31619
17176
1037
16999
37078
19896
17501
23122
28293
1858
37558
13123
17820
24309
26115
25507
35101
11445
28720
6985
3289
888
36616
22618
37549
18239
19003
25885
15110
35205
7782
35952
7197
10643
2702
6757
17972
26244
17848
21740
36937
18865
4005
12422
22091
33962
9245
18398
5403
7722
37522
31852
1796
27016
16147
16891
6119
24110
25824
3270
7599
19890
25546
33785
17222
50
21718
24857
12435
29672
30097
33234
35700
10824
22186
16937
18978
30601
11852
33876
29258
27011
20916
33000
9342
6851
5581
20843
32239
36215
7676
5003
30531
37075
20602
3135
6708
1225
33732
36024
19044
2291
20622
34838
6078
32153
35918
26909
8462
20048
6981
32952
12623
31862
1102
6224
29925
29486
3231
145
16607
13817
26508
27325
1436
36671
11184
25938
10948
33615
26560
14355
1024
35162
25564
22759
18065
13454
12954
37281
22399
14156
22334
4054
33413
25420
6721
10156
8944
30612
3073
11893
25710
1303
24970
32603
25044
5507
35268
30117
3033
16496
28297
21859
3553
5961
9531
10703
1006
31974
16864
19032
18320
7167
31146
19098
9754
5373
23071
37505
1392
37358
20780
11175
5855
808
13559
30541
25031
33445
15706
17962
17912
8351
3294
22029
19791
23810
7991
19545
15517
7023
23451
26581
12599
15004
2156
22365
28674
21293
21912
16490
8238
13683
26523
35912
20583
26925
11350
12487
24138
26408
1732
22662
3124
16968
30506
6451
34105
14990
37521
28395
24353
31599
27110
9461
29066
26636
11644
13811
14813
9643
25582
1958
33855
35769
23139
5940
6266
30802
12207
23279
32803
32164
11916
21345
24407
24881
8747
8708
26049
27300
34854
21223
14647
26224
23295
25591
32018
3956
11295
12469
7724
17775
2931
32308
15688
35250
29941
29077
17654
4259
31592
5460
9373
12294
34232
27041
21205
27499
27817
15227
274
37
33069
34263
13722
13929
2314
20954
30380
19999
18430
28589
21062
14143
28651
23783
8520
14312
906
30992
35671
2589
6770
36240
7997
19915
22687
10216
22
36793
20461
10937
36265
5384
766
15028
13345
16285
35168
12651
36086
26484
10115
7584
24747
13282
34999
3541
36055
13392
14814
20521
25217
20740
13112
177
18136
31916
8536
4697
7839
25577
28260
25384
23980
17945
12512
1677
29199
4637
19012
24048
15948
37216
12272
3899
30308
4811
15308
13039
10259
9328
5621
30824
26240
22226
24344
29642
34361
19078
26487
22466
986
23485
11310
12350
20996
34328
29014
35270
24099
17374
4928
1944
10503
27304
13927
31779
17716
9264
2216
4712
31283
16125
3116
2196
13203
22052
33216
8636
17794
18077
19470
13043
34359
19622
7591
36188
6974
21454
33772
28887
16617
32911
14425
4510
16813
27103
3605
17478
1465
26911
695
5751
33351
4525
13397
3869
14177
32128
16929
26651
4274
29096
34146
23073
12009
37524
31714
22973
24855
5656
10708
13830
32997
2280
5762
3220
36556
3772
3361
21512
36386
18979
32748
30494
30742
15069
20710
8412
26982
14083
3003
22633
1664
15052
33005
32525
7435
20250
5663
6103
7471
1524
22087
19498
27151
10564
32108
33157
10783
18334
36847
18900
35655
30299
23915
25908
10301
8015
4487
14285
28054
1118
29392
6528
4706
20159
18901
34102
13780
23756
4279
16139
4124
30800
33964
26013
12721
33022
10953
5937
11012
29247
30627
7052
11275
2087
35498
29049
6020
26202
23095
6373
18517
30874
11432
29397
32567
34732
17821
1579
25945
2076
18202
17238
6385
16815
6657
36697
16119
35715
31173
255
27202
31768
11163
16644
29282
37136
32638
7201
30191
15381
10747
23236
8567
3021
17719
14927
24282
30354
18
24294
5745
5215
5599
31195
1026
3350
16398
5733
29900
29388
10914
1092
12584
9890
10297
22191
26150
29924
36608
10164
6845
11678
35436
25667
8855
17419
19822
8408
11387
11577
7811
33727
13514
28610
29781
8083
22784
29381
12848
26011
2941
8953
33499
30953
15990
14335
21503
20910
8816
8422
4901
519
5571
28927
18829
22340
23078
24781
19153
32221
27783
21499
16353
3223
20347
18583
36968
15824
16765
30830
25866
24756
32707
320
33762
28209
15485
33730
14876
27035
27756
25240
18356
10421
14359
17804
30509
10854
17709
14392
6914
13114
16444
29970
30821
3501
4132
37627
5020
7637
34349
16973
13489
17067
27990
30819
24059
1235
12680
15757
23046
9339
32076
31736
9199
21682
2369
37051
2813
31848
20025
17456
25385
33957
24112
29663
6501
24528
3842
7324
33959
1739
28926
2840
25539
21108
25022
10827
1473
3987
6042
18416
12429
6577
9594
20325
24711
27706
32643
28906
2244
8684
9209
27988
19951
14556
26430
3505
27357
6318
5063
24992
33173
2325
29862
10711
6675
14447
7117
5858
10940
19570
12700
54
20176
37199
13042
33381
15736
37082
29102
21347
24198
18073
6877
37596
1439
32594
7067
30498
11901
35024
11768
13258
28
30305
13119
28945
18751
15178
19773
35263
8485
37567
26822
18725
5622
31041
27069
21933
18949
7222
22390
34728
32654
15936
13856
12722
6186
16880
543
11094
16969
9357
8795
3960
35743
6329
36175
28276
27982
15810
22869
15450
35337
28781
1590
29630
8103
28487
4875
26038
7044
9279
284
25833
24662
12901
2213
17358
36658
6904
36142
5067
1133
19580
34888
16089
19220
1893
19736
21813
27898
27850
23922
31579
6115
577
33423
4971
29127
37525
33583
9517
11056
4382
23045
15344
28517
4927
3207
6503
9955
301
8509
20835
6436
18146
17308
9248
35772
36435
16640
22079
23227
3773
8248
1837
35154
26874
34636
30327
19091
17043
30890
29488
16829
33027
20888
23928
18486
22673
22325
124
16735
7307
14201
20902
6091
13982
23231
7600
35512
921
12450
11708
36948
1557
18000
7967
3825
23232
35552
11040
23180
29611
6643
6355
11677
35039
28622
2440
35069
18721
8038
12999
3722
1010
28053
28614
29129
26996
18770
19857
797
4147
5921
7037
12363
25726
27633
20047
34867
14911
34927
22746
31147
2258
15026
1709
8407
23113
23811
2718
29914
10293
37031
28811
30523
21120
17579
24683
13785
13073
9535
2148
28080
35453
24923
1788
23315
23153
11034
21669
37639
26806
22790
1643
27611
19129
27634
32550
19599
17182
9935
24097
20305
26497
4979
21193
3558
17329
7538
14322
37029
15122
8558
4599
18882
8547
27386
23186
11118
34059
8541
6923
31104
924
35396
20701
3037
19105
29749
4323
6019
20744
14943
20358
26731
34703
36231
7399
11775
299
11501
5140
30285
37227
4665
7953
21475
6821
1084
4739
4963
24639
35103
18500
1631
3639
7918
32073
6232
21042
21926
35504
31523
9640
6943
3811
18278
26747
22761
7478
13184
5425
21367
12414
13710
34258
14494
29146
28831
32058
9939
25249
1272
7597
25514
22219
18603
3966
9805
3308
29286
17065
14035
26872
4634
17513
24179
7705
29894
25386
9175
28366
8851
28974
16744
36448
21141
1398
16943
32663
23998
1278
10088
31241
23607
12464
3218
574
4539
28088
36143
17486
34704
10480
10737
15339
27219
4533
25465
7956
11355
18791
8869
28989
33361
26943
25652
31301
6759
34284
6127
21977
25260
9198
20288
2308
778
4183
9497
9185
17081
22084
13739
34564
14056
25048
12244
1816
25151
34161
13637
5307
13000
29728
9456
32582
18823
7468
30730
31593
19156
674
5924
3680
9596
28376
5246
9999
12811
9041
33042
18787
24068
25861
30424
31471
813
17659
21938
21300
6927
18723
1332
19668
18426
31530
24300
36152
3582
16810
28708
7237
19119
17064
27409
17330
20366
7536
22232
19431
17053
20135
14981
18015
37406
405
7809
14624
1654
34917
11220
34104
37623
10672
24899
32722
16138
3084
14743
109
13790
10178
37579
22539
20551
12640
31742
6524
21012
31926
2777
34593
14859
25515
21157
11278
26325
10225
1271
2704
12215
30924
367
13149
13796
7851
24928
27914
11322
2608
36
14738
30797
558
24209
19700
24326
19612
20673
4388
13712
948
13709
32006
5245
10880
17673
16525
14886
13806
220
2804
33118
3193
1560
15740
7134
33905
28157
24256
2210
25757
228
8746
21124
20314
12776
7844
21385
18337
30450
36314
10533
4936
8386
14720
23037
18707
19370
36803
37514
12459
11328
27887
8866
6876
13281
15621
19025
25846
4607
25279
21739
4417
36309
35051
30251
21752
10063
21834
32119
15748
3478
12160
18743
20283
17140
4865
4721
16035
10496
25876
30411
32971
26594
216
1968
11793
3386
12530
18898
3462
11193
27199
9681
1731
21086
29277
2339
25256
19263
24123
19115
30041
9945
25430
6175
30836
24229
5542
7774
31018
35601
28471
8702
2551
2070
20572
19109
31054
33925
4040
15157
30753
4677
1413
18305
20586
973
21268
12649
25939
26051
19002
157
31407
12852
13625
7123
30703
5282
8180
6508
32078
15340
28496
21847
15249
21177
11559
6519
26395
27068
20451
23899
358
24784
18406
578
32031
35273
35275
7298
28272
32503
30967
5730
16343
5217
343
15591
23118
3970
17221
27900
28896
28129
13364
27180
9188
2502
7488
19909
24126
6149
36158
14064
25370
33985
18451
17386
35256
9909
29198
15637
28654
5978
15270
15903
22040
12042
34358
28506
34494
13674
15303
13048
22677
12336
1937
36828
10067
19583
27872
5659
209
17307
6304
8076
27590
33228
7687
16809
6073
34164
30499
29761
18386
27429
10241
7479
5292
20084
11749
1646
232
16041
27018
33373
28801
12779
6302
7772
24669
28073
35291
33790
19495
19557
10540
27321
6896
19189
12937
14486
27948
21452
3032
13
30310
15758
35155
5061
34498
22490
25968
8841
5920
8348
28228
35448
20375
25668
25490
14433
9514
23613
22417
8687
28640
34543
29214
26550
8439
33291
7555
14093
2443
18274
24823
35766
15623
3369
10250
26856
10041
25720
20153
22979
22201
6922
26359
15009
28821
10913
9106
25444
3381
29165
355
19490
35873
33098
25050
29390
1321
147
3840
28447
4325
4445
18498
22384
37302
4397
26757
21102
30421
29936
10804
13620
26090
33297
36354
19562
10353
35927
715
21696
32378
144
34581
23914
14098
25747
2851
4148
18462
24866
22152
32985
20896
6705
24687
3526
8140
28807
17551
6838
6160
9880
2341
13897
13485
20085
6423
26720
31170
4618
9241
37348
36744
8874
20380
3808
5090
25341
8082
16005
5155
16941
14938
5034
32528
27749
3108
12161
26607
33734
35477
24133
12104
6279
12864
21837
20019
8720
10699
7343
8565
16724
248
34086
205
5458
25991
29683
22715
13799
31209
16159
9538
27999
25433
22708
5012
1979
19538
30219
26588
67
17555
15468
34243
26448
17961
12827
17347
4065
17765
32364
25809
8990
28837
775
5372
23689
12747
18619
23524
34544
13658
31200
30793
20382
14867
35776
12008
25109
16739
5518
5815
13286
29599
1526
18107
20816
27945
1170
22535
4456
8136
21007
15650
17987
31088
33984
28252
26566
9166
22788
2893
6377
3512
16532
4211
21517
11455
30548
14706
11866
17887
27218
29226
30603
8843
11872
35822
35782
36428
6761
12767
36443
6286
9394
19076
21888
11812
16555
19019
19523
18859
6200
8888
3062
30452
4530
21250
22810
8357
9099
13105
25427
17702
20354
527
886
6971
21945
37325
7523
4218
11124
10138
6422
3988
15548
4593
34599
1572
23753
36581
33001
22118
19430
26750
37360
673
3872
14073
10753
6499
26142
19691
36053
16802
28523
3278
3696
545
2785
34818
1103
37467
15289
8563
1828
26897
7095
18939
2910
33580
4730
24895
23739
11713
3146
25382
4298
25181
33633
21307
19876
5787
36093
34043
36589
19841
34335
30516
20871
32141
32208
35568
16706
24880
20799
22697
14679
2587
8400
76
8630
3400
22777
20752
4912
9325
21459
26853
32502
17380
32552
20489
28118
32559
37334
13444
18197
946
28236
1259
37037
9822
13995
23952
19720
23099
32873
28518
19854
16050
19469
30056
21334
4042
537
15615
7137
914
34989
8458
32578
17387
1612
13224
35407
7017
5031
22517
23405
6314
10712
957
18537
4866
13216
12990
9773
36054
10367
15143
9581
12982
2611
32223
19181
20290
4287
33577
20934
21572
27707
36251
33147
19863
7583
4977
18710
825
16763
13969
12068
28488
19261
22225
24630
17812
27071
36676
150
7870
34865
7970
11450
16318
33303
28701
21188
23052
24315
36491
23609
22183
23162
15798
27394
18630
10168
24689
33604
26271
37675
5115
16778
26351
24682
20232
8212
12719
8910
17235
36686
26650
10025
16405
20333
2172
31348
10298
14708
10678
18380
2723
13461
22147
27935
33285
18373
16800
36497
12376
19389
20237
16816
13798
14100
33436
33666
6026
2039
32840
2563
25166
5528
15256
13829
22798
33150
19660
14736
13475
15216
31934
167
14784
33579
18163
3517
7249
25526
32354
25040
21700
2122
1695
31863
17881
37432
27189
12302
16578
15624
2598
28510
22828
1543
14145
16129
30074
7615
25676
11178
12860
24455
29495
166
26863
4439
15302
31343
34633
15999
24533
15455
7131
17447
8390
4438
32249
13538
37456
4334
34503
30386
7202
1307
34367
5184
12751
33061
21506
24869
36649
13956
3185
1165
11227
978
14499
8450
8711
3238
18086
24488
22187
3291
32276
8800
10314
8284
28592
20593
13173
34338
10396
25081
25662
25047
3131
30459
34922
15118
13317
29095
4186
9547
26306
3767
30858
6618
18847
9259
26760
12564
34124
12386
17837
21440
16018
21270
13284
35166
18389
11221
7110
5647
15987
15769
8535
12137
15354
23155
33634
12159
10
33856
31501
32139
33034
3129
14113
33492
4601
16646
35667
5939
434
13300
33702
23185
24934
29443
35325
20930
29367
36412
5641
1148
3128
30763
35818
23986
5309
2984
9814
17773
31163
2238
30404
21377
1966
6296
24332
3658
18752
2142
11584
613
13200
2117
6305
30430
7418
19341
13309
29910
23239
34490
14419
23089
8556
15076
14461
1456
15130
7525
27245
31829
560
16911
4469
11189
28705
33578
8810
17083
17965
17427
18927
34506
23362
9860
19738
31872
36045
2494
10018
25752
28078
16590
35885
1400
14853
28716
9498
3421
35987
7532
21169
18552
23471
17679
20947
28894
30423
37590
12340
13252
9370
29216
20009
34886
27372
32555
4254
19710
12942
176
34032
17723
36335
11513
3832
4987
32726
33839
1909
17575
26250
13305
14260
11617
10324
31369
29130
35701
18636
4383
27881
37223
16220
30128
25678
26564
34245
27980
3182
8965
13250
35614
11891
9051
27256
29592
4570
3374
12367
11499
18931
8268
4038
8309
18209
27470
3791
5964
19292
21589
22114
37188
1532
21854
23758
28061
32080
32852
15518
3778
35933
7490
11365
16294
12019
28886
12301
19898
34111
5489
30127
22541
26177
28570
30363
33121
23458
9725
10325
15713
27516
27439
27165
2137
9329
9389
28255
24850
28656
4372
6627
5997
2465
34502
17828
33589
34008
25521
27504
26939
36121
33476
14121
34909
36190
15756
34793
20247
30460
26703
25068
23763
4477
27126
3569
20955
31474
22676
22422
34578
22353
6022
19344
19035
20598
12319
35785
36123
37255
25159
36619
25958
8470
30965
4563
5337
1298
8464
11747
3419
3367
32198
17596
10607
9634
25139
23351
8040
12225
4281
18128
4986
1768
4759
26692
3327
22740
35331
5274
24650
700
30651
1435
20219
16612
23230
27534
20980
13921
7880
25653
4676
37595
14423
11465
4483
36934
8066
13821
9951
36959
33910
27466
16839
16799
10346
4332
20286
26110
32917
24509
829
37096
31706
27759
22111
21782
68
16009
15407
14855
29317
36059
13513
9564
22388
18204
14193
36945
19706
6848
23495
2699
30321
15682
4123
22503
2297
256
24367
26431
33267
11731
17349
7566
23098
2451
26299
33682
33449
24941
12996
31420
3264
824
13677
35794
26658
7683
35497
22652
32145
11489
14847
1358
19476
1890
12044
31110
24023
20923
27527
5526
30418
4513
32232
13110
6658
24329
10796
22134
25400
4424
27668
5037
35119
3538
402
5917
20376
36802
22975
26078
21014
3043
6428
4182
24363
25732
11083
2708
24465
25914
9823
34056
29184
11061
2896
29131
5227
28549
21756
18728
28222
23981
37177
7730
11754
2046
14336
15174
6840
31819
36935
31324
34374
25988
4177
29779
28571
8860
21080
3153
2569
23904
1943
8625
834
35977
27883
3036
18207
27673
30163
12313
31703
29544
5355
25263
32180
33697
16840
13875
758
9124
17797
26288
27378
11212
16401
19478
21229
20760
11166
6990
25389
19342
14555
6955
12684
25621
22478
3173
11462
21843
34582
8759
23679
12730
20460
36789
5496
36311
36463
23777
9227
9565
14654
18623
18082
263
26037
23652
12374
13636
29347
5611
25408
19610
24233
18960
29960
11460
389
18686
33138
20487
11086
1417
35574
5895
13450
14774
9492
30570
10761
34479
29854
1670
30479
18142
34017
12817
20840
25919
18474
1387
32104
9818
5477
4286
20981
19912
37248
32492
33459
30901
33968
36043
26397
30021
25253
28410
8917
12532
32741
34320
11592
26457
18362
1481
10695
572
