18042
24535
16472
16364
9404
6343
30553
37687
13721
6534
23629
10953
15932
3531
12065
5231
16218
21370
37674
14575
29350
6387
29402
27515
18609
3351
6196
22247
4800
33167
17636
8691
11501
35346
7058
21491
34870
22169
1698
23156
12975
31193
1246
8190
17533
17615
6890
10259
11241
31507
16127
5667
35880
27497
26575
21758
28039
3191
1521
6312
8859
2303
28774
7537
24028
35361
26463
2478
16851
18053
34837
23158
18716
36005
1585
16891
26067
33663
10230
10687
12332
24786
31706
25976
4664
26329
16280
26295
12492
19506
25065
28893
24470
15457
22531
10548
30837
8356
28356
15326
7344
26877
33113
4088
13526
35478
4542
17567
6663
18326
26923
14362
15473
19428
27201
28993
4821
10928
32881
18188
10994
17986
13897
18483
30751
23727
23417
9952
3101
27344
2576
20684
2827
24401
15062
21375
15726
6189
33698
16907
18584
3435
10681
18146
33658
20480
11628
13473
22058
6324
6621
20477
12119
36478
5287
28180
27069
12470
7059
24961
19401
32246
3272
34685
23217
34921
19310
8998
34495
17464
6385
10621
36317
4782
1054
20716
12974
27224
9014
6874
9663
36591
24465
8821
837
18024
16232
9820
3620
11610
32063
13773
35950
12758
37465
589
2756
24860
9138
9659
36178
35069
17647
11406
27155
15944
15325
35822
18273
3224
27911
18136
20418
35329
8362
28351
25578
21927
21723
26450
26491
22587
34608
22424
33501
34975
3195
16963
24132
36659
12164
3883
3810
32975
5596
68
11939
31403
36712
32642
6695
17768
14150
18811
6210
26259
26435
16926
4737
20009
1106
3365
30245
35686
27759
23179
4508
28208
25784
25988
19693
34567
12383
25427
33110
36027
15054
23720
33732
19162
8420
8370
12174
23439
19145
36993
18667
33610
35192
6371
4320
19276
35076
37235
37040
30686
28924
16543
14679
13636
11721
5689
29834
6289
3167
14247
21100
17432
18782
8762
11238
3409
3202
3649
20309
2531
19373
13630
23277
3315
36273
25397
17306
33235
6816
31236
36382
24117
4001
16219
28272
22777
12660
36458
19466
33328
4899
28241
34539
10017
17716
13304
20898
2790
35516
15283
26345
7983
20345
7765
8674
9708
19076
11061
10088
4585
15989
16509
13017
21605
8928
30665
28150
25910
4752
31259
10460
19353
27560
200
25573
11708
15745
19256
27694
12139
27997
15199
4686
15413
16735
37202
31840
25867
32057
3121
1576
13653
18490
4697
2680
19297
19979
25538
18848
5006
27415
22245
34898
25039
29044
22394
2322
30219
13108
10034
13529
15010
34736
12765
30184
31892
24765
16125
9681
22984
19447
8367
33137
34525
4127
551
10800
28417
16302
37197
10764
7412
16844
35498
21882
23757
3286
19704
35840
15190
15370
27058
2781
2784
16336
25551
20839
33165
7112
20384
33975
16404
880
4146
19285
33963
8552
10516
26333
34458
12251
37022
8728
27699
29355
2294
10830
3417
33253
34237
11351
20675
11743
36459
10049
19437
27233
5815
10635
32558
29724
2791
34282
31799
7785
13865
1465
29804
3341
1116
13257
31869
13460
34449
2982
6662
15523
36049
14120
10809
5909
11442
3933
16908
29914
34410
32819
15430
24109
10760
8742
36950
24259
35038
2772
24921
9927
34466
11016
11167
23970
30792
9142
12644
33147
35736
21618
36404
11422
17761
24513
23591
35447
6784
1363
6618
9342
17347
27585
31295
18479
19779
6647
4670
33179
10020
24799
31046
22062
15097
19311
7309
18612
19026
33847
26092
30427
12590
34784
31962
23059
1454
18887
24504
25193
17243
20210
26377
14451
14509
13237
16397
10887
2119
31968
9889
33146
18192
25230
21162
4994
13169
36315
2541
18646
10795
29535
37519
24003
18871
14717
9589
561
15811
19827
5693
31886
21704
5432
2468
9537
26825
9860
18749
11254
37635
36754
5448
26696
17134
18701
37569
27734
11544
27537
31638
21168
7592
17999
31037
33984
26028
6183
22224
17769
10520
2032
6928
33339
26042
23694
25525
34350
27559
34440
30422
34974
29230
22610
27351
33358
10659
9624
27487
37147
5053
36393
17544
22107
18905
19103
6679
4668
32005
25395
5988
6159
653
32372
20084
31797
26732
26513
9831
18033
5078
205
4094
21539
25011
30818
28010
2632
2928
24747
22779
20848
18781
29446
7771
1488
22866
15299
26956
21290
27714
16351
33039
2911
30871
1486
7864
13069
36715
5787
18278
7812
47
16486
23435
28527
34530
6970
35700
9968
5094
27625
26231
34990
4874
4055
12575
36637
32162
6079
10245
22209
34473
37043
17785
35761
1608
2870
15646
20460
31397
15447
31375
2463
8333
22179
5495
524
19005
36576
31303
17515
23050
7784
32421
37048
19301
20471
36497
13196
6909
3174
32990
15440
14872
5410
24427
36036
33221
19123
10402
4081
35774
1914
30917
2628
5843
9320
29163
13141
5040
24325
16738
21493
36986
45
19068
34016
7615
12710
9757
5595
20202
10679
20784
14281
30789
10077
13061
3635
29662
37556
23852
19218
15750
22373
34952
12657
32408
20595
13303
30199
21292
6518
1066
33816
24104
26783
30085
37601
10902
9429
15317
16855
8441
13260
25825
23889
34362
36171
31573
10287
24518
12623
4307
31586
14129
18044
8530
20015
22830
9101
11855
17067
19854
15106
32679
35735
24263
24965
29134
25254
15791
25952
7814
26055
31853
23427
7438
17714
38
8476
25822
5825
36925
595
15272
3758
30503
30004
15901
35248
23141
23652
22505
6855
7962
9072
28799
31768
29248
30094
25519
30466
16259
1104
5966
11030
2754
25634
15804
12179
24298
18486
16576
24922
27800
34478
35872
32181
17524
21477
13609
8610
10521
31899
19012
37486
4404
29739
8542
15068
33397
12005
23010
9645
22040
14220
10835
29871
4757
21563
16600
26686
10343
13392
26233
19449
16669
18025
35487
9919
31220
3336
3462
23300
16176
29963
35826
29588
32352
11663
17575
30720
4623
24555
4610
29142
10868
17293
18699
8803
942
864
16950
29365
23611
3053
25738
12907
16205
6117
19214
10045
33799
17598
14919
36438
2590
26674
7797
37106
4187
13214
832
3017
8879
2526
19054
9975
21051
183
7758
36021
14549
30617
19156
35229
11223
17487
18477
20053
719
31751
15361
31374
35118
11990
35264
28307
10033
37393
27115
16402
8091
23218
15650
30896
19498
37546
16485
7147
5392
30603
29742
26241
7719
36919
20594
11354
10350
7878
35643
16511
37110
20461
14811
19595
20451
32775
33590
27469
34888
8744
29094
13183
28294
31819
4421
7004
160
3732
33118
18182
34607
21522
26487
13506
13125
10081
31673
12951
24758
35161
29257
19562
31020
26429
34241
27754
4916
28243
24847
8139
33672
17759
30314
20148
36439
21915
24544
11618
6212
32624
10225
9626
19124
24067
3901
26935
22128
17371
3421
25278
4340
30483
16089
18338
21938
1032
6047
16602
17997
30026
18556
28522
10284
1473
8698
2830
30197
25445
4057
14156
10532
12217
11466
903
32386
4867
32488
5368
33141
7986
26839
31133
397
14356
23063
7525
10357
7837
7794
27467
28566
27038
9352
37323
8001
24859
18656
35351
4514
23176
33524
11516
19251
1559
37101
17161
6631
1125
342
17977
22968
24750
12050
18813
30514
15731
21136
1094
23187
36401
8886
1593
13157
26465
4727
9768
19885
26588
28109
14378
17593
4793
5550
21444
16845
3366
14402
27968
1676
18631
6378
12091
21888
10256
30055
36729
30734
28219
6765
6636
27295
14980
6953
901
35713
28820
29196
34737
5462
20408
14351
30613
37318
8970
8086
21764
33832
22067
2273
1655
32299
36522
26743
32161
34544
36445
11451
29012
17648
23774
30420
18270
16033
31908
64
26022
28460
28147
31439
3274
7515
31184
36956
24763
16641
2695
6141
16939
32432
35650
35797
36087
36232
7240
13934
201
24584
11815
28832
37353
3816
37269
18982
21858
15383
19738
10042
25767
15369
37403
2474
18932
3418
7111
36553
31945
26649
14722
3385
27445
16595
31788
34413
19826
28792
11576
7126
23971
17014
37313
1530
11013
1711
28502
1219
11727
28265
21282
15939
22595
34878
32397
1253
26324
11178
3270
8415
15301
20091
7956
36857
22560
34653
2146
20989
36578
18977
22103
37093
5335
16184
33937
36735
34803
7999
31530
15226
29748
24165
11292
25818
26320
31127
19292
36367
27704
16911
35861
12072
14920
18647
6947
10576
4590
37096
18225
17968
37337
35625
30774
27108
25433
16712
26326
6721
304
31812
30329
535
27314
25069
1309
15081
29290
24895
25639
16828
14817
36285
15421
10731
27733
30241
1828
6406
13844
2317
24342
34511
2184
34146
23558
4745
15043
30713
19198
16355
33296
11109
6563
30886
13319
27771
16143
29961
12593
15038
608
10947
7680
5959
25178
37679
15047
32556
11661
7857
14484
21757
33759
30898
24520
25372
21039
10530
19116
19936
24711
18978
29715
1149
18030
4448
25472
34838
24153
25632
364
11892
16303
20746
6795
16253
4659
34437
9165
22501
24789
22642
4591
27328
20154
2854
6862
25099
6203
459
6609
34795
17603
1776
28466
24053
36631
28450
24657
27059
25783
27432
7644
8479
20399
15398
25166
12268
26308
28379
33354
28616
5855
36064
23335
23227
7372
3229
31692
2924
11239
23143
4868
29175
16027
20841
35538
21735
16152
3657
454
1235
22840
4215
486
11766
16297
36575
22826
15654
27382
3808
23918
25106
5371
9738
25369
3824
20358
34856
20450
32267
4491
1117
24857
17545
31205
35986
12105
14563
23038
32353
27872
10581
37490
19984
25385
26484
22793
25269
29593
30526
37078
23911
17631
29023
37317
6262
25066
2409
36057
3542
33312
651
9038
21272
30651
11155
26036
7167
18929
10072
7105
13002
23062
10845
18619
19465
9531
7121
20773
17410
34757
31671
17197
1377
28228
25150
24140
177
3219
6335
32303
5832
12159
5369
12805
27480
22651
36624
25974
29386
20761
28628
20324
20501
1984
31426
31518
8271
16032
7302
2997
25957
27256
20540
15638
21829
4420
24143
5395
19670
6760
14042
19332
18282
11801
28169
14879
18910
28421
6043
30347
10197
3870
37039
1607
11113
18717
23251
12557
36985
36013
12770
19679
33910
14922
20642
4356
7299
22311
10369
4363
27898
20732
20412
6446
7770
3533
2299
1273
12358
19512
12462
7077
33971
17304
31523
14584
11914
33018
23593
34199
3514
35561
4729
15505
14008
14629
32188
34973
21360
23828
20722
24998
1337
34807
2788
6856
22457
5926
27910
6222
35193
8437
16977
2512
9104
20297
4401
14188
16841
27383
10797
27473
35954
23860
14087
17921
20766
19008
8647
29548
32687
17609
2315
29444
11807
33031
1820
30124
3429
12638
27918
27285
14317
20346
34486
34396
21133
1541
19093
25864
5915
13015
11372
32690
87
14505
7603
24621
4186
33001
23068
20042
9144
35391
11951
23489
9199
25770
1456
18763
6469
12203
8678
27500
29903
23956
20750
13959
29262
31689
5585
28002
21536
11020
28521
14829
3136
28041
15470
19876
20873
27446
26829
876
24413
3241
17840
3842
27101
27794
15658
20432
3902
21243
18448
26157
30576
29583
19548
17746
20056
10199
20871
31865
17309
22751
3313
15934
18462
3631
18809
26316
23991
23501
29239
26812
27678
22330
34242
2654
23581
4364
17988
7055
28436
36225
24575
31789
22242
26147
27046
6778
31291
27478
32270
22873
31561
18148
22477
512
34498
1626
18796
4760
29777
4281
23654
12582
6936
7803
18084
35675
18372
16363
300
13012
31633
35833
33879
34561
4290
5969
6995
20855
9983
12584
12308
2932
1324
19777
10948
10722
30668
6708
29115
17372
7823
771
11233
27298
12084
22945
26060
675
16932
35895
2382
21545
28763
25604
27861
18242
23751
25363
12849
1346
24156
23115
35798
10405
20664
28121
32997
16858
29580
19834
19346
11300
36915
15072
6702
11190
35271
30248
10740
30919
15988
14358
3311
12614
17566
284
32319
7291
12533
29442
8074
15239
30612
2931
4787
10393
37148
655
14545
4831
34819
27657
7323
31624
33041
22917
4983
28193
10213
33176
6268
36826
21546
28575
795
24275
28524
19490
7639
18583
29684
23692
3304
35058
1786
8428
13747
107
18103
5633
21383
31379
10611
20905
204
21185
35935
26488
31055
6799
28560
28554
17711
19271
6106
4039
15349
2965
20565
36502
37528
9760
4367
17039
28556
12689
9359
4183
1442
12667
11531
30671
18671
22230
23091
21510
16687
22449
12835
37437
5358
28597
24783
70
17901
7232
29294
3560
17393
22797
24948
35702
24770
23550
21253
15738
37409
11249
12398
27763
7688
13324
20608
29808
35997
30973
20792
930
27651
17888
21467
11834
3765
11964
22630
26921
22278
11279
7832
12925
689
4944
11630
19778
28889
36933
3875
6698
2529
19113
36254
13222
2267
20823
21722
14791
4477
10119
32153
17473
15674
19193
2895
30185
18578
12512
4725
18923
37115
28898
37072
36885
32960
23125
33995
20677
16369
16206
30455
6274
30729
916
27066
27601
132
2959
11336
23140
10876
5848
22408
11145
25859
32653
31755
13854
18961
22241
21897
14380
36233
25802
8152
22928
14741
14319
10592
24023
7992
18375
7570
37670
10670
4872
16003
2144
34225
32152
30399
31330
29109
7530
16872
30118
29855
31737
2612
13855
14628
15928
24276
348
28014
6630
7087
26285
32736
32696
34220
6559
18759
17813
24179
13349
11485
11452
35312
15293
11844
21302
32821
2073
3978
33785
36312
30039
34515
3688
5725
32286
27148
31102
13431
5831
17710
32643
8773
16212
24989
24773
25987
25846
21928
2519
6366
5827
711
32588
20035
5727
13269
16018
25915
946
6226
11048
22546
31645
6221
24250
25941
25177
26552
16264
37071
14661
28119
9966
9384
5982
33107
20810
21286
37504
3024
21691
6869
35023
19213
206
37396
7363
16300
9595
8060
31527
24066
24619
16403
6283
21298
37233
21666
30679
3779
30832
33331
8119
15986
17437
19621
36088
11879
20269
22554
5157
207
22883
35219
11084
14330
14458
16972
8655
1658
1138
31505
28863
993
26437
24593
28020
27270
27412
14226
33966
19250
34234
5367
1957
12847
24267
10268
12132
6987
35201
4938
27342
16861
874
285
21959
37689
14122
9420
28444
3177
22303
23102
26859
32943
37159
26809
24361
12555
3247
15695
2266
9839
35354
6296
16920
18663
10790
26451
3609
18516
3353
882
19726
30918
13579
29816
30333
9002
12081
19246
11373
705
9469
36284
30149
18475
14221
14888
17913
36076
29303
19528
8537
28932
26965
32889
7718
34191
16519
7559
36628
26079
24678
13627
5864
2405
31014
6949
28094
33398
2078
10688
5880
30849
12822
11285
4592
30238
34166
15246
37627
11391
29190
12531
25919
11220
34894
31859
12357
35939
8551
16694
16408
20504
22975
15622
9942
17276
4107
9955
23111
14690
2284
25463
17898
15207
2210
32847
26099
17645
4415
36726
12209
31562
6526
26480
20363
3672
12855
5632
5502
17237
1770
15718
31444
18651
7259
35252
19244
6303
7969
26493
34063
8433
13744
18464
20764
26109
14914
11665
30808
12994
16279
28447
12812
29514
2649
8388
15618
35503
18152
21229
23817
34182
18799
7989
8125
22533
6581
16998
15039
18806
37374
30424
15880
30473
25676
36473
32368
13417
14046
8077
16054
33692
3562
9934
1330
36884
2930
22289
11511
4177
31582
5037
18473
34621
27452
7693
15048
8807
12949
34869
16128
21293
34729
11487
33953
33169
23096
14072
11044
5103
10929
24491
15220
14882
21772
23380
16162
29358
17936
15683
15261
29829
2963
31756
15522
6723
28032
8231
12523
11806
29431
18280
25751
16389
17461
16750
26216
24251
18376
4569
5921
14911
27466
22735
11700
29543
16231
5174
22724
13463
4144
4509
11015
31944
18505
35884
14217
29976
21958
30133
37119
23107
11328
1487
16378
18795
36922
10580
24950
14309
20431
30894
18971
35204
26611
33454
21216
1279
21053
17094
12880
33345
12191
20164
32978
21783
32282
14766
22769
10370
8244
18320
27093
31515
29737
499
22100
11575
11882
11110
3685
34984
26080
7022
20596
3590
27808
1971
32095
34194
24075
20637
8724
25546
33040
34135
13042
37044
10970
730
7522
7257
7009
14311
35711
5036
28637
14635
33591
4551
15176
8461
255
7844
35508
25672
9874
9843
21018
18168
668
11077
33606
34036
10646
15435
16928
25993
8031
28255
24755
34271
32522
28874
27863
9671
9837
145
23481
23644
31484
8919
15613
10435
33279
1780
4132
17285
1057
4855
9936
25359
18008
29127
21188
753
21744
17658
33136
11642
8904
322
31199
10724
18067
4084
27292
14621
31112
32400
34883
20143
14726
26866
25341
28870
16295
20904
24329
13950
33196
30762
34836
27572
28728
10141
17108
21211
11038
7214
15896
9590
23749
21609
16989
1548
19082
377
10595
18670
1898
37291
31342
16463
4206
35947
10368
37455
4202
7657
12749
27335
21956
22200
18028
17692
11440
29073
33898
32398
32206
29397
21085
25262
20019
35124
19641
5552
13788
31707
14904
6629
25129
18292
1564
17923
10683
6882
23863
8564
20289
26298
26738
31082
1481
22618
14176
928
15626
23613
24637
14325
1251
9166
37228
23764
35451
23722
23580
27656
32228
23731
31952
19146
20486
7003
14436
1123
31212
37537
35421
34700
11277
33481
13044
4474
35286
738
2058
26787
11065
21556
37345
31089
30748
16487
8147
20861
4557
24702
7250
2907
11121
34043
13501
34557
7548
37415
35282
21001
26604
8603
20048
25528
12380
1198
29028
6608
25543
28224
23478
34011
33286
27053
22909
20293
37435
34049
1583
29773
6278
2555
357
13281
7781
5447
944
12504
14161
10668
1263
23490
8811
12760
15280
873
28218
21092
20931
7021
1531
3766
28171
17040
37322
268
12915
16063
23943
32293
36549
13211
19167
8035
29036
36725
36504
37054
13873
36197
34954
29996
3487
6434
5216
15686
21105
11851
16103
8642
16657
19822
1112
20198
17685
25148
30740
21657
12058
5206
31306
12427
3477
30848
2579
17261
27552
6617
19381
31584
36830
8062
14540
16714
35071
11414
2609
3762
3912
36044
36518
34038
983
16039
7761
36871
17842
8936
25635
140
26211
3976
15311
21478
23002
35480
2381
25173
18778
31904
30322
2347
4846
13738
15756
12415
26196
24495
36210
23286
27153
28295
23649
5471
16019
32271
20442
8392
17816
34746
37107
26008
34693
18144
32868
14957
8960
29889
4816
1295
20353
1223
1374
20593
3918
36949
17927
11068
36380
11613
9499
13425
7119
23072
24985
18160
6872
25776
27323
18571
32769
32895
11915
5717
11483
29890
33888
27629
24244
32520
25471
11476
6039
20826
29969
17580
15851
32753
35554
36347
22201
30259
5640
13234
25154
37004
14633
20939
32571
19598
9158
12753
24400
27331
14804
27919
6743
25379
2057
31207
18678
7490
25662
19398
3760
24049
29864
6966
5586
22012
1179
14222
20176
30297
17549
34244
9700
3694
28349
30548
21033
35199
31549
23721
28250
35304
37582
2798
6746
36456
33774
27718
11317
16788
32971
37140
23711
11040
4593
7133
32313
2320
36355
2465
1472
31762
31258
30226
27837
14586
12440
19318
34893
31465
35458
37449
4689
5279
6805
11850
28291
11370
6713
30663
35476
36958
27865
10671
32984
2859
15958
26845
14349
37177
13595
6414
11604
2863
16069
20806
22725
5018
13477
31466
36670
18698
22714
16971
22914
6768
34775
26861
19114
19864
30274
34364
37153
9096
34226
26752
25257
13929
2038
28630
6734
6530
18858
35640
27574
34581
27156
10095
894
8269
969
31418
11270
14734
931
6050
4209
478
13336
12003
21935
16479
24059
37493
16489
29449
15493
34044
7505
18037
14384
10903
127
31085
28117
16065
34920
20894
23358
10494
17170
1453
6870
37520
6299
24359
12312
15909
25979
29866
4381
26740
22843
35795
16762
9181
36394
18577
35716
8056
7791
21139
35537
29403
10146
19208
22775
18097
24458
35521
12717
17837
36325
27134
34372
4371
9232
18197
4871
6844
31601
16581
4299
33531
33956
9691
3066
22365
22027
15845
32869
14780
4116
36499
21249
27773
34595
5286
35484
25799
11455
33812
987
31015
82
13488
8688
34448
21864
29220
36608
36980
33228
21111
29857
3251
19871
5104
10808
26394
16819
11681
7099
25340
6331
17316
15240
15488
28301
30397
14723
32043
18940
29216
7632
5551
9437
11567
28878
13483
24771
29705
30161
31187
33529
22388
25394
23622
25360
17981
2052
32070
17270
13013
8228
12913
11550
8844
2515
27631
23473
20911
12500
1386
12741
33308
37258
9593
33005
17288
3832
23329
11972
4518
4114
11906
2762
6787
25854
1082
23827
28531
20379
11112
21197
29464
3797
4904
2988
36794
21738
1938
13423
10919
28664
9159
37208
14603
35821
7634
1293
7647
32175
33691
7732
6405
12485
34265
23301
30381
10446
23196
19895
4724
32711
36957
5344
17962
19443
33185
22742
21376
11677
22474
7713
6346
18416
11845
16084
21296
17903
32041
29540
15947
17089
24726
13972
32636
13233
23458
35243
36388
15149
19425
29561
8198
29620
35403
27930
16542
34937
25813
32963
35720
10390
7378
27749
1203
11927
35898
15772
26544
24988
11592
34866
24719
21881
3064
25820
26688
16188
7842
10890
2450
20089
27248
31461
957
24788
6473
13395
23211
2354
14437
31990
14781
22737
7685
400
18489
10481
16718
19230
16857
23304
13977
18873
14293
15241
33559
19270
28674
17872
18894
1090
12277
5068
25260
2127
16072
2681
25628
30317
36647
2001
5439
7804
19878
28194
23641
25879
24371
12750
15886
20819
20866
33126
22652
13109
24565
35006
3423
15913
12306
35077
18954
6142
22869
4717
18332
34765
32034
22835
12675
2620
1236
14058
14844
35063
20422
16258
34854
30702
28149
10575
124
31742
36224
13675
5014
26366
35043
27026
33072
37164
37154
4291
9618
14941
28493
16148
7322
12673
10617
24756
28226
4110
27607
16640
24594
25691
18506
5430
251
16421
29799
24592
2072
2989
37171
25180
33517
30041
18173
29630
6657
11529
7706
35505
23973
13524
16647
31136
48
37433
33518
30680
20656
1701
7701
4767
26700
28284
37364
32614
37165
27508
18424
2773
734
11804
15116
37499
13941
22900
27310
12967
32274
19803
29651
1352
36567
34252
33826
34450
29825
320
8445
10633
10336
27284
24007
34255
32543
30549
15443
22086
32434
33925
25563
26296
18031
3085
29075
37370
33057
5752
23937
12983
4879
30429
7466
15374
15552
26739
25481
2225
4865
18771
17092
33119
35349
26932
3851
15566
34591
6781
19413
33988
86
27194
20163
28965
33946
19281
17324
7760
29681
25439
5142
18504
25958
14086
29614
21523
35685
16727
5860
27882
23665
9749
10144
8297
6081
35557
20667
10234
26357
20131
26726
35540
2622
30490
23273
17151
13111
3805
5995
14182
16799
7406
24853
7282
33845
9408
26673
22575
17505
21073
6719
34115
8540
1792
2583
20376
10762
28102
28046
13699
19343
15962
19618
28717
23857
2265
34007
28279
35048
25793
29352
36228
27994
26875
11286
17744
15860
1397
24878
26679
28209
6488
29858
27442
36528
37138
17608
29326
22189
3924
18563
5557
5109
660
2401
16757
17665
6500
28415
1157
4852
10962
15728
12463
6670
25213
22
20302
9465
629
7265
21104
24304
22704
36466
13140
15419
2459
15846
25771
16813
24669
24968
21643
36117
1207
27862
14615
28261
3947
27884
14233
7727
11962
26293
23011
5214
30806
23905
10164
10069
1812
16649
13432
27686
30660
34951
36730
13754
18843
33200
22265
1347
9456
37634
19644
22439
20803
35342
16723
36615
33796
20397
27922
17144
35210
34863
22658
13024
16466
19623
6435
4770
2027
1161
21629
19338
34587
17240
10491
29544
17694
32024
35182
26543
18151
36684
30064
23460
26667
3954
6732
17111
26919
33489
17508
29656
23977
9406
1551
17483
3057
30495
22207
27109
7316
35280
31836
22294
4087
29472
22728
8410
19316
21989
5270
3965
21819
25826
36305
27785
25313
5243
26811
23723
2839
22009
6487
1549
33690
9514
7882
9400
18353
14924
929
29002
30214
12456
7881
13801
36125
27496
16129
7910
34178
34826
37624
7742
11996
8555
26380
25207
36848
10102
8208
30980
28552
715
11888
17490
19560
35819
25406
3097
25633
30635
24721
20629
22031
22817
7981
35901
35375
34494
31235
7451
225
23023
5160
29592
28892
29624
16826
12056
6984
35658
2811
15187
3796
32863
20488
9748
26471
4939
13680
26374
28917
19118
27958
14876
8196
7540
5756
3510
37179
28131
15490
32312
8365
2544
25586
37242
11203
9140
25722
36488
28249
4663
11076
29285
4078
22347
23351
6467
35796
13796
11001
37509
31793
24723
36450
8374
3519
11609
1417
146
4347
11509
1913
15244
18289
20360
22947
7933
25009
33084
36636
15270
10816
37688
24181
28299
23148
31410
2679
16496
30564
37557
3475
3228
17245
19188
24217
9358
7697
17550
19374
29884
36409
16360
12432
35016
2290
7469
28106
24476
443
6507
6782
9205
32787
3245
16464
21277
5875
9737
32447
27119
30574
13623
29545
2059
2028
3394
28612
3076
20818
34378
2767
5062
31059
1553
3573
8799
17460
34219
7407
6471
13886
32515
8128
14616
10311
11763
21698
8962
7073
6465
9078
20249
18754
28791
13510
34380
16689
5224
25233
27829
13316
34313
33445
36872
24094
35000
17075
29314
7731
18129
22426
32586
37464
670
26776
17624
35112
6841
12690
27376
24254
10505
27214
34175
25701
691
5888
30829
12719
35871
27401
9485
21840
35475
10794
17198
34767
8797
19812
22810
36337
30927
10780
2022
4588
758
35856
7848
3995
27429
9920
24892
26702
23337
27397
23243
31714
30037
13540
19248
32833
232
34772
15980
25337
2723
22743
7050
16744
19013
9399
10428
26204
10168
22522
18902
37199
24683
5342
10035
32204
18993
30458
12141
9702
20679
36034
35097
20090
26510
29492
14018
25547
31098
6042
8179
17062
26025
1688
8989
4519
6572
14174
1242
18709
31152
5031
31315
10010
15178
30735
24291
27948
7637
2439
22158
19371
27079
25585
10224
26129
23323
2012
28402
32388
9576
11585
4776
13707
24264
18060
16362
23221
37135
5118
4222
26598
12654
35742
13668
29999
8567
21923
30417
16807
9551
14597
9434
9848
15557
28933
15458
34814
31760
34188
35573
33360
33338
4552
30292
3831
37596
23322
20921
21258
17675
2837
33929
12244
30700
7390
19941
33950
19366
36186
12198
9478
16195
6424
28836
23939
18652
1926
1836
25717
14839
5220
8293
28177
33306
27031
23617
16444
26954
16091
12562
23639
25630
17300
25870
9801
27556
2780
20661
12157
28058
26572
15825
1943
37525
16042
11621
23276
26305
30190
12424
33465
27132
4319
18425
8914
6062
18494
29244
8827
9471
32086
257
32237
8313
3841
19014
25726
31521
8249
5099
23778
16553
18072
17576
254
30920
31449
878
17266
21914
12859
5859
3132
17349
35137
17503
35757
8966
2410
1580
25863
7182
24062
26210
31842
24724
14115
19348
30938
7652
36144
8187
16605
26165
16045
29649
836
11133
16179
8029
3330
22811
23075
28178
23168
15254
20335
36193
34843
13262
35265
26792
22581
12704
26749
12387
18643
10365
20645
27065
29688
26706
24604
31655
23504
5598
32610
3309
23331
23791
18419
18569
36657
21670
33969
9251
17738
6450
15982
10620
25552
32966
20625
30210
19706
22825
21091
33348
15200
10802
3143
19501
32944
16698
30130
18409
34062
34977
33447
11825
21795
10669
29902
18402
32064
32292
32125
20402
7462
36245
18085
14338
3830
11314
6120
3532
27217
912
32822
33589
14855
36078
3658
9722
15041
18218
25285
7646
29202
538
3168
16546
9344
29480
1014
32285
25275
3728
15835
20317
2343
31777
13286
25999
37283
11694
32104
10852
5862
5211
15749
27220
34293
4485
26561
7756
5533
11791
24440
27289
34705
5112
1445
15742
31290
9240
7459
28088
23274
27891
25757
12282
21414
13318
4289
21408
14223
5824
14467
33025
5793
24397
26542
528
15112
6453
1044
28903
21084
20248
29414
25456
30546
12799
20169
24515
12649
12042
36788
2194
12188
1490
27459
15935
30621
16443
15864
8398
12874
22707
36138
37297
33089
11383
29560
19457
7191
9200
25545
36544
828
7650
17397
26193
8122
28085
14831
1630
5970
27103
25121
10275
2639
36219
5799
14414
16211
13031
13479
10634
22902
26070
5308
14251
34139
29410
3616
35870
26772
17377
3959
36678
34832
35092
12220
37400
1729
7973
9970
11426
3599
15494
8252
18452
14033
22319
4326
6294
35099
31322
16424
2489
11376
1338
10728
8779
15833
23882
33492
13963
23206
32320
29907
5293
13087
9985
14345
6817
17884
29579
36596
20836
32028
19774
24751
23077
21300
10599
6098
7897
30657
7017
16090
33017
8737
35358
30225
6472
21984
4109
32116
2979
5821
18153
3290
2949
25806
13864
31614
8738
11824
20701
25623
36043
32694
8396
37383
28410
4210
18080
1656
33613
8920
3426
36978
13944
33628
11563
26497
189
26793
27630
28739
32334
32382
16898
29746
24338
34334
8221
32062
21088
5806
9638
24460
1722
33217
33273
16309
32124
20757
23851
33229
35341
3100
35600
3165
30468
25550
5564
15942
30602
25699
15573
18886
26123
21937
9393
23095
21361
17046
30462
31
31302
5452
16678
7916
32360
22369
15404
12403
19609
23343
23676
2118
6350
29895
15538
25786
16145
25214
9475
34842
21899
33770
6762
3835
34148
32704
26098
4441
17530
21575
15808
2239
15692
34934
22105
15263
14707
10932
16518
5563
9236
16510
4018
37217
986
31854
14773
33135
8251
7271
32903
24899
28003
6533
17010
8880
25393
18976
26975
32210
2822
23779
26527
14951
22654
33694
12828
20413
28583
32403
33252
28635
23007
29318
6541
34582
28031
33427
7853
29091
9327
30993
21418
7964
18725
30218
31674
385
25076
34962
27253
29911
22041
30281
32390
8653
29632
13958
208
33872
11071
31884
2514
31475
4119
27616
27470
574
36271
14040
19339
23025
226
35719
17824
21505
34253
32652
28200
33844
28108
29114
28207
33702
10508
29917
28136
23700
29451
32446
2133
36154
35174
8692
81
2094
6372
9053
31256
26714
31688
30046
30337
36274
29574
29189
13979
2940
28837
11847
21804
18908
18913
32891
13845
29018
32707
21113
14162
31118
19772
21044
23049
13948
36160
37314
34823
7174
20817
22679
18829
30798
33982
12838
15058
34249
227
10779
35906
20252
34631
32860
20453
20994
28464
17164
20260
22815
6334
2849
2987
27048
10236
401
6383
3931
12360
15497
6132
36229
18677
3699
35326
22661
875
981
9215
21600
34470
4731
13763
16468
17718
23052
2174
26300
21993
28633
11950
24065
17492
7843
34027
35267
8067
5009
31432
23869
20893
1362
18896
32170
20194
3027
32231
23289
10182
13040
32706
11400
15713
3920
18931
3025
37397
13920
13189
7972
14385
11562
17233
1206
15065
15933
10120
17758
6842
20689
10719
30878
6957
29282
4129
18953
24940
30368
24636
2386
36683
13631
15803
34091
20299
274
6944
7587
20182
28404
35472
36766
37607
9909
14678
7320
7314
35546
24173
14193
4233
23236
14347
28592
5179
29749
25159
10208
1504
6930
2937
1396
29926
5210
35369
22799
5153
13761
33701
30431
17169
19986
37656
14673
2557
13877
36395
4797
25019
27077
37681
33528
23134
33511
35759
37260
27662
30719
3645
36155
28978
5365
15681
34312
20614
12574
439
33333
25553
33715
17612
29659
20045
16959
4175
32392
12773
14110
6362
22269
14344
12779
28305
32717
29723
14950
19061
37198
26161
19652
17061
24489
29977
22556
1981
14454
852
14895
3383
1537
14359
1366
32080
10664
26290
27363
31697
30044
35323
28359
20867
16078
28680
11948
16068
13565
26691
26831
32913
1719
29305
3451
29555
14582
4275
9724
24707
33539
13790
8389
120
21445
37299
16247
31835
27488
15238
1405
17366
14564
23188
9048
37593
24192
3934
8064
16624
7491
28333
6756
2173
13236
23031
29818
26622
21432
9597
22893
35482
13589
25890
9494
14350
4781
5187
26061
29259
30263
19376
4480
32460
18000
2364
17859
1267
32298
35522
35427
35780
6837
12894
32829
18803
27801
34425
18921
26065
20952
2573
15905
11678
31734
19646
16011
15534
9830
23226
20660
34472
24931
32316
20206
10968
2918
28624
30195
5190
34005
35307
14932
28605
3656
34759
19434
7886
30795
33330
15509
15970
5675
19983
14852
33361
8349
36053
15581
9892
14244
14805
25748
11940
27693
36187
34735
36387
21817
32716
17732
16034
8898
35365
10554
25387
30658
8303
1180
5987
19039
18102
32809
13369
37193
14246
12340
16310
31876
20185
8804
15408
8720
35657
7338
5484
29781
35707
19389
29145
31767
32177
4796
13218
19535
22108
33430
30535
21617
33624
12740
18183
13910
26399
27231
4169
18484
15539
732
26458
36694
10241
30799
25643
27431
3660
11709
610
15024
10085
30033
3738
9363
23093
1594
16350
32107
28945
6886
14632
27561
36153
30985
7995
33958
22614
17952
5545
8385
31721
2749
1163
2005
5542
6939
32987
27455
17794
24778
33069
30265
21566
23719
731
4397
14677
20865
10206
7441
8670
5445
9131
19503
34540
28794
10993
8451
34942
953
30928
7025
13326
16760
8511
28280
17863
36603
28263
16156
1748
30186
6191
16430
8464
33866
25709
8477
6497
24273
27810
7092
802
25465
21098
32473
27140
21946
30459
19636
36821
24148
9105
13797
23084
26043
25325
11909
2607
28632
21247
27712
11353
18098
35579
26755
12917
22952
19576
36592
6309
32203
6352
4794
6341
4414
5327
29212
17600
4962
4550
19420
9016
25765
18457
34604
23655
25692
28687
14587
7642
34686
14595
33355
7996
32502
2115
4339
30571
29077
8131
19874
9136
15087
34840
19889
25721
27484
16221
22800
36116
7720
5997
27549
35604
30139
32450
12780
21610
21099
14552
5476
11098
23018
32981
21013
36510
19843
4486
28078
3971
5583
24449
5217
31224
9163
6569
17590
27083
31121
19597
15611
19533
23482
33851
11716
18823
23912
12375
12138
8305
29218
11656
7607
18065
7536
14079
13656
28714
16791
31877
6259
33120
247
18974
22418
12648
16359
8573
8495
11652
6591
22282
3613
16618
15295
10906
22568
3375
22459
27034
24612
15710
21117
27916
22623
7113
16942
19836
26579
23032
22076
23389
25612
15103
3298
13672
35379
14976
16112
36905
34455
16730
4453
35159
21529
31336
27562
27742
30736
20287
21743
26369
18750
24925
16873
16559
27219
36046
16913
583
19455
27182
14159
3897
35763
5579
18864
417
36253
32155
5235
34588
3350
2356
23636
2978
842
16416
26728
31838
25824
11603
3986
2713
23450
4766
383
9219
14944
3504
10038
25391
12117
24207
33753
16354
15668
35815
10110
10424
4004
1761
15145
4207
27240
2983
4929
18350
24672
31423
32671
19968
26848
23247
7110
12606
20926
12979
165
27675
10254
22329
34830
32980
32720
35882
12130
18987
21372
20749
8708
25714
18812
23474
36508
12293
31031
26430
34106
4028
6545
28959
34395
3217
16949
16587
14031
34490
34268
12107
15247
8364
12564
31090
3260
24923
12082
28318
898
423
25596
7733
24150
21072
17796
11777
2889
23113
31181
4000
31138
29393
19965
17282
12611
6057
32650
24832
17862
33676
1190
27086
30769
22886
22259
12167
5400
7662
7561
30330
33000
4027
26243
5884
9418
32344
138
12813
26225
34189
26897
30509
5647
24806
26297
334
19136
11658
34187
32998
25648
5136
29828
24917
3334
24123
26947
20902
27021
19169
23594
4473
5054
6306
32402
20186
2063
21093
25912
21327
35629
37121
16121
29928
26476
8195
35946
24951
9683
4122
6239
36724
17154
10971
33912
8302
7944
13655
37019
28461
19253
14943
729
4104
9993
37206
21766
18816
31900
4790
54
5856
31264
26340
27463
16312
31452
33739
10191
1908
28953
5330
2452
19154
27162
19372
15005
7256
10551
223
6016
6127
2887
20059
16941
16151
37585
19238
24891
18581
18111
16631
34879
29528
6826
2190
5776
20957
10138
28362
9269
2692
15461
8765
34131
31704
37087
5549
6244
30127
27798
11195
31813
11572
33142
27043
5408
35588
15727
4115
8040
31873
27147
10503
5769
28737
37020
7436
12103
32862
10938
24232
80
6622
10874
19388
14039
30384
1787
3102
2039
7440
30835
16765
23600
35609
244
11000
16278
29197
5817
13953
34147
29484
8510
7628
12679
29371
29126
24904
22644
8379
2540
30843
35490
16319
13160
25141
29103
23821
806
32832
23139
7460
6359
32235
5847
35708
27367
16890
3038
19634
24745
28220
20776
371
4864
5929
25791
7681
34358
8066
21623
20988
28789
8565
35061
29622
14450
4444
29288
32577
35131
32553
5516
29854
20728
27055
19577
32899
23100
33160
12737
31931
4505
28650
15987
7170
34524
10701
26322
23555
14670
10217
36111
5463
21040
33020
11622
11194
26086
23041
7703
20930
1917
4147
6036
15053
9720
1045
24841
14556
35055
30148
25746
25375
16442
27316
22530
7665
36962
1058
21208
2021
22711
31062
37426
27222
35273
30816
31029
29841
20014
35462
23425
28076
31657
33367
19224
10330
22703
17605
30921
4002
32513
1965
24178
26379
19743
24256
22778
2285
26827
16544
22609
33823
16717
22710
18094
17932
28454
22022
25123
17295
24197
30132
15577
20508
21440
26202
6137
624
37642
12232
29533
7885
34988
31898
9835
31572
29728
17146
7777
16967
316
1402
31510
4510
26797
32561
32851
28227
6769
9513
13481
9034
6804
7031
29672
30338
31391
7249
22748
3483
25601
14830
30826
35231
2455
12630
19011
22525
2627
12428
11438
29477
37355
28523
14551
2793
20221
19927
33411
23702
3907
28143
27052
19744
10594
27787
8967
34493
7382
10806
32855
10545
16200
23780
11028
21763
35378
35891
29432
9025
18497
13000
1192
30273
37709
21441
3571
25165
20423
12173
10135
29440
12928
35585
9347
30246
22524
35799
565
23160
24233
27186
3152
18744
19837
3593
35649
12402
15462
32607
27756
4075
2972
26184
25661
16589
11745
28439
25997
7674
1872
16060
35441
5227
25294
1059
33565
36838
8053
30393
6342
12748
24308
9133
12534
32342
3873
37167
14516
27008
24652
26654
33893
5784
24569
34469
34480
24676
2466
10502
35603
11228
12001
11868
1334
11090
6090
7556
24226
26075
20462
24715
35181
4343
17938
16716
10908
4516
1592
15328
36105
12221
1806
20093
31568
24591
19939
35408
14274
3185
25616
17141
12378
976
37583
24970
6964
14793
16870
19599
28665
21262
35314
15636
19967
9154
9605
19781
31370
34120
