6160
23314
28702
1389
14200
37422
30738
28488
27081
103
37185
26737
18309
22393
952
1428
27244
17972
33945
26573
1819
30544
6119
20082
3230
33556
7108
17579
2670
14749
35979
36585
20409
16422
18538
26272
25760
36176
24889
15431
36374
6097
11171
32425
33926
2550
34774
4517
18515
19037
1629
18290
22135
26974
2378
28704
20013
35104
28640
25594
5239
30529
3255
11530
34260
3337
28643
2671
16115
31496
11794
9868
19616
11356
35396
12048
20602
35020
7721
37511
15589
32254
9212
34323
6257
21455
34643
34882
9976
2522
21115
915
6197
9057
34553
3138
7150
19190
12140
17378
35158
19788
36780
31049
30611
23733
17114
15343
14282
19260
27647
23487
1837
12286
22500
36974
25777
3861
24710
14302
10860
5268
22248
23405
37619
25618
4636
26136
19698
16025
32119
26888
8417
31068
27229
30633
23659
12990
17815
16252
3768
10917
9089
32026
2558
12108
18222
7508
9226
6046
11095
35656
11688
18167
23963
3840
13967
35481
33509
9542
16337
30518
24733
31412
4046
30580
10522
24399
36068
11463
8257
19181
1644
23833
5568
14355
14053
14430
21591
21596
30320
12307
35107
25769
35506
10766
33632
2259
20724
1501
8997
33170
17451
34162
20416
24994
6026
13527
5324
17604
9377
14189
9932
21308
637
20783
15950
9157
14558
35789
36431
17925
30717
5903
32291
24930
15119
10061
18662
4705
609
3486
15025
28551
5397
15096
25033
22186
23104
12700
35044
29965
11465
19328
15067
33464
22613
15384
14363
26201
22712
35469
23809
7950
26265
18654
15045
17539
23619
24013
28705
24824
28442
35839
13258
37550
19432
34919
28456
15673
33015
16462
405
9522
237
18821
35335
14134
7817
26698
5519
18633
24775
37280
31201
19324
27135
17781
10924
4799
20531
10777
28487
31011
34683
28199
28105
34305
13614
6388
20974
24915
7239
33133
19075
23266
36291
20551
5657
36652
17230
11538
5207
28148
7502
29695
19493
11057
16431
37259
24436
3339
33972
11746
23592
1053
29029
18109
32039
3509
18945
29727
17887
6085
37571
21868
10380
35590
33836
3071
955
13759
21420
25153
17234
13694
15631
25354
37515
36546
30595
23069
20999
35150
9925
4245
23948
20884
34521
1712
31580
6374
5150
25895
5131
29234
22622
1950
14601
18252
34363
12905
17220
8177
35125
21630
27169
22573
14492
7319
28848
23081
25321
6325
37669
5547
20339
23404
10349
30444
27180
24587
15679
21078
5622
17183
2457
10891
10411
32761
31651
30303
13986
3192
10695
6190
36288
11280
14171
26828
11032
5363
27628
27350
35488
3801
20503
3220
24822
3322
22489
6376
4383
16224
24716
17557
29971
23894
21495
16267
21287
29912
30204
27106
24664
30072
21154
15591
17845
10257
34827
7869
16929
12896
31787
23643
35245
24214
7575
8842
25535
11360
12889
14665
563
19411
6242
27563
15117
11329
29966
26312
18224
34117
13752
18200
31417
5328
4661
33268
28395
27375
30356
31557
36222
26206
22889
31200
16183
27359
23567
15578
18788
331
32300
32139
27790
4701
16453
25836
14574
7918
21926
16010
10397
22689
33948
27705
21904
29035
30038
32238
8866
13895
30629
1348
34769
34851
6699
32452
29124
14491
14998
10374
31548
21720
10716
30324
8242
35306
31023
24825
16531
18711
7487
26016
18231
16654
16699
37298
21269
26915
34979
37082
7831
36570
17891
28387
22771
21368
32073
9045
31606
9505
16934
31918
30093
37045
21648
25117
16627
36550
10922
28831
23165
20216
9056
27327
21333
3111
7260
9547
27604
34948
4573
14733
14880
5013
24894
30879
26632
13115
24609
4884
703
15225
22049
31070
14706
5719
2172
25135
16796
35586
7568
25530
26953
28095
16322
917
16067
25112
21978
12482
14238
5742
36640
30698
11298
13891
13650
14971
28453
12643
13251
30659
34140
22520
12233
24473
16749
15519
12228
29679
9996
9571
12608
26546
34578
23216
36908
30499
32959
16661
17275
21991
25900
19266
33406
13962
36278
17193
19265
23704
26049
6812
27893
2559
12474
10193
21012
6547
15793
27660
36189
37336
24497
28457
32363
10723
12194
3449
24667
1781
12617
3523
24411
17383
16308
19500
16979
33193
20831
21077
29063
32590
4987
22335
24547
1217
32611
1784
25204
26770
24870
20106
20787
8140
12002
15212
31679
24105
34545
1476
12366
20420
5272
10255
29710
22814
5840
29527
1364
29797
15775
26773
31419
3621
18901
6419
3846
31022
34855
18003
17138
4774
23142
32109
17890
3742
8639
13946
18804
24076
15340
13359
26854
6582
19175
33418
18768
26908
4674
18260
16906
25016
26162
2884
34732
31343
33704
29979
23739
30572
8265
11248
15678
16059
35407
13071
11955
23806
30496
27239
32677
30502
26750
21364
12333
17552
5780
25923
28622
10178
1816
32031
25179
4834
12150
19511
8831
22708
14267
25719
25483
36062
13247
25292
21553
36531
29231
8378
20745
34165
19481
23750
26313
35704
8289
13325
1329
3669
19805
17450
14082
8079
11883
26950
27394
30156
37050
37133
13567
14407
23697
26415
20795
32280
2935
7483
27377
909
27858
18128
21330
5726
4925
4051
28315
28716
12154
33098
31567
6675
20799
35190
26222
22847
20699
10950
27924
11671
399
1529
5267
6336
20854
21859
33222
31690
19302
12715
7085
25140
27567
23716
23299
5192
4293
10807
26599
16787
14745
19680
34324
6238
9649
21936
34831
3155
28827
32106
9204
33350
31563
34024
31925
17434
8041
9692
36376
10140
31050
12417
29991
5764
13371
11884
1068
10767
4999
12772
10856
4235
11707
22469
10864
29483
6114
6011
2625
6177
16335
34648
15733
28544
31036
808
29933
33582
11704
16823
31088
29411
7389
65
28380
5655
12025
15782
23959
27453
10482
27622
26608
14569
5465
36981
34800
3362
20780
31829
11388
22033
36627
9332
8662
18715
2286
19463
1988
17019
6835
752
3818
12561
33352
34278
24979
21963
11086
29232
3944
6960
2648
34227
2915
11953
2161
29803
22097
33216
6194
19797
32872
37038
37114
22133
19838
34273
15973
36535
2891
29119
3189
29517
33054
5630
27923
10252
2594
15330
30257
5419
28140
4535
29033
20628
31042
9634
8979
34794
3354
22570
7977
20244
27774
22994
32952
4005
14314
23980
11097
31532
7495
16952
14759
4762
32826
21820
10601
17337
13899
24021
12062
2200
26707
6560
34509
27464
27080
1310
21905
27960
16154
31583
11337
21129
33034
20975
5865
975
16038
17874
7978
28156
16582
33180
12827
9196
16056
9535
17573
9356
3454
11304
37010
9052
1927
25020
24670
33444
34138
29564
20197
11742
30227
36079
22137
30594
21265
37222
32100
18854
32132
25992
25646
15639
15894
1977
119
35868
10648
8588
37094
5691
1414
4720
2359
17622
31135
11011
5789
7093
15941
6166
8278
2731
21166
10589
4303
20060
37505
35241
9379
12731
11722
26368
20314
14074
17263
13273
25600
11597
4395
24872
586
6850
18561
28075
24374
31115
7960
30
24528
4416
36198
35435
16138
37139
20956
22892
37538
27163
30531
4423
22088
8439
22219
11780
35281
796
5945
14103
28205
15663
8533
37447
18916
34419
36190
35211
34065
7081
15828
3099
33061
4459
36714
29049
29423
23027
23542
908
29900
25109
15903
19395
6731
36620
15892
34314
5643
12196
18936
2413
9698
18839
13201
32440
27868
26981
25474
22854
30080
23039
3295
19111
20017
4053
12794
14475
18734
31369
23302
12290
34040
368
35249
25828
3364
20468
21507
23048
17229
7708
6087
36856
6065
24725
21488
22580
27633
36496
8352
26339
2244
1043
12376
21000
510
2154
29780
7730
18091
31621
19820
1256
6398
4392
22421
23713
31716
4607
37223
4532
16066
3862
6550
19691
14948
8871
14075
27696
29689
31071
1333
9688
8584
24990
18520
15556
4747
22827
10978
14747
9567
22907
28601
11355
23765
22878
27177
33881
13054
28399
33139
34850
26980
18329
29040
27410
20760
17912
9697
34889
12345
29122
23294
21392
8680
5879
2053
15260
29619
2611
8959
21409
11475
26385
18051
27731
30366
29062
26736
19600
7591
22879
464
21248
12798
36874
1591
8030
18847
14577
8101
8938
34206
1224
29298
27039
3124
18395
31546
2002
10533
9765
28842
34725
16575
7830
12641
33711
10324
37637
24607
22773
14371
2700
7289
13528
34516
11062
10296
10946
22234
29082
6113
33138
3711
28201
21334
9005
29493
2396
23916
16242
31347
29144
17536
144
23799
9986
3826
28915
5499
33944
37145
33226
15778
22628
790
23468
6326
21026
30725
994
18017
5093
9751
24551
26261
4513
33677
12123
32467
801
9073
36824
7084
28445
40
30539
4785
36150
18245
21316
37481
3090
15409
30400
23880
6613
18436
32767
6589
20257
16720
34185
27587
29930
26268
36839
26760
27192
7380
18757
21160
10757
19261
23180
22218
22001
19017
37416
1554
26764
32838
6937
4576
22229
6145
19999
2922
24305
17878
23494
11069
30741
29436
20547
14205
14254
18501
18789
36505
21740
8872
14016
9250
7000
9713
7683
34896
28431
2867
18090
7039
22567
21891
242
15500
32692
13265
30912
37554
517
31826
352
36239
26504
35343
27992
25464
32790
4178
29605
22389
939
29654
1567
17463
11157
15480
8706
21205
35662
22872
30070
16370
23680
2136
14893
13482
24883
2777
19165
12481
7090
5492
23698
28992
11877
3547
24101
37650
17137
23239
13724
22240
16610
14510
37215
2651
30820
1986
23241
11554
32879
25131
9527
11941
36196
34614
32618
22776
6640
9594
16235
26238
1805
19678
2943
30401
35459
17195
36174
14024
32828
15549
19584
27652
24713
21194
10825
18181
1491
28685
27881
3864
5300
18149
20906
9152
24280
20933
25435
26883
25240
817
35881
23078
10480
12985
25195
34971
16658
921
36
35631
17915
28302
32741
16981
37263
11045
8654
7943
18707
36691
36172
19846
9944
15985
14803
32108
1862
6990
37183
10289
20122
16737
27110
34332
30630
5882
26910
22819
23090
28347
349
18777
22081
17838
11534
7236
25457
20259
27702
34033
20876
26938
30309
28698
15616
35328
14165
37244
16074
14837
7957
28259
35926
12995
20411
20203
15908
37566
1669
11408
25605
32146
10848
2581
35377
32649
10282
17435
22221
29763
17130
22090
35922
29782
36892
16677
17427
22715
2948
2443
27784
26258
36023
20308
17489
6600
27727
9224
17246
23204
308
1767
15682
11041
27475
30073
20428
37129
25781
764
37366
20683
10997
36690
15547
12998
24626
2339
6080
28776
1001
19077
30875
5212
23801
8578
24100
11997
3321
36201
3715
37128
2787
26922
30207
23884
21128
19620
26873
22918
21181
2448
4626
7452
12510
33757
30378
8957
16275
33671
25932
1873
1570
32219
32766
11942
18530
5925
10878
8881
2329
14636
9511
7884
36165
9354
11650
25274
4740
32094
28191
26038
26984
19522
12537
16754
26149
615
22980
12283
2925
29065
26557
26180
19887
34671
16588
5653
29784
34197
16992
36146
34758
35129
19751
4805
26990
14604
24279
29547
31272
20487
28852
36795
34254
31393
32042
24677
26383
21480
21889
6558
5600
16816
17400
17129
10171
29089
1255
11253
13242
8124
1320
6188
3716
10645
23154
4495
21865
13081
22013
3705
29883
13101
18992
31494
34804
35497
19682
27875
11066
9284
29360
14300
1436
15268
14834
24818
16729
27175
1598
17975
25301
26747
20214
20824
34114
18673
8201
7984
3095
10871
3507
17596
26837
19294
8663
14561
25232
32738
444
18509
14818
13089
20649
3997
22338
25675
14316
14896
1326
11590
7620
21029
19134
19309
20371
31879
4628
36135
30538
24058
33321
25253
2724
12817
36895
20326
18314
21526
29490
24369
2309
29356
33059
17793
15876
30119
21336
34873
9604
27914
15202
33094
34497
36723
7580
22323
16834
24060
13364
21854
21626
26627
14515
8193
7106
19171
14014
13836
15416
14151
20166
25420
15863
11987
34384
7475
12161
4443
1880
24447
21067
6000
3166
3204
31278
28975
26171
7429
12946
20851
23762
3930
26428
11643
18970
7531
25242
34171
32126
5782
33097
17827
35602
12940
21726
13490
33372
3305
19177
28050
18815
17821
21907
5435
14204
12067
12488
13921
9650
34967
34208
1046
3632
14500
5983
13352
31833
32075
5962
26718
6108
85
1304
33319
7116
16311
16715
33805
34923
32823
8969
30730
6921
27737
17136
3580
16630
2297
25059
37053
8
12465
6095
34195
8361
18719
21990
28567
25060
12265
27900
16073
18114
26936
31991
4778
34630
26989
18404
20112
31565
1088
7638
32733
12347
7241
34365
8502
21069
26270
1753
16064
11231
9793
4271
32003
13612
29716
8703
22445
13068
25157
33822
13807
26166
23529
7207
392
11200
6892
20830
8612
11672
18943
36248
23788
30386
14010
33047
31897
26194
1408
9432
1634
31438
19607
35111
21961
11596
16916
4195
23954
25652
13124
12318
18399
11517
16428
6771
19375
23505
2829
4641
28027
1183
13799
4543
33329
36765
35015
23837
17818
37295
36611
26857
11536
22949
14750
6810
1502
31075
31709
28465
13727
6853
8525
23902
26955
4710
32750
27149
3900
29067
22537
16382
5086
8980
117
17834
28473
11751
32897
23257
31928
34504
35589
31969
31376
26584
2069
5490
4100
9480
5807
16375
14664
26830
19110
10244
3300
4940
4843
21790
20224
28124
16811
24943
23895
5851
31571
6991
18460
23441
31479
15001
25862
33794
21381
32315
20010
24231
2916
35575
23200
35442
16948
31649
7226
6121
1782
3717
24722
27885
35941
4173
35217
13690
29779
26962
31609
15320
26758
25127
15193
9047
14550
18998
11858
35892
10769
614
26021
3698
34136
2741
27744
16222
37047
35733
26647
16400
17742
34549
25348
32634
24881
20879
19217
25139
6175
31064
31427
23240
11691
26068
13498
23599
14873
23258
24688
28310
17695
34692
25314
18557
5658
15223
14506
35630
36666
15092
26676
174
20793
25710
12093
289
27620
16663
7850
33237
1689
16123
25217
37188
34432
10060
9865
19019
37390
29404
2623
36823
3778
16057
19410
34424
20001
9610
29709
426
13263
36825
5571
32378
14779
23976
28684
32227
18347
14277
3122
1498
22092
25694
32597
26213
9548
30419
33993
18770
3661
15821
32756
1275
14064
1271
10699
30472
36294
35967
261
7945
22624
9750
3031
28607
6579
33858
32133
16591
35728
5729
11595
25891
1763
15570
5049
19344
20424
29570
768
14465
1714
36379
16740
8270
9972
23906
8337
21046
35528
22069
24419
30606
425
31585
32322
10004
28890
28899
37609
8224
21390
20697
37453
7279
5166
36129
2598
27820
31054
17281
22972
549
7614
8606
9625
16505
24810
23193
17512
32144
24582
37702
7002
3419
7408
36040
8712
36080
14167
16215
17497
9917
13099
7768
12460
3803
2168
35142
8296
21737
4642
22252
12973
19958
35474
9684
3860
19987
12597
13438
19112
23951
15741
6287
34749
32296
3903
35491
3975
23513
36073
13078
6505
11055
427
33783
8267
15042
25833
32535
14883
26391
16569
36561
28476
28053
31699
9171
1791
4493
36906
8155
24984
21204
5294
27170
26507
30182
3926
32407
26715
26646
14081
33055
27474
1662
10842
12735
14738
10509
19397
24057
21748
5558
14280
20151
19091
10142
24939
13444
20472
4900
2137
32537
28394
2782
24228
25619
4208
36564
12576
34519
22164
27037
10899
18836
21393
20572
16149
23626
21230
4978
18104
16203
21413
12553
16743
23849
24634
3877
1336
8401
20255
28669
30520
20517
27454
5311
6271
12695
25849
16234
14088
27642
9947
37643
12841
34620
17520
18551
34628
484
4236
27210
35956
25323
36482
15429
3388
2077
34105
8393
19804
4452
30821
4212
16467
20272
12071
36582
393
24203
20558
15138
11179
14068
10918
31143
15256
2693
2080
24814
25804
28670
15596
13437
23798
24190
28517
19104
20392
11206
10162
21063
29150
6597
4894
9711
34845
7741
24668
33134
30095
19989
13208
33814
2197
9143
35163
20633
25143
10901
1648
31162
35513
21759
16140
18835
8523
15881
35592
32527
4991
9328
23936
29591
1092
21371
4019
9709
16198
17987
30666
11571
23201
9819
10103
17777
21347
33408
265
13025
10772
33336
9126
8709
33560
30923
10945
13238
5811
3010
36861
35877
13166
943
26957
20610
29146
35278
18262
2938
27626
15217
36304
10130
14562
7395
12320
360
31240
26697
4704
26024
35903
30111
21644
31352
2967
12143
23714
14572
36252
34121
5503
27179
37146
934
6018
10485
15080
34159
32977
27987
4730
8729
29017
4984
32658
19809
15104
37704
12030
9662
23055
7480
32731
18560
32456
36741
4832
36349
19098
19211
16592
12413
30724
18279
3187
24538
28525
36015
1834
2323
35567
10913
4934
30752
10315
21120
9304
26569
3739
34035
20449
17438
7689
2530
15703
31600
23946
16457
26929
5869
11515
14108
576
36756
12688
24776
29754
27532
30138
32688
23172
15879
5334
9162
33998
3827
12122
19391
4918
29886
26087
6349
2586
2447
13918
20401
24283
10752
7723
743
25338
7764
34104
35298
7929
1164
26280
8632
1143
13332
22663
18029
37168
35834
4967
1516
6235
11676
14376
6233
29256
11365
24243
37633
29438
32680
11738
27729
36918
23189
37013
16626
30996
23861
10286
26541
21633
10714
22754
31203
30083
30492
8992
23795
15424
13178
3476
11840
30350
36945
25441
19436
24292
34634
29362
12877
22466
21395
33992
34642
23544
33909
9856
3977
22191
27334
26759
26279
8440
11265
21121
21096
13489
2861
8052
11513
17727
17175
18147
9292
17798
20080
24674
6888
19722
37417
21389
23583
29496
31310
25881
4272
9301
31350
22862
25234
10761
32551
5505
29934
18130
16701
1316
4672
7500
20849
33733
7590
18639
29482
20813
18522
938
24343
28623
12163
32272
21857
14542
867
24265
15483
26408
33723
21404
31856
3992
32500
5183
34000
17494
29058
34820
791
5256
35785
37644
32222
526
17634
33646
7248
10452
35052
13608
36475
15391
25404
37513
32729
13742
1766
2748
6818
36083
29766
23684
23175
4344
29304
6620
30088
10538
12407
22693
16566
2017
14607
25436
32092
16896
32472
37479
5935
2301
25703
24372
5626
20789
29251
2149
36134
17531
21199
7421
14529
25755
5685
13499
7426
30940
32667
12038
28847
19974
27278
19119
6576
30159
26533
19334
36128
30599
25656
3033
2816
2406
30567
34999
30813
16936
23124
25361
27035
19582
19721
31634
19994
203
1264
36593
25097
18649
33436
18401
32945
12292
7888
1412
3002
2353
23414
3922
18440
28482
4442
4432
10639
31685
26730
9348
4431
32858
22134
7729
654
28764
9879
19359
32229
25392
33682
15507
11655
35288
13706
34393
26913
24866
6779
2560
24335
29851
541
17453
16118
13256
37152
2470
13103
16384
15853
3023
20853
21221
20215
13523
10305
22398
8409
2324
5106
34709
28996
33219
34029
11799
24717
7334
9067
17365
26648
21429
37501
9673
4142
36792
2500
23732
31528
28170
28564
8169
28412
36566
7420
19155
13411
11779
22145
17373
5297
17065
35959
23178
1979
14269
491
1195
5163
34568
25089
33027
12397
16558
23835
24389
33574
20588
25035
37117
11181
28225
17737
30764
26027
3355
26207
9365
19642
32735
29460
11543
8094
16168
26916
20640
31811
37404
3537
20062
35783
23742
25280
26876
29344
28662
22475
5534
35424
4205
17272
30296
17499
19472
27184
12886
32469
18765
27595
14846
14481
12954
15321
6821
30853
37347
20211
6264
5023
1391
897
9788
7821
37265
7529
13239
27399
28245
28584
15854
25973
15877
16827
25886
17475
10641
13287
15739
10129
33827
16193
31663
35065
35429
9853
32348
14716
36460
21700
21450
406
9703
8707
20837
22898
15592
20748
15095
17485
28615
26151
3358
7333
20712
25383
2890
35743
12414
13144
2597
5697
10458
17338
12585
7847
2385
30140
29210
34319
18385
36341
36397
5746
34505
34087
31482
20607
16709
4771
23760
5233
7283
18343
30862
14708
2102
18830
1231
8480
26103
27294
35578
29419
33834
16984
27791
37667
33202
15869
36167
37037
10180
31123
30631
33666
14838
1643
26940
2150
14889
13408
29458
35607
4424
3617
1901
30624
35197
35928
1562
10785
4912
22296
20227
3465
2024
35902
18979
17248
35525
21008
15719
9552
8146
29102
6971
31791
8623
14736
21560
15258
13651
20727
16945
31550
1228
2042
5073
5089
21872
29628
35820
2326
24199
17703
21721
9346
11403
6363
24249
36733
4671
37221
36214
5607
10751
16435
3474
7328
8545
9473
23519
12033
21739
17666
19625
33776
4193
10414
30788
17829
15442
12436
4479
5578
29300
34911
8250
37444
8994
9603
30348
8942
1372
31650
323
3117
26603
22781
4277
8427
198
21901
24590
12012
33943
18732
14184
24174
21832
4530
30178
11477
31540
36633
31077
6086
37132
29021
17251
1111
6096
13999
2366
35849
2574
36524
31831
7063
25412
29736
22964
11933
16725
10561
29542
6893
18956
21975
6330
6961
22017
20274
18461
27144
22821
25001
12144
18177
4945
29162
33245
35580
7934
26323
31460
807
6587
24385
2223
23280
13665
28990
6759
1920
686
11994
24274
25593
27131
661
17618
22733
35494
27518
36389
20282
27534
23493
36526
11445
36903
5245
10583
36828
13705
29945
23854
17446
8910
8083
18006
19790
35594
17133
30134
26192
6344
3587
3781
29843
9495
27781
18733
11947
29861
6532
16713
31794
29434
2264
19862
10192
845
19502
36480
22807
13933
17346
424
22606
23794
32089
37402
20361
34439
13664
8413
31492
20116
34077
10773
10377
7470
36638
24296
17458
18164
10364
15624
34580
16170
19855
29454
36515
28639
21430
8611
30737
21463
23464
19031
23917
24620
8172
21969
28187
30231
24078
12961
21856
35812
1284
341
1108
4478
4957
26486
37563
8130
9825
11710
36016
18040
8725
17
9561
25706
36104
2191
1646
23359
9135
17643
28779
29342
25068
18780
24864
12291
11389
19538
26768
14526
12112
8778
32917
5878
4430
13253
6875
19690
18257
8595
7045
7418
34095
1342
1636
27164
3147
16318
33024
19194
12028
24633
19841
30425
35514
23787
18889
35883
15441
13806
12522
14486
1992
26852
24434
33148
14608
37463
30707
26057
4546
31805
30053
11564
26778
157
37130
17476
8020
11706
32908
35944
23810
34743
5891
26164
12379
26195
4531
30326
29537
2794
34283
22700
8280
32200
27576
28188
31216
31718
27772
11761
3399
18126
25095
3401
20271
14756
32918
25687
3871
5905
3915
12639
17351
31210
21323
32749
14866
19731
1958
29463
8279
32796
25521
2636
22498
1019
16690
21912
29199
9484
22832
27385
30607
9841
30695
8253
7414
5688
32776
4229
9079
14942
16017
20141
2449
3990
19330
29112
9395
3448
31971
2357
32567
28175
21661
20440
26576
15959
9731
24201
11527
9937
28768
22339
25202
16918
1156
21974
35422
36890
36577
34109
22368
234
17317
34744
37498
16910
25708
36289
22916
31490
25511
29100
30900
23588
35729
22794
32865
36203
22157
10849
27280
33709
194
23108
33558
27645
28718
1039
7920
10087
28167
22962
1025
27974
26898
23841
24468
36427
12927
20598
1710
15670
37237
20639
29316
12242
13195
20995
13050
23255
24746
21359
18511
5004
11753
31246
33026
18635
1533
32391
26053
5417
32370
4467
9128
13989
30809
31126
25227
5529
34453
5981
1005
23455
11629
30310
6730
7743
9440
31559
23272
10190
8332
2019
29313
13939
865
35212
12668
19902
35890
9906
36551
27856
25490
15417
35399
21459
21388
29176
31398
7924
12382
24282
24662
10378
7543
2717
37401
18512
12464
10169
20920
9044
28960
32519
15406
31514
32179
36042
7434
28686
21167
36091
35912
28727
35688
30824
23246
28646
36243
1470
9217
816
23503
25377
13985
21797
9020
36182
27514
37534
6429
3618
18079
31164
22818
33389
10557
6251
12558
18688
13966
35905
6208
17468
3086
17192
3885
28479
4400
18437
4017
13644
748
35448
19510
13980
10733
36677
6460
34623
18965
20439
35936
27989
25831
2776
18187
15334
20320
26819
22325
22926
27895
33697
24835
9376
27185
30065
3696
7455
34142
2580
31128
35813
3441
8702
19406
23416
16230
30771
961
11932
31693
20362
7387
34740
5146
5510
35563
36744
4810
19073
10568
21015
3704
17185
31880
10855
11934
22921
5690
4158
35552
24589
11539
18339
29370
20074
19464
6241
3673
22788
9177
14989
14273
34699
4011
11615
37439
5589
21684
22170
3488
36493
14853
31961
36089
11115
36732
29873
8151
18618
8761
11767
7673
593
18322
2984
2819
2015
24158
16860
18184
29327
8022
4512
24090
20682
18011
21152
24089
31488
19667
9474
10209
27212
19227
5165
16390
35319
12314
32763
3793
20372
31470
5030
29387
36101
12343
6801
22572
4914
30447
11718
11378
6093
34940
13170
3845
4242
25739
20349
21047
33781
22639
20778
37699
31072
33257
31266
10531
19282
31691
28884
29713
15129
24180
11670
4655
31273
30440
982
4418
22694
36851
17308
16937
1278
27786
17672
6464
22039
14864
27711
36185
33541
7297
36540
14560
15102
10996
29408
37492
29421
19727
28110
23565
35007
33195
35674
25419
16333
20777
19663
21307
29328
11470
6638
35087
25606
30550
19409
32444
30672
19305
22913
25567
16862
27936
10352
11259
7875
3242
22420
28181
15438
23308
35014
20719
36012
6477
15929
16272
15476
6519
19131
23346
35920
717
1832
11129
20366
36648
28761
8164
954
9614
17750
12708
14446
37703
31933
27343
35598
9954
30162
11029
16917
3240
159
27322
33050
1136
4451
21066
31837
12669
17287
32715
24103
15672
34571
30632
1635
9767
7562
33970
32532
36093
18235
34876
17817
15418
9989
4755
19935
9488
22655
20647
4769
3566
9043
27277
33683
5370
35693
17474
3233
26823
1262
23288
19924
10756
24703
30091
36748
911
10586
35153
12094
5064
3869
31442
32530
16107
17478
17786
32193
19045
5314
30831
12479
18773
19655
5948
35206
18284
13850
16629
26781
31929
20948
27528
14258
17736
881
36936
34444
13572
29000
26367
32384
8335
12842
37471
9980
10660
533
6707
6510
31696
21321
31355
14535
650
32777
32426
11555
2135
21917
23708
37584
9147
10484
4714
19509
11215
25607
3782
35489
18013
12425
16515
12178
22196
7107
35372
2667
1415
37357
17889
7413
34317
18872
33334
34251
3184
11789
5453
22611
5996
34340
12781
22197
37574
26378
25122
9648
27917
15576
6599
4594
20981
24175
6916
69
35285
12573
16620
8600
19379
1909
16613
14353
4883
3472
37190
25627
33581
26779
14398
16182
35438
3530
8294
30661
9782
36126
36883
15197
36762
33356
11287
7702
21749
14292
16637
21142
8453
22849
5849
19852
839
11944
31570
8307
35975
13876
31578
23859
5446
4349
37284
2167
23407
37080
23682
13813
34678
31242
13750
35433
13443
24764
12671
18903
2742
3654
21843
5703
2155
19172
31245
7075
37270
28546
29413
3432
4256
9333
8108
8217
17726
20654
33990
15885
18179
11913
35305
3981
11569
9899
32295
35152
34489
215
16412
1817
13678
8927
11417
28875
61
1321
17649
12778
32309
19558
26406
34463
28668
29923
34853
25286
33772
31686
14496
29658
19911
14978
21885
21964
12206
36398
27178
36864
6459
30011
35644
4155
28706
13587
6205
19713
13383
15365
14104
21982
12409
28798
9613
21977
21844
13676
36236
11267
5117
35961
599
23556
30625
9106
9374
4232
16679
18818
21425
24762
19070
11282
29354
13128
17825
31221
20354
19495
5814
17407
23234
31120
13617
27839
23373
25371
17689
14869
3139
8324
22513
6394
3061
820
10774
13583
7582
5916
13505
24466
22944
34111
25218
5798
32887
23118
27931
16537
10118
35340
4699
7504
4008
10090
8354
15927
12183
27380
20742
34726
21198
18691
8726
3049
29004
6665
20959
24382
213
24663
26662
35938
2215
16878
32718
29349
32501
37076
24383
11739
6404
35457
23149
32639
23355
18685
12014
8867
37456
31504
26074
36400
35135
28713
14687
23235
35420
17003
3774
11601
13936
15883
30143
36893
21687
11600
18438
2240
14228
16982
10967
2589
3838
20098
13096
12348
9913
3497
2164
12693
2152
28921
14995
37262
24812
5095
4398
161
16488
35595
19648
7813
25873
15489
9225
21995
4016
10104
23900
25329
28197
29486
34887
8534
18850
10337
27543
18623
33968
25368
17028
33010
14897
27137
9617
37065
33630
31947
14147
20251
13957
27722
36574
35444
20674
11639
7385
26286
32771
14114
28961
7348
17937
36430
2087
2011
9565
29283
14416
37170
25872
32336
4481
3119
34211
17748
12499
9482
24485
32936
31867
6332
27913
7096
28797
18026
26124
30270
1283
18069
27666
20575
16035
20351
1443
5623
3783
29125
14701
10181
17296
9988
9881
37377
26684
12337
18628
3479
6521
1857
16607
26140
37487
3681
17869
30068
27859
11079
24269
9643
27546
23645
20152
2898
18990
35191
20852
3724
24038
18386
28721
34562
28104
13448
11902
25190
17787
23009
514
27258
32732
3214
13001
1360
21071
25964
27146
6027
24113
1211
3293
29921
37423
24396
13820
18664
37009
13687
30650
769
25224
15371
9439
4709
2183
19880
12187
16859
16736
24184
9689
29585
23582
18567
28189
28513
515
13155
26515
5612
26840
1969
27658
3888
34023
2419
8446
4581
1693
34058
8704
5686
4163
9583
9059
21158
34447
16642
12114
11898
21576
18253
29260
9071
9019
33038
26311
32953
16923
25282
13604
31577
29435
25396
7243
633
24350
28391
22243
28969
29839
27128
21616
28491
12692
31982
240
24796
12989
5900
32964
9870
28411
10651
17403
4314
10294
28880
22518
19687
18852
8641
15338
1528
1399
16696
33491
23035
21235
31861
22648
7606
13550
23811
10147
7581
13512
13831
26894
25819
5734
34782
24387
32713
22605
14248
24224
6691
33156
4763
7471
16682
25250
13230
5289
23876
18692
21311
11186
26032
2652
27368
1721
14638
14331
10944
28703
28979
14288
17644
5654
33438
36916
21412
28534
29975
20875
29603
9600
31271
20585
22371
33100
33164
18592
30260
2578
22480
8493
33592
1726
36846
24403
29045
9326
15395
13167
19766
28824
30146
14517
18566
23137
27765
21823
25742
7351
6092
10012
32422
11033
35992
553
29121
18431
6710
27369
20047
24297
19605
4673
20178
5193
33960
13679
31868
15956
28478
25526
7132
4525
8327
33395
19793
7213
31966
12776
36004
26421
22784
25058
2968
7509
5976
11341
32259
34320
5594
23065
20869
27665
28594
4231
9564
30716
32176
31411
10693
16008
22922
37276
6905
36383
5692
26478
1764
3469
28585
11139
2130
5433
30909
18640
20765
24479
19674
2230
35558
10301
37247
33370
2269
2696
25695
28859
14782
10131
4101
32349
11075
18540
14695
10160
33748
10056
10590
20333
32705
15723
35417
29576
1047
35851
3777
11586
12230
15433
27573
4490
30357
20767
35769
28853
5766
12350
27457
31057
35888
18802
34367
29092
3332
31019
2394
20458
36809
24118
10423
11330
2493
36702
36519
32992
12429
21415
28816
31317
33075
10528
25489
6186
26592
14504
25304
79
20007
3051
3854
34097
34404
1616
32477
22569
6741
35082
5360
24742
37547
18283
23472
37614
20373
20662
636
33996
13833
20300
31084
24147
33861
2942
18476
32898
33311
35738
14588
15757
10002
8809
15640
33843
3199
33859
29083
19300
5704
8435
2176
36947
31989
3638
17128
23421
27596
14381
33305
12962
32202
7585
27507
5479
18023
18493
35601
27228
36914
37186
28671
30099
4033
23046
5393
15645
18178
36862
5273
62
26183
8774
32635
16052
15234
32985
16256
4228
5020
28765
35852
4657
2221
26392
23534
9486
21628
31888
13875
20592
10753
34559
27319
15580
17124
19823
37424
20061
35327
6028
10704
31667
28467
17178
31923
35088
22539
29794
5556
21233
16711
13193
8189
12142
5854
8953
27347
13008
10166
6444
15401
2872
36959
24246
22699
12570
4948
33019
27361
2881
33016
26589
28339
28057
21386
16507
5942
37203
14662
980
26683
21126
7361
28420
4287
3561
31533
34415
2903
33121
36075
15755
34113
22442
35423
1823
7148
35582
20306
9540
3285
37226
2460
12821
18591
15213
5223
19192
20569
18779
14649
36967
20708
30584
