46027
46028
46029
46030
46031
46032
46033
46034
46035
46036
46037
46038
46039
46040
46041
46042
46047
46048
46049
46050
46051
46052
46054
46056
46059
46060
46061
46063
46064
46065
46066
46067
46068
46069
46070
46071
46072
46073
46074
46075
46076
46077
46078
46079
46080
46081
46082
46083
46084
46085
46087
46088
46089
46090
46091
46092
46093
46095
46096
46102
46104
46105
46106
46107
46108
46110
46113
46116
46117
46118
46119
46120
46121
46123
46124
46125
46127
46128
46129
46130
46131
46132
46134
46135
46137
46139
46143
46148
46150
46151
46153
46154
46156
46159
46160
46161
46162
46163
46168
46169
46171
46172
46173
46177
46178
46199
46200
46205
46208
46211
46212
46213
46214
46216
46217
46218
46225
46227
46228
46229
46230
46231
46232
46234
46235
46236
46237
46241
46243
46250
46251
46252
46253
46254
46255
46256
46257
46261
46262
46263
46264
46266
46267
46269
46270
46271
46273
46275
46276
46279
46282
46283
46284
46285
46289
46290
46291
46292
46294
46296
46298
46299
46301
46302
46303
46304
46306
46307
46309
46311
46316
46317
46318
46319
46320
46321
46322
46323
46327
46328
46329
46330
46331
46332
46333
46335
46336
46339
46343
46346
46348
46349
46350
46352
46353
46356
46360
46362
46363
46367
46368
46369
46370
46373
46376
46383
46384
46386
46387
46388
46394
46395
46396
46398
46400
46401
46404
46406
46407
46408
46409
46411
46414
46416
46418
46419
46420
46421
46437
46440
46441
46442
46445
46446
46449
46450
46451
46452
46454
46457
46458
46460
46461
46462
46463
46464
46465
46466
46471
46475
46477
46478
46479
46480
46482
46485
46487
46490
46492
46493
46496
46498
46499
46500
46502
46503
46504
46507
46509
46510
46512
46514
46515
46517
46518
46519
46521
46524
46526
46527
46528
46529
46534
46535
46536
46540
46542
46544
46546
46548
46549
46550
46554
46555
46556
46557
46558
46559
46560
46561
46563
46564
46566
46568
46570
46571
46572
46577
46582
46583
46584
46585
46587
46588
46592
46593
46594
46595
46599
46600
46601
46602
46607
46608
46610
46611
46612
46615
46617
46620
46622
46624
46625
46626
46627
46628
46630
46631
46632
46633
46634
46635
46636
46637
46639
46643
46644
46648
46649
46650
46654
46655
46656
46657
46658
46659
46660
46662
46663
46664
46665
46667
46668
46669
46670
46671
46672
46673
46674
46675
46676
46677
46678
46679
46685
46686
46687
46689
46690
46691
46692
46694
46696
46697
46698
46699
46700
46701
46702
46703
46705
46706
46707
46708
46709
46710
46711
46713
46714
46715
46716
46717
46719
46721
46722
46723
46724
46726
46727
46728
46729
46730
46731
46732
46733
46735
46736
46737
46738
46739
46741
46742
46744
46747
46748
46749
46750
46751
46752
46753
46754
46755
46756
46759
46762
46763
46764
46766
46767
46768
46769
46807
46808
46812
46813
46814
46815
46818
46820
46821
46822
46823
46824
46827
46828
46829
46830
46833
46834
46840
46841
46842
46848
46849
46854
46862
46864
46865
46868
46869
46871
46873
46874
46875
46876
46877
46879
46880
46882
46883
46884
46886
46888
46889
46890
46891
46892
46894
46898
46899
46903
46905
46906
46908
46909
46912
46914
46915
46916
46920
46921
46922
46924
46931
46932
46934
46935
46937
46938
46939
46943
46944
46945
46947
46948
46950
46952
46958
46959
46960
46964
46966
46968
46969
46972
46973
46974
46975
46976
46977
46978
46979
46980
46981
46984
46987
46988
46989
46991
46992
46993
46994
46995
46996
46999
47001
47002
47003
47004
47005
47006
47007
47010
47011
47012
47013
47015
47018
47019
47020
47022
47024
47026
47027
47029
47030
47031
47032
47034
47035
47036
47037
47040
47041
47042
47044
47045
47046
47047
47048
47049
47050
47052
47055
47057
47058
47059
47060
47062
47067
47068
47070
47071
47072
47074
47075
47078
47079
47080
47081
47082
47083
47084
47087
47089
47090
47091
47092
47093
47094
47095
47097
47098
47099
47104
47105
47106
47108
47109
47111
47112
47116
47119
47120
47121
47124
47125
47131
47132
47133
47136
47139
47140
47141
47143
47144
47145
47146
47147
47148
47150
47154
47167
47168
47169
47170
47171
47172
47173
47174
47175
47176
47177
47178
47179
47180
47183
47184
47186
47187
47188
47189
47190
47191
47192
47196
47199
47200
47202
47205
47207
47208
47210
47212
47213
47214
47215
47216
47217
47219
47221
47225
47226
47227
47228
47229
47230
47233
47234
47235
47241
47243
47246
47247
47250
47251
47253
47254
47255
47256
47259
47261
47262
47263
47265
47266
47268
47273
47275
47282
47283
47286
47287
47289
47291
47292
47294
47295
47296
47297
47300
47301
47302
47303
47305
47312
47313
47314
47316
47317
47319
47320
47321
47322
47323
47325
47326
47327
47328
47331
47334
47335
47336
47338
47339
47340
47341
47344
47345
47346
47347
47349
47351
47352
47353
47354
47355
47356
47357
47363
47367
47368
47370
47372
47376
47379
47380
47381
47382
47385
47392
47393
47396
47403
47404
47405
47406
47411
47413
47414
47415
47424
47427
47428
47430
47431
47432
47433
47434
47436
47437
47439
47440
47441
47442
47443
47445
47448
47451
47452
47459
47461
47462
47464
47465
47466
47469
47472
47473
47474
47475
47478
47481
47482
47490
47491
47494
47495
47497
47500
47502
47505
47507
47508
47509
47510
47511
47513
47514
47516
47517
47518
47519
47524
47525
47526
47527
47528
47535
47540
47541
47543
47544
47545
47548
47557
47558
47563
47564
47565
47568
47571
47572
47573
47574
47576
47578
47581
47582
47584
47585
47587
47588
47589
47594
47597
47600
47602
47603
47604
47605
47606
47611
47612
47613
47614
47615
47617
47618
47619
47620
47622
47623
47624
47625
47628
47629
47631
47633
47634
47635
47638
47640
47643
47644
47645
47646
47648
47649
47650
47651
47653
47654
47656
47657
47660
47663
47672
47673
47674
47675
47676
47677
47680
47681
47684
47685
47687
47689
47691
47694
47695
47699
47702
47703
47708
47709
47710
47711
47712
47714
47715
47718
47719
47720
47721
47722
47724
47725
47726
47727
47729
47730
47731
47733
47734
47738
47739
47744
47745
47746
47751
47752
47755
47756
47757
47758
47764
47766
47767
47769
47770
47771
47773
47774
47775
47776
47778
47779
47781
47782
47783
47784
47785
47786
47787
47788
47791
47793
47794
47795
47797
47798
47800
47803
47806
47807
47808
47811
47812
47813
47814
47815
47818
47819
47821
47822
47824
47825
47826
47827
47828
47833
47834
47836
47837
47839
47844
47845
47848
47849
47850
47852
47856
47857
47858
47859
47860
47861
47862
47866
47868
47871
47872
47873
47874
47875
47877
47879
47880
47881
47883
47886
47887
47888
47889
47890
47891
47892
47894
47896
47897
47898
47900
47901
47904
47909
47911
47912
47915
47916
47917
47918
47920
47921
47922
47925
47926
47927
47928
47929
47930
47931
47932
47933
47934
47935
47937
47939
47942
47943
47944
47945
47946
47947
47948
47949
47950
47951
47952
47955
47956
47957
47958
47959
47966
47967
47968
47969
47972
47974
47975
47976
47978
47979
47981
47982
47983
47984
47987
47994
47998
48000
48001
48002
48003
48004
48005
48006
48007
48008
48009
48010
48013
48014
48015
48016
48017
48019
48020
48021
48024
48025
48026
48027
48028
48029
48031
48032
48033
48034
48035
48036
48037
48038
48039
48040
48041
48042
48049
48050
48054
48056
48057
48058
48059
48060
48061
48062
48063
48064
48065
48068
48069
48070
48073
48074
48075
48076
48077
48078
48079
48080
48087
48088
48089
48090
48091
48092
48093
48095
48101
48106
48107
48110
48117
48118
48119
48124
48125
48126
48127
48128
48129
48130
48131
48132
48133
48134
48135
48136
48138
48141
48144
48145
48146
48147
48148
48149
48151
48152
48154
48157
48158
48159
48161
48162
48163
48164
48165
48166
48167
48168
48169
48170
48171
48176
48177
48179
48180
48181
48182
48184
48186
48188
48189
48190
48191
48197
48198
48200
48201
48202
48205
48206
48214
48215
48216
48217
48219
48221
48222
48225
48226
48227
48228
48230
48231
48233
48236
48238
48239
48240
48241
48242
48245
48246
48248
48251
48252
48254
48255
48257
48258
48259
48260
48261
48264
48267
48271
48273
48274
48275
48276
48278
48280
48282
48284
48286
48288
48289
48292
48294
48295
48297
48298
48299
48300
48301
48304
48312
48313
48317
48318
48330
48332
48335
48336
48337
48338
48343
48345
48347
48348
48349
48350
48351
48362
48363
48364
48366
48367
48369
48370
48372
48373
48374
48375
48376
48377
48378
48382
48384
48385
48389
48390
48391
48393
48394
48396
48397
48398
48399
48400
48402
48404
48405
48406
48407
48408
48409
48411
48412
48416
48417
48418
48419
48420
48421
48422
48424
48425
48429
48430
48431
48432
48434
48435
48436
48437
48438
48439
48440
48442
48443
48444
48445
48446
48448
48449
48450
48451
48452
48453
48454
48456
48457
48465
48466
48467
48468
48469
48470
48471
48472
48473
48474
48479
48480
48481
48482
48484
48485
48486
48487
48488
48489
48491
48492
48493
48494
48495
48496
48497
48498
48499
48500
48501
48502
48503
48505
48506
48507
48508
48509
48510
48512
48514
48517
48518
48519
48523
48524
48525
48526
48536
48537
48538
48539
48540
48541
48542
48543
48544
48545
48546
48547
48548
48549
48550
48551
48552
48554
48555
48557
48558
48559
48560
48563
48566
48567
48572
48573
48574
48577
48578
48579
48580
48581
48582
48585
48589
48590
48591
48592
48595
48597
48598
48599
48600
48601
48604
48605
48608
48609
48611
48613
48614
48615
48616
48617
48618
48619
48620
48621
48623
48625
48626
48627
48630
48631
48638
48639
48640
48641
48642
48646
48647
48648
48649
48650
48651
48652
48653
48654
48655
48656
48657
48658
48661
48663
48665
48666
48667
48669
48672
48673
48674
48677
48678
48679
48680
48681
48682
48684
48687
48688
48689
48693
48694
48695
48696
48697
48698
48699
48700
48702
48703
48704
48706
48707
48708
48710
48711
48712
48713
48715
48718
48719
48720
48722
48723
48725
48727
48729
48733
48734
48735
48736
48737
48738
48739
48740
48741
48742
48743
48744
48746
48747
48748
48750
48751
48752
48753
48754
48755
48756
48757
48760
48761
48764
48766
48767
48768
48769
48770
48771
48772
48773
48775
48776
48777
48779
48780
48782
48784
48785
48786
48788
48789
48792
48793
48794
48796
48797
48798
48800
48801
48802
48804
48805
48813
48814
48815
48816
48817
48819
48820
48821
48824
48825
48826
48828
48829
48831
48832
48833
48834
48835
48836
48837
48838
48840
48841
48842
48843
48844
48845
48850
48851
48852
48853
48854
48855
48857
48858
48862
48863
48866
48867
48868
48869
48871
48873
48874
48875
48876
48877
48878
48879
48880
48881
48883
48884
48887
48888
48891
48893
48894
48895
48896
48897
48898
48900
48902
48903
48904
48907
48909
48911
48912
48913
48914
48915
48916
48917
48918
48919
48921
48922
48923
48925
48926
48929
48930
48931
48932
48933
48934
48935
48936
48937
48938
48939
48940
48941
48942
48943
48944
48945
48946
48948
48949
48951
48952
48953
48956
48957
48958
48959
48960
48961
48962
48963
48964
48965
48966
48967
48968
48969
48971
48972
48973
48975
48976
48977
48978
48979
48980
48983
48984
48985
48987
48988
48989
48990
48991
48994
48996
48997
48998
49001
49002
49003
49006
49007
49009
49011
49014
49015
49017
49018
49020
49022
49023
49024
49025
49026
49029
49030
49031
49032
49033
49034
49035
49036
49037
49039
49040
49043
49045
49047
49049
49050
49051
49052
49053
49054
49055
49058
49060
49061
49063
49064
49066
49068
49072
49073
49078
49079
49082
49083
49084
49085
49089
49090
49091
49096
49098
49099
49100
49101
49102
49103
49104
49105
49106
49108
49109
49110
49111
49113
49114
49115
49117
49118
49119
49120
49122
49123
49124
49128
49129
49131
49132
49133
49134
49138
49139
49140
49151
49155
49158
49159
49161
49162
49163
49164
49165
49166
49169
49170
49171
49172
49174
49175
49178
49179
49180
49181
49182
49183
49184
49185
49186
49187
49188
49189
49190
49191
49192
49193
49194
49196
49198
49199
49200
49201
49202
49205
49206
49207
49208
49209
49210
49211
49213
49214
49216
49217
49218
49219
49220
49221
49222
49223
49224
49225
49227
49228
49231
49233
49235
49237
49238
49239
49240
49241
49246
49248
49249
49251
49252
49253
49254
49255
49256
49257
49258
49260
49261
49262
49263
49264
49265
49266
49267
49269
49271
49272
49273
49275
49276
49277
49278
49280
49281
49282
49284
49287
49289
49290
49291
49292
49293
49297
49299
49302
49304
49305
49306
49307
49308
49309
49310
49312
49314
49316
49317
49318
49321
49323
49327
49329
49330
49331
49332
49333
49338
49340
49342
49343
49345
49346
49352
49354
49355
49356
49357
49358
49359
49360
49361
49363
49364
49365
49367
49368
49369
49370
49383
49384
49385
49386
49387
49390
49391
49392
49393
49394
49396
49397
49399
49400
49401
49402
49404
49406
49410
49413
49414
49415
49416
49417
49423
49425
49429
49431
49432
49433
49434
49435
49441
49444
49445
49447
49450
49451
49453
49455
49462
49465
49467
49468
49469
49470
49473
49476
49478
49479
49480
49481
49482
49483
49484
49485
49487
49489
49491
49492
49493
49495
49496
49497
49498
49501
49502
49506
49507
49508
49509
49510
49512
49513
49514
49519
49522
49524
49526
49527
49534
49536
49537
49538
49541
49542
49545
49547
49551
49552
49554
49557
49558
49559
49560
49561
49562
49563
49564
49569
49571
49572
49573
49575
49576
49577
49579
49580
49582
49583
49586
49589
49590
49591
49595
49596
49597
49598
49599
49600
49601
49605
49606
49607
49610
49611
49612
49615
49616
49618
49619
49620
49623
49624
49626
49627
49628
49629
49631
49636
49637
49638
49642
49643
49644
49645
49646
49649
49650
49651
49653
49655
49657
49661
49663
49664
49665
49667
49668
49669
49671
49675
49683
49685
49686
49689
49690
49693
49694
49699
49701
49702
49703
49704
49708
49709
49711
49712
49714
49716
49717
49719
49720
49722
49724
49725
49726
49728
49731
49732
49734
49735
49736
49737
49742
49744
49756
49757
49758
49760
49763
49764
49765
49766
49767
49768
49770
49773
49774
49775
49783
49784
49786
49787
49789
49790
49792
49793
49794
49796
49797
49798
49799
49800
49802
49803
49804
49805
49806
49807
49808
49809
49810
49811
49812
49816
49817
49818
49819
49821
49822
49823
49824
49825
49827
49828
49830
49831
49833
49834
49835
49838
49839
49840
49841
49842
49843
49844
49845
49846
49847
49849
49850
49851
49852
49856
49857
49859
49860
49861
49862
49864
49868
49869
49870
49871
49872
49873
49875
49876
49878
49879
49880
49881
49883
49884
49885
49886
49889
49890
49891
49893
49894
49896
49899
49903
49904
49907
49909
49911
49912
49913
49914
49916
49917
49918
49919
49924
49925
49926
49927
49929
49931
49937
49938
49940
49941
49943
49947
49948
49949
49951
49952
49954
49955
49960
49962
49963
49964
49965
49966
49967
49968
49969
49970
49971
49972
49973
49974
49975
49976
49977
49978
49979
49981
49982
49984
49985
49987
49988
49989
49990
49991
49992
49994
49995
49996
49997
49998
49999
50000
50001
50004
50006
50007
50008
50009
50011
50013
50017
50018
50019
50020
50021
50022
50023
50025
50027
50028
50030
50032
50033
50034
50035
50036
50037
50038
50039
50042
50043
50044
50046
50048
50050
50051
50052
50053
50055
50056
50058
50059
50060
50061
50065
50066
50067
50068
50069
50071
50072
50073
50074
50075
50077
50078
50080
50082
50083
50084
50085
50086
50087
50088
50089
50090
50092
50094
50095
50096
50097
50098
50099
50100
50101
50102
50103
50107
50108
50109
50110
50111
50112
50113
50114
50116
50117
50118
50120
50121
50122
50123
50124
50125
50126
50127
50128
50129
50130
50131
50132
50133
50134
50135
50136
50137
50138
50139
50141
50142
50144
50145
50146
50147
50148
50149
50152
50153
50154
50155
50156
50157
50158
50159
50160
50166
50167
50168
50169
50170
50172
50174
50175
50177
50178
50179
50180
50181
50182
50183
50184
50185
50186
50187
50188
50189
50190
50192
50193
50194
50195
50196
50197
50198
50199
50200
50201
50202
50203
50204
50208
50209
50210
50211
50212
50213
50214
50216
50217
50218
50219
50220
50221
50222
50223
50224
50225
50226
50227
50228
50230
50232
50233
50235
50236
50238
50243
50244
50245
50246
50247
50248
50249
50250
50253
50255
50256
50257
50258
50261
50266
50267
50268
50269
50270
50271
50272
50274
50277
50278
50281
50282
50284
50285
50286
50287
50288
50289
50290
50291
50292
50293
50294
50295
50296
50298
50299
50300
50301
50302
50303
50304
50308
50309
50310
50313
50315
50316
50317
50318
50319
50320
50321
50489
50491
50492
50493
50494
50495
50496
50497
50498
50499
50500
50501
50502
50503
50504
50506
50507
50508
50509
50510
50511
50512
50513
51364
51365
51367
51368
51369
51370
51371
51372
51373
51375
51376
51377
51381
51383
51385
51386
51387
51390
51395
51398
51401
51402
51404
51405
51406
51408
51409
51410
51411
51414
51415
51416
51417
51419
51420
51421
51424
51425
51426
51427
51431
51432
51433
51435
51437
51438
51440
51441
51442
51448
51449
51450
51452
51453
51455
51456
51459
51460
51464
51468
51470
51473
51474
51477
51478
51480
51483
51484
51486
51487
51488
51489
51490
51491
51493
51494
51495
51496
51497
51498
51503
51504
51505
51506
51507
51509
51510
51511
51513
51514
51515
51517
51519
51520
51521
51522
51523
51525
51527
51528
51529
51531
51532
51533
51539
51542
51545
51546
51548
51550
51552
51553
51554
51555
51557
51558
51559
51561
51562
51563
51566
51567
51568
51569
51571
51573
51574
51575
51576
51577
51578
51579
51580
51581
51582
51583
51584
51585
51586
51588
51590
51591
51592
51593
51595
51596
51598
51600
51602
51605
51607
51610
51612
51613
51614
51618
51619
51621
51625
51627
51628
51629
51631
51632
51633
51634
51635
51637
51638
51639
51640
51641
51642
51643
51644
51645
51646
51650
51651
51652
51653
51654
51655
51656
51658
51659
51661
51663
51664
51666
51667
51670
51672
51673
51674
51675
51676
51677
51678
51679
51682
51685
51690
51692
51693
51699
51700
51701
51702
51704
51707
51710
51711
