209
220
11
22
152
171
117
147
103
179
44
68
66
159
181
16
175
69
100
109
223
225
105
71
136
93
199
135
163
216
76
24
1
172
13
46
20
207
228
235
150
119
104
18
95
194
101
3
185
118
155
229
35
89
97
170
200
99
126
187
74
116
173
17
158
232
212
210
203
129
27
32
162
231
167
202
206
198
54
141
131
137
180
51
33
47
128
191
197
190
79
192
123
59
39
77
110
156
227
182
157
195
30
211
63
236
60
41
26
61
48
4
201
142
50
188
31
178
166
106
5
134
189
165
65
7
28
196
34
193
219
217
176
111
98
114
218
10
107
96
186
87
132
146
168
120
78
177
130
14
90
149
23
151
115
233
205
145
64
153
113
94
12
21
58
183
154
57
86
56
213
43
53
143
9
25
102
84
108
15
169
230
55
204
127
6
36
85
82
40
45
224
19
208
234
144
125
72
70
214
