87419
415786
269091
309808
480234
460214
319868
200205
462847
217904
273626
182445
147716
486996
322463
104098
305617
93636
270570
390025
387686
494652
190315
424237
459589
523159
447113
380382
240820
511537
97623
387586
24366
125127
535122
304130
445904
376838
395770
405117
282149
285833
288327
208116
195543
343687
267542
488184
446324
498377
44274
494166
203716
428006
473420
144060
78397
131450
449854
46798
306500
224887
464355
11557
423039
455417
410243
101140
131166
77028
208631
478912
466889
116823
347904
345290
497488
136177
420227
140950
402833
150043
211926
201734
485501
157605
224514
484554
53215
112344
358232
273191
165312
479397
300462
105832
368304
214994
67447
338262
154822
530926
238072
199387
244464
531314
196712
174087
448016
39598
44383
144635
381970
467728
420868
9280
44244
451119
100410
233795
204447
357718
415838
282092
501006
141535
159498
338474
336783
489029
206686
459647
290221
377009
504594
21654
436170
207206
262317
114309
194142
387896
391839
393237
337984
291782
250447
347980
273360
217077
444041
466995
169365
212077
515623
75586
297332
118827
80567
92809
235833
286210
219409
68123
391532
394153
57185
232114
31727
468673
399758
475422
263510
115090
372793
234825
431819
179614
418701
222987
479531
309078
340080
107342
23510
462837
273640
162008
458967
313521
515905
89454
289966
405623
456876
67592
25125
497571
333750
231970
342710
429439
43034
460247
305414
90535
209733
324925
75905
441752
520936
365961
70601
255379
496841
26757
196481
449010
249024
82378
446429
452684
532836
513178
151487
85125
367675
455148
453175
232436
478344
513133
170042
375873
119764
75026
10080
479470
251457
429079
456094
506707
421079
248503
142938
260957
521955
274516
450328
144272
