122419
351289
127587
32540
413346
494497
191147
351195
254697
483133
139434
82629
507113
330327
83799
2323
174490
381697
40761
341567
137407
100496
35612
235703
153675
392968
477879
448547
440031
142239
319896
38272
377142
360863
162054
467474
111456
103476
309318
391049
183973
87802
422175
39212
480143
216319
416911
264328
306788
245120
285047
94973
445343
58291
80557
130630
201122
161932
232043
293674
356780
170107
279045
459551
465481
170069
284425
240147
244538
422933
465344
273277
262440
290531
366957
257678
375629
471947
453633
153413
309215
32072
186944
188829
525549
282560
500562
469250
284860
274303
34222
465585
199542
188357
108568
348144
12500
512559
362540
36392
261103
192190
348022
281410
211201
353042
260008
234619
248003
419065
272757
155034
247328
155806
149231
13266
350401
377287
79423
100706
26358
89633
344923
400327
152295
37797
252030
115719
288799
186671
430626
164852
279453
299945
514320
8183
297228
298285
500605
162145
94164
388123
290320
232917
172894
446911
5545
197024
163168
436980
89278
399234
268576
218123
262827
30088
297090
388145
275362
9040
532547
303029
439704
357670
322972
145496
253688
354428
391798
261954
288992
191528
47304
2342
201519
363029
320423
460571
305215
301903
521335
48688
426248
447447
133093
418562
344484
232011
312092
7696
432406
269571
42171
423294
10009
513651
477144
528632
44212
459009
172533
32140
385665
330203
321533
459512
223449
484425
532262
359174
256920
240101
351621
471280
32017
476782
426978
431284
440243
461496
441393
139854
86106
232522
407435
164178
434031
394252
413260
403855
367819
272467
373614
443012
373847
51572
348298
12648
328872
145432
143123
201043
137760
74448
464321
493024
169904
407815
47425
433058
524158
90560
370325
164567
101008
234314
324524
2623
312973
182967
468719
22908
180867
497231
264719
89950
70232
261586
295745
385276
463246
73347
302289
201930
471587
135013
357971
207279
370663
401795
319610
174140
44406
192103
160722
185549
391937
106118
382522
205674
494136
9289
170377
75244
425719
151352
500683
479972
18360
513419
255056
44069
371648
213940
417683
435695
274541
352010
179849
374208
233392
515199
318578
176657
403430
183705
306176
88293
522944
73553
88951
370845
472444
428740
373922
172525
534030
535606
508298
482282
372703
4677
349534
355037
381842
31235
442296
178625
316807
216581
444562
18968
326745
94904
367011
403613
17592
516240
393902
474114
346972
162779
173690
242193
357440
126752
40341
255093
409094
57144
110601
36363
395165
181518
77524
64903
450496
220327
453986
216302
176555
61895
449778
446553
274703
426541
62391
463653
382341
517466
483979
218841
284558
45415
336700
266759
493413
111553
181532
507274
514051
156215
505253
398320
68803
92887
318622
504775
322983
469735
334321
386563
328061
232157
318034
237315
372623
423191
30738
52576
158570
449697
287506
254278
461002
186796
252544
168282
465929
333255
201483
265832
512776
52895
385552
112596
313066
414854
402135
121679
417900
112562
311367
131541
27514
109304
102961
217193
355546
174536
359613
387533
308363
48725
204042
263471
162360
502271
68322
211346
297911
471218
28958
505829
81833
32816
74525
103169
411629
466246
252401
421545
228676
209488
500325
307937
196911
291075
261983
331549
462740
419950
303150
148282
523501
185162
331675
519438
410930
528613
19321
75723
365726
28772
301472
354705
90251
361015
113663
213733
167367
500997
364649
36071
381548
450349
63741
144117
68390
58250
199521
285876
15487
146917
100951
362526
297020
31003
395733
52039
76358
84721
92980
361584
374431
409250
500229
276414
275108
280403
21520
140954
66601
221531
461596
83082
316027
254010
449514
158574
442352
14450
11979
252405
492169
174301
253419
187554
491390
65114
308915
39560
3296
524385
443471
150481
48547
358338
303279
451758
25395
284291
391179
515534
76951
374600
170760
282061
122638
441238
108373
244412
511302
402094
328091
31018
341958
463074
137405
41396
230793
326129
407638
381536
243954
238958
388391
497893
252058
201533
320553
444532
369116
43778
368327
464378
479341
422204
417997
400430
326684
21032
357928
140462
36317
197356
392956
41883
220053
398351
165359
113851
238031
506366
353150
457138
204118
23939
489979
478536
140188
230303
112091
240230
453696
521784
286142
196022
300671
507710
185439
53566
132946
526599
103710
441112
172515
168668
206704
467007
378263
78646
279272
489786
280799
374199
72392
209612
291406
319022
254136
264478
452059
442287
432878
34943
418443
76080
45142
259670
357986
348272
393095
305332
300225
381392
154115
70193
110550
407297
286792
130568
299764
458923
444843
64122
381980
452239
25403
320658
269839
271171
461243
290836
305442
240875
338415
105925
169497
15844
93576
131499
523644
356544
291924
211501
305381
190491
238226
401415
32069
383878
423593
493163
127458
388116
285603
516231
243711
380913
291535
243814
335067
409855
274453
409583
419457
176391
183513
456336
376237
409208
454841
399926
459070
46314
55674
68351
219511
253500
396829
329356
14224
462360
221518
84338
447756
276524
271762
345987
100971
508341
398796
512597
62427
115006
325725
471289
33765
79359
512224
98422
492232
476321
239211
374571
21827
39540
386522
220934
442088
146903
219920
213867
112665
31070
366169
382875
187258
470635
84444
56613
380225
227739
462809
230808
63309
394206
462633
436497
193538
120150
329973
337915
156379
118985
237457
268108
354677
185884
217383
444127
311692
149104
426046
130483
47552
102871
91956
100382
131144
289589
49641
365738
417531
465142
229662
283182
159215
273491
310451
378777
299146
409331
306248
103743
194600
381430
59933
465393
343837
305606
112048
246542
190653
492956
153989
383278
213540
30396
447327
289152
408084
97104
22196
89438
407469
192277
467865
534745
237379
471196
93918
477408
531233
399525
201716
41319
51124
163192
446492
20220
207069
28142
498882
175467
484672
117060
494399
474025
305979
40867
134663
360525
319815
88806
366968
3615
89320
291718
99680
43467
131843
179605
199513
415328
100343
86635
225635
319404
440628
2724
151726
80051
264003
445431
44539
34739
253365
279644
46860
282500
151023
463449
309306
350455
77614
115379
62485
126436
287122
124934
160229
86032
450560
159347
168906
151382
118662
484980
95390
106593
526854
296474
242038
118451
467131
72602
400105
26995
470719
451882
77791
31693
502980
343597
297371
510964
482237
96029
286493
291958
117020
311378
41893
409720
79652
363593
180793
358769
456859
301780
340994
121186
131023
473910
51378
68227
162163
178216
426164
295689
468435
775
188700
139930
344289
64744
421029
163137
267884
513554
132532
262901
72620
160740
523357
24376
456299
55210
520427
116201
297649
421789
511509
462202
343499
516403
106496
85647
62586
439472
124363
268595
170074
523277
457558
144600
249187
404513
157345
480566
399762
385458
527731
7493
7203
66490
519757
450239
198877
204718
4547
456742
350492
162557
46511
144975
221189
211960
46576
51997
420699
221043
285443
250064
271840
515297
434818
233467
210067
83051
201191
115343
186996
310351
442850
279111
379258
249933
111620
445278
55144
389438
380246
130384
177386
198039
114214
300735
409456
524780
423019
321189
381767
248053
134852
297521
366129
418971
127474
353146
170738
364689
381031
352326
21513
119117
299869
119669
125064
395805
363782
422378
162584
249633
342743
438962
461261
244
407261
255573
473673
64989
78722
58691
145890
365596
452634
478730
195345
264819
210589
190555
319356
380416
343639
147683
169467
488722
245193
318254
87716
65499
259215
323444
87671
53891
231725
528184
524832
155218
268333
159414
253884
529421
54372
364953
95613
242965
437244
27367
264945
302360
443509
505712
346235
276509
373751
274988
208686
72713
381517
63513
444967
174895
291173
223406
383908
254473
8136
373661
512921
292875
356546
32412
272680
142719
437790
57620
148113
429746
2109
166691
342060
412648
4193
426197
521082
309516
2627
457296
314038
99847
371365
124470
316053
492304
169033
236862
137508
196459
275360
36591
117785
249609
185278
403570
177603
535132
474813
42404
524235
490297
420762
14498
223770
52452
469416
283220
126331
415018
406127
321887
276352
135615
299388
299101
99572
97231
175235
417944
243002
234090
162326
84591
232163
407754
75735
419504
169325
47342
238780
233319
72158
526495
85899
518716
253770
362357
511864
65380
171733
470849
228821
418644
102056
392098
206109
124516
495896
47586
115889
153295
440573
261975
377156
264981
481507
534423
515314
162870
291668
393797
464370
339283
272759
64556
200312
392746
405715
96895
274506
107038
408333
17089
255778
35733
422041
308301
300375
179114
197429
499263
251992
13587
405915
376263
220657
110330
31502
11240
274162
7789
80662
504638
397385
200009
118437
465729
10416
82423
34279
328576
289100
14497
489550
292755
535738
157802
247219
119391
241408
335878
53971
368261
31747
476069
525421
62710
269095
40030
342345
7194
89128
350608
402411
398886
322782
170148
116518
186015
274139
487670
498058
382109
319588
180574
287878
251828
110896
27064
301680
117213
287260
70198
55592
233071
522201
227821
460607
74154
306074
533655
486496
54214
15855
308238
151050
261714
450442
73170
217490
204597
188791
263296
79657
488609
109335
348302
490363
174232
432762
386934
45069
378102
366923
367130
293815
204534
491456
343334
34712
339227
196193
413615
354851
92219
491118
382456
162554
374292
60564
344887
351974
331763
484259
317383
359777
283520
253896
43373
301856
43783
511935
357920
58633
289102
482251
48268
424351
104003
104416
272610
132055
328852
229428
369609
425006
228002
85242
454206
145663
132625
266761
15531
495399
157416
212362
68488
86633
480362
275034
381410
485742
341232
178424
443548
249929
365044
529446
200946
523442
86501
247516
330018
399175
43769
435467
37967
55182
197815
517071
186965
434247
59091
376958
175148
149549
296753
498269
501048
243635
369103
306555
49699
224270
68780
196487
518387
26477
268465
359582
302566
224073
16135
114211
417023
211922
137907
44384
474309
197756
434197
126367
47362
68450
519547
246930
512429
238636
435679
19640
327563
518672
391019
249545
123136
200400
316332
464009
166420
119145
280373
364582
497484
139192
294612
104337
252891
518898
457360
68945
238061
2303
515904
435707
318000
221530
397984
367951
394721
401070
392270
418554
27876
453715
515384
192401
135588
109987
426538
43379
39344
161791
274808
5725
96654
269110
147425
45081
7923
163504
131436
380545
108270
25889
486375
115938
301892
416372
49049
428904
535676
205036
439
185948
330913
327389
62908
230214
102519
260918
527537
124067
212421
367098
259943
144387
366065
348469
257170
479227
307517
251178
413597
205683
248279
227439
93670
508465
304606
63240
375071
156696
166837
33017
68701
125056
186883
250875
258024
69613
322845
25754
258920
336978
137941
250458
80951
111862
236618
293467
306160
76377
117760
328548
30401
49346
314484
101418
374315
187495
515616
319592
170316
499813
55507
235016
440542
416538
42835
69271
232372
96023
132709
252502
414346
165789
320998
129907
529103
390459
96566
132651
519259
105765
443390
119605
75264
133718
196266
255539
211351
390337
385768
263224
310539
297121
171588
349678
25399
96891
239121
61450
394228
237749
468044
304241
331949
382910
223787
328700
383327
519302
336227
380797
44761
38267
311762
446246
488413
112077
71985
292309
502470
171627
13824
67437
245498
164363
517467
215244
170761
531951
263554
286333
454828
150718
364070
191306
213855
301826
488089
10614
154847
292700
296295
267757
364179
44963
485396
235482
205766
415855
199265
422250
255051
319369
41507
198110
344280
205322
486612
337362
413419
232165
129269
307883
66471
343175
426424
250596
346637
39916
245491
420572
458826
420788
515801
307564
521792
442551
425768
488385
528730
225159
32761
83986
238441
405638
104998
208347
395314
182487
369345
286730
445698
20086
256101
115000
83964
61099
394816
140166
113423
304274
191149
268681
129865
65294
515006
352722
40957
165528
297841
253767
187533
304425
185844
264454
402526
144572
67369
201024
59063
458604
357508
55117
55095
368332
384596
237180
476883
342807
441878
404034
529554
96006
162813
348246
110719
421638
252206
536042
393108
504305
438562
146095
109128
179420
376097
180188
412804
113581
138021
455898
513019
256571
475871
5373
349208
84383
16189
204628
220116
317759
398405
351132
363642
329353
21462
375077
6052
486572
496848
303302
82441
290681
379685
17213
167274
88039
407078
383095
492491
357040
244017
259243
212108
322295
47735
478179
229129
183149
235269
354116
133778
172519
26329
375724
37271
215824
405885
171367
170488
329748
24915
123822
193090
534736
266984
230202
72126
191381
329078
422564
14954
312821
443542
113139
72848
278322
127559
439555
300031
8003
337750
229393
506285
150935
78188
460996
383191
346849
380897
364384
287086
362708
219970
175370
65041
99889
258365
318877
315259
173768
110589
189315
179460
447901
332194
464716
494922
185516
512288
266006
321159
443393
526080
367908
145122
159006
363319
330837
489572
453215
496423
528393
78723
428666
358255
197574
86678
126238
117084
417607
224585
403047
73662
512128
115329
533545
188087
109139
263840
174038
344057
353971
98582
472972
184687
236283
194130
167298
138790
174250
491941
14657
512895
169164
167596
246724
219705
337651
522373
340511
446192
474851
412707
183015
137675
524191
303896
522163
357053
511234
104638
380535
231778
252952
340096
364886
424598
9155
478549
111484
70845
343472
226851
311625
473236
423923
348872
141855
5285
518948
459524
526288
28089
251926
245788
160734
141421
91359
532921
356503
41068
118752
341873
151637
62393
328951
327122
95417
267363
285668
367084
188489
247021
163964
352587
53420
39363
149105
363177
342464
66314
275701
80552
357335
416358
167546
466900
224965
230765
486974
67673
416736
384252
425847
454647
437770
418775
311913
373030
412547
406219
209023
313079
301287
447541
508664
394973
130212
478232
54795
259587
377697
220229
99933
256374
182631
26606
161928
192131
306599
100023
92012
394892
533692
525772
228380
199014
423646
332864
210222
534975
426045
472504
111792
182618
487479
195581
387987
67530
437277
108879
70809
125949
147752
200040
164705
94750
453248
144239
149038
126096
14416
131275
319295
223386
85744
500699
148448
372789
224807
186371
419608
128333
460224
360506
344773
500406
95254
96761
176683
242993
414741
451522
347520
19264
533611
230851
263809
222542
515750
127511
149635
385210
417338
411622
138262
409652
279399
417419
431274
249349
489931
142901
309652
117183
81532
225777
308690
319188
449067
400353
267163
145457
374849
131468
178975
377005
440336
92748
135111
281043
282028
382636
282617
83323
126866
443365
74233
156773
496481
378681
358548
313403
253759
479430
149348
439730
134741
36698
169198
72162
66352
265035
532870
439818
375892
461014
48013
86322
457443
438626
512497
189805
310437
358657
306432
190071
386446
175936
325045
455297
195612
291291
332517
333657
285154
157694
185537
375954
172580
467949
356350
219642
314687
334627
301948
360261
249840
180542
499297
168105
381899
351796
14556
319372
245919
445646
64673
136460
534404
516395
60341
388303
62666
363820
514118
423034
362421
444414
1436
173261
535260
433682
26813
181908
243119
445546
246980
344679
72047
510730
211754
388289
339495
130705
81082
443870
492368
1016
251421
72036
485033
495318
222430
374428
375426
403069
169685
30594
532050
482498
523351
399586
42018
26924
137155
478290
81837
39718
387646
238555
380386
385557
346467
48223
61912
46963
420365
217371
277492
301041
236174
108089
231341
402406
112589
141778
349502
28059
222454
133219
468848
57649
329142
62649
329315
252610
359658
464034
295580
143294
98335
397723
327870
437068
178694
277055
192834
215265
5146
41144
117686
355902
473876
140393
410531
163725
149076
343836
183815
526947
119147
286547
413085
305128
78785
229516
532802
518727
463566
262159
376875
176212
531208
315114
39491
297092
451557
139990
78952
225103
436056
258358
409322
26346
38275
350646
517749
471932
530423
82263
424843
375247
202346
417695
235910
317187
314948
494924
338750
209917
371036
389104
76302
468870
525550
400786
389256
207836
39925
340583
485468
411178
255133
36636
529854
166018
1002
280377
528758
424813
75509
338155
43058
219122
515285
356423
164817
495580
513722
94534
188746
409304
343331
4538
123421
276098
421553
506734
253451
410558
97004
105241
509939
27119
227554
171165
218134
90143
247539
497327
421299
514552
498124
336307
403517
280103
266839
90217
105500
367812
409376
428539
277361
261594
308179
265422
116272
56761
30828
356977
165759
142070
17546
323487
394888
313414
86925
390469
357862
513810
217035
476349
247402
421710
39744
369691
437635
223847
517955
133120
108396
290723
132433
234418
182028
446743
356439
38207
478501
131473
526700
251067
455739
106083
343336
128890
122363
505542
420385
254603
463340
339361
210402
475691
235624
337882
470133
332889
134770
509557
28034
456745
481210
34197
230203
49376
160151
354750
106606
141426
315797
481934
64815
303116
94912
373549
386160
526542
319935
447239
192974
96946
272623
431536
395675
61068
480478
211989
330192
257411
169545
259987
176982
301538
444199
88429
403252
229247
22089
250251
534996
531442
211844
267989
489168
46779
358515
357752
171621
478877
523712
422994
411385
117581
119985
74053
466945
489745
51047
246268
21380
484001
434219
364252
145318
434006
521755
179663
111220
211172
390707
68241
129700
328917
169654
35120
157288
404628
436211
402907
159230
333901
405935
9912
295427
17019
368500
52726
178604
475714
321261
71564
514488
232505
478056
237588
407587
335416
182456
26552
461924
365275
269929
57154
306871
488451
38427
253601
243333
437511
437055
282671
155286
21885
101329
270000
258008
514515
433407
13538
429123
101685
76524
516411
265000
26501
494534
70286
469387
119379
423204
73102
136015
488411
167140
284645
518184
533685
25868
110479
512516
425411
414463
439144
69807
229191
114765
5905
274190
485800
468572
155870
350163
55997
81865
87969
84881
138285
217031
357305
243652
189976
184449
28148
451169
117240
330895
228304
193297
301356
182606
152186
336011
33965
444234
145450
183536
151180
70189
110692
245083
316771
62565
440368
388662
163780
163297
414439
4998
292941
1430
504860
65322
424550
383787
107083
170792
31894
247581
75987
474165
104928
499319
510562
105898
74783
394811
333305
230216
416551
12349
354271
230355
265597
33103
110776
287193
287565
348191
154419
94508
459315
392442
173676
246527
490500
496789
200333
241196
354662
2088
49211
1244
47653
489684
44177
284715
170329
496181
263175
432887
229696
272662
501317
324573
423804
60969
118562
480005
468450
493430
42296
94970
441785
263652
444013
65908
435776
14466
393020
141365
375425
269009
518146
319467
423677
510190
29474
103135
462618
315585
355743
381597
96583
371893
304405
30858
64346
360889
475126
409296
66684
5927
475440
150984
462441
185609
365174
2082
60951
319237
526365
469209
169377
326694
520429
101493
418241
219890
515930
20620
347768
131410
322588
512389
375379
254071
425303
140197
233192
238790
49643
245933
284255
434207
157834
240871
201
226842
329112
519378
443611
165198
332950
259075
328320
74417
98476
101688
117884
479372
169425
297247
63900
137876
236655
73687
56405
247815
463610
389466
267990
172575
207402
380979
34632
20639
296202
60225
317196
520585
307690
256183
515485
140247
305142
177399
176615
9834
422798
410753
348209
368283
333985
115554
215461
348479
185469
518824
527829
532682
145088
299327
339995
115490
387317
261008
280678
352555
510492
217516
425667
336491
39230
365969
381172
21865
139685
382411
81137
313362
286240
507218
188813
204712
329427
325629
411170
1752
75323
288816
46063
41004
460529
225461
146359
419416
332690
116603
38586
374328
441276
166518
56942
409664
146253
94686
127975
477613
454228
394435
365928
199719
139514
445633
414926
300242
70956
284146
153700
463751
375820
435857
518048
290198
371052
243455
275114
251326
64263
389524
366076
168817
251712
221753
197862
266932
231133
382355
80079
481829
372605
172804
341179
515456
425316
230218
30591
168007
409670
83633
405600
424093
497878
274091
329752
332279
533571
391063
401528
376290
515100
413603
336488
130528
348539
188612
163123
397944
19282
326820
81797
365225
379698
218057
250886
410749
328371
255570
144359
29194
479126
65683
1317
113240
251148
277352
236928
170701
514256
448340
419104
416853
52591
130877
100792
474425
458437
55844
504647
344609
321603
456210
252925
130770
353809
478415
31251
448004
240884
154795
265751
138326
508692
182516
234840
459149
128726
506772
119007
486952
360354
503566
435312
328013
108035
198422
83593
194642
262850
292007
368597
77076
68616
470918
524228
135534
327460
441169
320295
70629
442813
179276
201858
290364
467448
476963
576
229039
64876
237882
8304
147314
415725
92133
171598
182792
355135
154935
519162
135261
285869
103833
431716
468916
52426
373854
420736
346266
240415
427719
307751
201698
259394
389954
252450
276696
494555
247914
367986
432925
248378
202942
143203
83307
172094
485458
134170
178087
155781
440993
399414
410780
106516
177885
539
252120
363718
447180
400094
350932
221305
251729
499510
424674
302646
341623
69972
427480
297764
103668
205449
500279
401230
69580
441387
317635
160970
334753
67306
90961
125946
355605
342240
109712
30990
348405
307058
156849
355337
170896
331901
226082
476877
199111
264770
368057
496022
38283
318840
26117
244060
156040
346182
394701
362248
249377
249979
293494
264257
507291
280216
456650
192410
61471
90720
306962
466172
21901
267756
25753
285655
160902
101726
333046
424728
517277
439053
72763
43495
479184
221940
377694
165963
349218
162902
189357
131657
31186
55460
19612
401567
260619
440806
197730
312229
456830
9974
414387
481279
227826
397127
73165
521403
183317
131367
218727
525977
160878
526386
275240
521257
285795
253359
489768
490736
25569
153590
242345
69941
350904
438966
497090
188052
450243
499835
241
47023
290465
399245
401490
179066
199170
62749
168141
121960
59429
404470
367824
120202
329583
315470
177339
86845
118478
243155
103274
445000
154482
235762
105711
521407
38742
2972
346753
340931
88524
257587
234542
65799
102959
271078
502796
360113
319056
261194
154330
265237
250268
419444
177644
183328
383422
309773
453456
213424
96268
183997
507557
59916
68960
122213
315443
68188
411520
378726
528384
332312
352375
397048
349488
415069
27920
147105
373691
458179
388347
494907
490355
501333
8237
263146
521568
311357
424334
51508
337205
389505
376284
385763
276995
12534
366567
263027
135347
267081
130377
508140
95607
326303
477554
28847
194977
132934
136108
74676
226811
399477
506339
527651
57173
137030
476050
399915
486674
424588
356823
251251
46877
28632
99845
341205
23737
99120
221239
79862
487280
529929
37684
158511
306654
50499
512369
161421
76997
14144
352966
93610
170975
389833
489163
167939
482438
61069
80492
261843
535307
208649
264119
230194
295164
278548
381734
291068
336341
5177
94681
88345
205044
506199
355209
381449
327616
470082
424494
110347
138272
282168
530613
487057
425637
387905
115651
109437
74710
433790
199637
150897
347383
169207
311594
534859
94433
529019
458352
119554
326369
444596
131415
5110
142806
308375
292409
32221
206979
184662
354430
313619
136695
423591
336771
511778
429311
327108
444768
112080
532822
493536
279448
386874
124066
119395
395254
124751
83981
145209
13091
331104
341291
85987
29260
504450
95587
379329
93473
188805
36174
209970
453080
303320
265803
87198
194958
520497
455071
473911
311930
306827
450734
451625
503148
181829
289956
188171
169620
300497
493887
337590
355088
270193
292379
100163
383775
478551
424057
74574
222834
266876
487506
367503
254950
472477
5631
295125
420735
390888
4290
11818
355280
466728
94283
386364
297673
191597
257127
8070
199993
347036
36992
465002
526484
269043
79670
21509
156931
344194
457483
112446
43529
48053
438266
515148
330344
2129
203806
295199
165266
391904
198495
473002
368384
438396
62801
85331
420911
292760
238480
237994
73509
273453
298839
246595
105381
460556
126346
428165
459153
64812
224423
350099
462428
128075
361199
377824
105141
463843
103612
28419
251328
267423
274690
87486
256020
319584
405162
78642
48752
535192
22535
446772
73203
50232
486454
254996
212319
155881
175582
358375
334094
473242
520059
372284
485996
243032
74917
333733
466075
307185
7476
4329
289931
149051
468231
451300
234989
312464
323452
298214
424439
104170
104786
58012
364381
456672
94546
64918
447504
354540
15518
36103
531857
357118
506567
237017
449636
459483
524446
195584
254940
517307
216002
73772
439465
157835
140910
218999
237720
142744
33944
249491
186785
362598
321523
45813
340545
503723
240070
75303
110284
422596
187127
485478
222915
205472
507460
523793
248564
47519
90860
115718
289390
463085
273904
299718
221962
511322
426795
399593
427509
134749
481263
135426
309987
309619
9696
87578
295726
134615
8830
246190
214281
378101
440812
459588
403442
248297
459316
306760
498235
161729
428538
401929
144878
5090
254513
352493
338884
141086
493799
30699
495481
4944
95282
343200
361873
464864
196338
151954
184891
97882
108838
51151
397193
64327
288061
401548
513634
328460
60771
132413
345255
116597
334872
152469
335682
116605
359038
45948
224605
482723
90800
448876
311136
241883
278233
83759
396009
232615
153254
150770
278806
241155
251455
80884
169840
113237
526205
319341
499293
491593
437214
90746
219031
57947
317260
233572
493309
307120
51677
395736
351169
183029
232397
179960
59883
518930
241059
59021
6861
402455
489523
48006
358295
480929
286725
96826
376236
456506
140928
64305
243389
376114
228428
431890
210176
37957
359840
46130
371191
340724
144742
455111
218965
386341
352409
26493
409034
257470
229186
60280
192999
437164
138179
411055
348924
480894
431602
380074
472742
254271
531966
202017
387940
278692
425871
288046
74865
258321
526534
121554
279267
346899
204780
230049
249760
71969
14631
57244
525000
492213
242406
508602
227483
128338
98676
351863
450888
128916
54440
241125
200360
106060
323897
361910
329000
355496
53394
9202
251638
274944
486067
308420
393810
60250
197210
25607
301670
158729
25983
105445
239197
111517
286132
272466
195110
473957
295241
415034
207164
244946
220966
467137
112079
291987
331000
51485
96620
323914
167149
126425
497407
237512
334262
434369
103438
350380
151559
386753
244673
234334
429113
490768
300048
335343
269852
315810
82319
83716
7451
169851
343954
18471
2385
333989
192467
224013
372456
367356
342123
157600
250113
401627
426597
459563
217711
20634
408366
173259
200685
484939
120763
418220
321252
32213
299964
194956
223632
334313
170408
93269
422870
355981
149251
324274
295282
499622
349681
347178
305140
293390
183354
247019
476529
388523
280860
137302
241913
185811
426205
302818
132632
11474
441924
321657
405837
494965
62961
452932
109289
114459
86177
242153
55968
253763
333201
444010
353832
523932
303866
216846
305669
52877
445738
152730
266250
520611
146472
216766
385671
415398
78086
359441
122767
65053
181285
340563
322503
409521
330278
241042
308644
298086
234566
240810
416086
288828
429458
523378
21010
437805
533375
9879
48618
83741
94183
288871
315929
222638
184666
456505
500447
261486
256801
167102
193734
344385
364059
421146
101213
18559
218201
276088
42710
428462
381317
471090
278209
258135
122595
44039
6129
16556
157894
350872
389684
20408
408450
174774
355108
148331
37330
387405
7363
313663
73669
419707
13946
349590
106634
365416
372863
293909
268589
64637
499543
422598
218384
16365
278830
489816
292392
170630
318117
280509
439859
375764
99085
50976
50898
264378
310810
321828
367220
265089
120809
232767
178168
164507
442386
81873
394272
167642
42574
334341
199726
19201
528405
25129
486936
406360
279673
179351
295049
473365
261678
4104
191125
20859
57222
58817
128516
385451
214014
120750
504480
54443
524990
232926
169517
218817
92266
428887
405989
437377
197490
289655
480652
178459
236685
177058
400712
198219
283034
150464
81576
193648
282428
269972
515101
438587
465771
436954
53648
180457
25671
172908
382775
306719
404268
396825
164320
327884
48260
21594
381756
307948
363126
379833
179451
399540
121430
525508
47065
444257
114750
245393
362847
273809
108592
287589
29062
495713
285202
198738
251527
69136
466687
423441
29705
360844
519511
530278
28633
512881
237147
270599
298256
315176
240503
216229
457160
315287
350107
334964
227646
237128
12765
195925
106700
445317
105827
265854
87452
151012
396682
507034
399712
170745
303324
161530
194694
75374
185574
165292
137301
33571
80791
1978
442582
126149
350264
458703
359654
430048
297221
449806
352981
20974
151085
169939
278678
196708
529505
349084
425304
1987
485985
370459
421480
258260
194665
412913
325969
42845
218464
271665
242974
447251
16770
508220
85791
399761
162995
118284
44613
416679
291247
271576
347330
114123
437196
49729
477728
139538
195724
349500
14362
422064
11132
204450
508658
153183
19907
120422
217217
77973
527797
325369
415455
455113
511735
120271
5446
105667
421996
254442
321369
210278
130866
264879
209686
47156
462605
215239
28928
426421
28655
320247
347790
242486
479471
2767
144282
303771
176103
176472
21805
453565
357144
159343
69468
90962
410732
101186
220796
286182
521829
485656
29114
188433
17704
320932
98373
418308
457270
170996
338656
501
359734
225089
402018
159138
358320
385464
241135
409666
98408
363123
177841
422306
404680
299616
106511
355661
210986
248260
77104
177574
86340
251873
137884
345334
113806
412053
532796
480756
248635
360232
346865
508840
37920
351878
446894
427599
106059
266510
129033
188383
432436
365324
257810
420237
53969
19052
341638
489199
145251
179542
526875
354627
429151
505495
128610
24091
253605
242918
271680
534561
144943
285208
495563
210494
281800
430834
85505
267936
441902
534764
100242
16127
465572
288622
524979
438480
287687
441284
89038
530918
30760
288951
427317
8622
369599
222930
213415
334475
143846
116294
360243
277453
504158
295871
51928
387217
225392
91885
442459
340293
447226
40827
98966
392250
510788
435880
201629
18307
213164
59786
516114
459469
101698
314961
337628
161182
392734
123684
76010
392986
138872
487972
165752
177767
265174
57029
301764
98225
119627
367373
67132
380840
427545
323028
370765
410903
288844
261908
125822
471363
402394
289527
167062
265529
380928
135745
430407
26851
384637
422169
341102
91747
240821
17756
216635
486464
535237
158282
383195
227960
482854
443395
352154
353863
327026
282481
56669
510911
451814
482241
491554
381739
173497
342630
269078
68480
51703
88298
256266
112872
332597
40642
68589
338891
322683
137732
110700
504379
43766
299026
141439
510633
311451
497748
89170
467966
271640
376395
329369
131316
229331
26323
297790
331983
478487
356072
53235
27326
24234
371160
198709
64536
413627
458439
187448
296364
409390
387816
131761
151949
208444
439585
494768
337477
129299
137691
24214
534027
340728
506935
428920
135397
164230
74143
499681
99276
202169
306447
302184
241785
471857
139096
297598
501564
508861
307911
191720
329377
276592
211466
182838
441094
389688
437972
77779
355754
163717
471622
58560
421158
124890
451514
322797
107952
217586
348270
27380
191117
331343
262515
26503
252657
509711
208635
112066
38412
5732
71833
523960
314060
340615
516060
256081
214676
357594
185333
216111
464012
157886
252003
295957
77328
496531
281690
380646
407669
146657
444101
471330
103236
85216
343029
309970
42013
169367
451585
203252
40810
134625
109666
38455
264667
94865
341532
398165
318514
236789
415704
71165
41347
500340
370607
72235
477928
288124
272756
393674
63170
411
497477
501023
273974
473030
375140
415579
169261
436491
60799
511207
24267
265583
304837
373680
125490
501141
401870
51457
262550
192394
385705
71215
243549
173999
4616
478982
118090
167120
180915
396206
472086
337323
382633
192259
144831
84515
475774
469939
524161
234025
533206
209361
174025
384641
178311
382023
387996
18722
340784
403557
517420
459653
15660
451339
177027
29396
139861
520075
487661
82886
144352
463617
181437
234499
48955
425080
29976
17569
279029
121998
325473
522703
529676
29428
322371
366939
464375
478320
316325
390630
493216
137773
169841
13357
227973
175285
386820
482311
156157
226827
163580
532814
279293
413766
333773
190991
513106
103091
507870
400139
320449
164615
81942
412719
493698
12394
295982
218986
519473
200519
310155
319887
152443
128181
158794
178336
52795
107226
436404
196486
193564
141983
428152
224421
459908
395221
498126
101585
495412
275878
504651
324265
149369
274583
60719
529801
33993
364546
473094
189382
427584
256872
192435
46088
253093
461791
122151
81230
196179
348660
442889
276954
399105
73096
354065
96154
219871
463506
131916
57907
424997
160148
493437
89337
150943
70860
150514
43317
506155
39202
496
37638
152007
259022
235797
243278
230231
176263
150690
207882
96071
130540
17483
514730
108439
869
503138
170840
59932
533640
280841
395495
123526
173404
463385
6596
93252
275377
211765
105717
338036
155454
448197
225005
460521
420289
443762
176550
11363
522777
217291
113491
326804
461175
118397
366631
78081
215522
120626
14716
222840
215135
262416
205622
443138
417389
191917
237564
397331
486291
421590
490979
483607
441777
237097
438357
481514
225108
518866
340246
236768
508160
94580
6163
387829
326020
63568
405991
387707
155092
350593
410474
425858
351178
154162
82169
467707
205934
300910
486614
85502
606
113046
533938
511255
165276
79939
63979
30834
430458
62457
277427
342930
328207
298990
349892
88546
20100
472645
9569
412381
367945
534337
53441
250424
359910
451819
252633
513237
193815
212071
460665
448462
194750
358348
388887
418094
525349
415826
174668
158171
374312
350662
409581
367432
342511
107036
274369
215639
279984
117524
162832
191472
426937
431158
210725
532035
131933
299467
330788
352747
82924
322457
456768
1195
484984
481623
237035
263770
372279
357952
303426
65783
126770
521978
15547
185357
85424
256411
387959
385931
448405
527620
418981
53675
36526
104089
437480
226910
108877
532782
353964
160442
330594
41817
415467
166536
369261
248894
27775
413043
169542
151983
224656
92584
9366
181417
338589
168675
63105
94959
192237
471516
288681
137235
165387
489793
17151
242372
85272
465314
264939
246628
209120
35690
129484
275620
205310
68804
459755
197727
25822
64241
224234
286083
237409
103631
481274
441771
393245
347477
222310
478149
462676
350668
469144
433860
252277
17256
387337
200153
325608
499891
354874
147475
341321
346103
259921
45888
34186
67954
326185
179525
223214
266497
354899
73515
170885
513507
357259
169241
159509
164653
432282
22306
