488997
363760
522417
143773
364852
532619
91425
248738
378749
212213
521975
392948
222306
491654
304922
99572
466357
8988
171374
252351
639
415044
287880
263810
100882
520769
412929
373505
197436
183037
535131
515863
526422
279880
172327
63641
142746
105396
2943
345970
223736
308118
64291
77589
244909
329889
20048
209679
461422
207287
495440
320353
422401
103228
344169
323547
300350
90897
380242
174657
535245
412797
520012
106678
441899
171462
369636
360291
508498
113552
147364
512053
264782
104887
93626
445175
465467
212109
501704
43483
366402
38185
257801
388352
293884
220376
212061
95402
175830
309135
236996
272694
831
466488
413649
136959
48176
247590
131351
322809
131037
69106
282421
49180
197241
236967
303190
322367
158934
266773
38792
345553
217914
282629
259722
129149
44674
18382
327388
57566
312435
41638
518441
416777
77167
422340
527193
186661
171965
520972
479265
176494
31467
443900
274001
294060
57373
225824
397588
440755
92729
157211
444600
474675
62411
198020
336841
15484
100235
505705
179163
43227
100195
519939
522837
362845
327772
532326
348095
518421
470892
375953
417056
495217
346309
53249
169872
120947
245247
44398
303883
62688
506299
343703
141324
312729
527227
176594
330571
182179
196543
447513
59688
334390
477602
528525
243280
453105
420921
393008
276019
234681
11550
447849
485519
86349
260056
499944
533723
370861
512108
257301
268725
458560
467713
423860
20297
20050
474010
75618
60202
24039
45951
465100
103803
91064
283158
29469
529700
112315
138175
179194
84669
106745
327494
279466
331425
322395
62280
488457
291952
526699
482190
217087
186731
71845
284755
365582
533097
427959
173598
256857
267394
245136
21182
152921
114926
93056
284319
252207
150541
327301
237660
252072
508523
459088
345058
83227
254048
90353
3472
4815
312465
169140
512882
384301
387632
194443
51728
505755
206676
251860
531826
139112
291697
46623
409687
181071
252959
104810
255421
486628
91455
526975
137061
501828
477279
189705
489313
212374
369718
55784
75829
47976
324274
173120
535764
160739
46496
534672
59754
13965
377552
330832
397283
329861
379828
503514
263374
514887
153822
20177
501255
321465
383187
452395
70214
248850
81818
203380
152054
463825
308804
295017
79553
416229
329942
432309
354732
228990
465794
142851
151996
512393
140919
431086
444428
99483
103579
456034
498706
509476
18995
111813
145829
402390
206051
218361
269795
184535
316084
261714
206779
385292
245472
370195
328768
414603
279065
302916
255304
444395
326749
91505
161098
209697
525999
202649
323114
73739
39637
230199
14923
19955
452323
405884
393543
144669
88307
122182
426751
79502
280351
480742
481814
527655
230218
115536
457873
282403
515503
508443
273346
518084
460443
122268
272528
460247
188343
137981
4110
144751
422329
490051
352928
397521
399449
196620
489109
290554
346972
332040
466252
505898
445143
86047
399632
459827
461532
164000
376765
128378
529620
462395
178831
176275
169496
192781
282373
279465
238934
57832
180414
161077
304362
42541
120805
527764
315230
220796
321668
463122
331707
100475
415214
281613
248906
477544
255028
450983
42103
384195
453547
195716
309522
112696
416829
352097
327595
290237
123107
7631
27155
184430
159087
126243
80634
501459
59135
224296
382671
473329
153885
256293
163268
184063
161259
382185
465628
337481
239002
18845
441833
212353
10845
451113
432085
282283
343586
412151
440954
73258
270935
428481
81904
306331
240081
471165
401450
118038
46046
301831
461513
357154
202427
509052
166302
258632
346982
448459
377570
497686
364980
184166
373462
411818
40788
384495
510848
143213
512320
139169
436263
387306
475913
213064
352515
70413
452841
265604
110006
308960
18907
212959
510311
194541
217955
51037
259272
432026
144571
332021
127740
14005
185226
347973
118913
176544
178044
506358
191273
434400
508155
433751
440212
516785
204698
105692
524009
448908
223366
361547
11741
30847
447929
271073
330747
383658
325944
70037
313759
128652
157806
227691
190161
385510
528829
487121
442046
122985
320263
453035
411939
338996
238106
370267
34464
98423
27142
237302
530606
200098
517821
263351
423399
483898
128791
511030
317305
123294
451038
26175
86888
429102
68060
144800
48688
469308
518625
288796
314675
375224
51683
282147
466020
527561
420068
361636
498120
42687
57687
322361
374708
159982
339298
198845
386319
97490
351278
470507
146491
147146
264648
371175
467830
347782
513416
514237
135396
5716
416920
388324
349132
367540
215275
192609
369726
401580
309917
204923
374123
484175
311607
293096
323921
50903
32766
525660
312312
193771
283414
98807
242652
378976
34884
432693
494443
27441
147292
188400
220185
118071
470639
40504
257607
506487
365411
324997
196479
469631
21207
77007
15730
142724
149466
499759
532384
282137
488846
14779
473258
98595
111835
345573
468677
185109
511851
224725
443102
422728
443748
5169
362097
36065
258420
137658
115203
515632
157561
195983
439394
14447
116739
50970
314751
481603
92354
494874
69888
180743
452118
169910
255630
535358
248371
100007
132869
413694
18099
265592
135145
212299
497376
376107
306201
443658
329266
384251
163459
366895
519478
392449
109138
217244
210219
451482
3514
218340
175434
426663
89781
431345
31642
435896
269457
330072
221011
389045
505000
204516
438037
40882
347407
59024
68127
225607
158814
350431
359027
522764
125772
94266
510533
374438
68193
462585
417509
284757
158156
317684
274881
44445
493349
287243
167328
162305
13038
130817
17338
441077
442198
432535
235241
218558
449564
147300
119341
428449
434868
26328
354521
256438
248851
435345
328871
103174
255879
16576
175922
44903
137427
346765
48891
478834
90306
335820
470126
81462
193370
94370
317278
512157
35452
503467
406605
363472
179150
332945
29407
36146
461672
140011
259235
311104
428842
169984
33838
514232
510963
44572
458333
481317
303471
260721
237034
358985
70952
282535
204097
40579
475484
417845
207759
438059
467331
508480
487665
455772
393038
56175
164285
399366
126151
102071
241658
210897
4547
277007
146519
245818
31470
267047
530184
501894
280844
494487
443555
121265
59975
189865
275631
384268
477115
406918
395484
415047
447130
310719
244012
336273
221012
475977
437788
475800
239473
529534
291607
368730
313469
434184
397393
456969
246922
74748
472086
26009
214464
163364
260446
395302
139052
528935
425558
344368
420781
45136
284645
206035
24149
180342
439243
491144
250567
369588
317891
387187
436890
224350
260269
7020
404630
87456
236802
179730
122608
481148
35941
40325
355929
398323
286368
389933
161865
58301
301319
90153
378601
469524
403188
81034
77927
441632
363653
239345
74173
196644
320483
245730
197093
31907
461303
10624
271605
264755
2596
188518
58010
63360
177635
513639
12874
199960
123066
266741
441875
95363
459440
403101
220347
403084
349976
340662
86064
517973
322532
530690
533886
400971
372695
81401
303717
67092
313347
482819
119726
235161
28722
75477
391826
401058
401208
368639
466487
152539
412774
304651
106589
81555
45954
146657
474825
109493
387907
273214
247580
472220
397223
259265
119141
516212
34139
410310
283730
491724
270702
304528
358304
346593
257000
334534
478930
219577
11042
516346
3363
86990
462516
354720
3446
388795
499128
317704
180924
295740
230334
515610
400162
277718
286846
414529
175713
150454
426718
437127
248193
104694
338822
434476
12795
476890
208634
47019
144792
54083
518157
160691
394409
13832
213397
159142
177743
522176
444692
392018
245758
207680
462351
5717
343861
406171
181475
508368
281950
187657
231819
237113
382468
406993
241932
247524
240318
535278
520491
437255
303603
527709
122790
498584
161393
535196
479654
382852
382709
513917
427357
528866
490474
517722
134540
252002
497153
45480
252099
80482
149743
13312
446894
353636
5133
354702
408206
335065
471114
431528
169901
90930
139842
138354
39088
505442
37302
29661
92944
491412
505650
130726
98981
306750
264593
477103
420859
125977
311494
517739
120745
73832
508562
5245
386384
262972
22451
376442
428362
129610
93949
181801
31065
240113
241329
178249
483693
30801
130834
95446
253916
48971
200434
517727
528663
479895
165678
232481
335461
38581
67852
47813
212635
357753
399281
318465
508136
72319
423024
6370
360366
339704
290050
48558
120766
484819
448912
67386
251225
160
308043
23552
404691
287877
513247
435039
27777
533890
305105
143415
62620
274366
404970
591
135405
14542
526800
261182
444216
368575
74998
211277
520670
455703
451369
350508
210626
143411
143958
355579
389384
51876
416366
264443
164761
397686
503725
534458
134014
106955
61105
70247
109186
14322
181190
473833
446864
364252
344236
407891
139155
54351
281488
177755
247762
6652
81868
369046
270303
508835
77766
477156
333526
430824
500279
27514
527863
457948
404027
507969
394572
476280
57820
11544
196537
318371
175625
97562
33811
372163
280818
467877
289388
506057
288601
118429
501815
393252
439406
325023
296530
322844
536034
410034
282201
451102
310446
523957
524011
318926
377266
302526
60909
259448
499203
146103
82017
72620
194414
220916
427403
444798
256238
77761
338842
80213
343702
268320
350488
348884
266497
1303
195807
534110
533250
167256
114817
178376
23236
518281
421219
380148
66411
419833
457730
170669
274897
266842
81241
252884
468701
44297
475066
253417
54284
319202
415927
234564
143167
401185
14108
68941
429350
448051
16527
524870
479399
320965
115987
137635
243894
133979
439732
257287
533159
482094
15921
122037
442272
483601
160326
531504
139318
522617
98712
269182
159578
345647
269239
135736
531979
129515
274028
169594
324203
343214
180800
97565
235923
50071
492980
468301
363962
153882
481354
491344
284554
238134
54941
125467
345435
7956
431713
118792
91484
475527
323148
485504
192917
274153
485798
105593
393564
93300
384773
172680
46363
435129
217994
343095
342221
488771
69790
144561
367332
300525
385018
53622
367877
410194
478512
79736
323398
255321
373094
460891
148974
213819
516296
491162
144051
387808
431800
530803
20323
378758
51952
491854
529808
509912
453006
434938
523124
1098
292287
24900
356594
512006
9865
374391
168517
240069
89246
66063
446394
200858
328695
1165
263173
409269
427049
391926
381322
360788
343777
144005
362968
150035
249908
517735
410440
190925
175735
137593
118179
192530
414592
429656
5475
405703
275134
127706
408190
516454
136322
463616
177205
111362
57532
487926
59500
168622
453220
529564
260086
1854
467774
232313
12186
452312
303280
452429
149910
486094
54753
280757
370733
294147
388034
425855
226470
227954
471852
164737
36696
438634
531844
294536
47855
213005
484212
12222
32149
239677
128924
307798
9738
108143
67345
147713
28296
167145
267672
218522
49292
284247
464255
226843
213199
114316
297061
117945
262607
312474
155147
452743
347774
397799
38557
38763
501133
511586
67949
493116
495329
243088
177088
382219
206793
28159
99628
165554
337692
420986
334046
279410
154619
371556
110196
257016
510357
76872
176602
470252
98969
412366
240988
404399
472233
465977
467106
237804
46020
454998
51972
302049
206987
28880
173938
487776
188841
269229
235174
229163
49145
25257
463655
218607
488686
463375
367569
220049
170470
195817
434512
362158
25833
535562
432211
211337
422149
185240
278251
99129
288437
168181
33813
134350
14896
316868
503974
236601
383226
238478
15066
304790
354754
516061
283600
171219
79038
194832
306031
332804
88360
407623
368622
132876
291079
518910
526278
67868
409506
362041
422772
111779
324798
570
213474
442784
514101
209636
50740
362857
517880
490320
25998
503380
198464
351200
302711
311943
222272
1121
323817
515806
100374
424579
133722
141040
297045
12197
25731
58330
467502
161180
168549
446162
480306
432409
249657
518598
480142
332142
319594
107767
24930
123774
355672
271548
460659
291086
202074
162002
92404
14444
221801
199572
176042
369706
365217
393721
49455
373602
399582
238016
421533
216681
59425
226151
372778
144312
105020
314433
440156
31644
264161
452405
54404
181892
221021
452004
191918
23762
43362
162932
439472
151317
141566
397814
105933
115255
340476
62413
94962
58238
364636
67119
383650
279214
257117
472563
406881
9600
161981
362258
320628
81186
163769
196679
153239
412917
5181
193941
20136
28154
216381
250447
44540
113881
60199
139526
206432
12233
283588
183592
116944
334322
434406
217282
31559
32325
198921
93722
451263
500296
173989
495175
517221
129013
532495
395147
130135
382096
264360
211386
110537
263694
516308
21948
140754
120609
107019
7400
249069
352860
130123
424401
265994
419445
324856
413374
158945
468504
148434
111074
69155
8573
499348
324699
182936
65990
119134
152312
99122
396191
442341
490649
237738
225922
153868
238986
423454
499970
429705
455033
472065
383107
115977
183606
147986
507166
436196
313634
439500
65178
123602
465076
310386
1507
14675
213160
280800
477949
160107
194638
289222
176775
149267
419916
227528
355711
33666
36640
38512
23137
129577
407189
30455
259626
395394
175952
247848
320288
303002
24107
165517
466105
110904
298900
231038
191866
38713
485135
305200
158996
513589
120214
279609
7395
108409
483609
370217
326677
436909
173733
239007
131782
169529
318992
162418
287722
172291
417991
274696
214266
308345
313858
277290
501682
26527
134532
91837
160027
308713
129307
474082
412735
449907
21750
457140
373941
250331
415352
211694
176660
462574
28192
4176
10593
53853
2686
518648
410323
421328
530313
207145
113089
344534
137790
42274
160064
267261
496566
214294
110428
17222
145190
71825
342965
135700
179814
216756
250699
362147
229720
85532
523155
230874
481040
143865
249143
180894
337373
153873
442211
453831
405560
327492
350269
183943
20873
76405
23118
204091
449669
369434
76509
448837
272959
402540
91334
469455
106045
264160
344438
403414
179076
321186
226599
520459
378075
411007
521906
438500
387686
206708
185714
383750
142029
26976
176507
446017
209434
407423
330702
