2048
33371
329231
529683
123936
361663
137399
430681
188647
278214
315690
217403
134056
234980
165520
267813
283849
415958
303377
37046
170022
713
254620
66721
432875
495729
416391
447413
9017
259527
378598
238173
289637
60158
354617
390824
38992
440062
208711
494635
437186
449257
394520
527919
427451
34109
14041
199506
354218
417607
316509
535902
529322
309288
286577
292366
415822
79465
303042
323071
134562
79051
352351
257836
432934
495145
358377
305297
492799
259746
261365
385572
531276
274053
471334
78944
399657
154403
366661
408387
487863
292188
482186
406510
263719
346492
214205
425664
215446
308701
63221
49964
95352
58623
327241
335856
269842
121863
380474
243066
343266
194697
321486
356021
452980
520376
528464
301220
101258
381146
435434
451099
97368
35002
435693
467588
282750
306519
112416
283709
448229
226814
199694
35939
84549
45060
180282
203803
60738
69588
310554
444519
41253
470897
521417
289048
237069
514724
518553
244336
174933
336232
530004
471640
69795
299751
430109
58842
323492
444444
335705
35601
322609
421644
284213
98736
62964
132957
331965
12371
429619
526253
24058
533255
376940
422799
161900
195057
129075
177310
4270
468022
406793
391307
162208
112187
362149
400122
512765
69167
128745
314891
102863
359686
374576
526193
288968
483382
361509
66678
42762
307233
339561
444491
321464
273705
390817
422388
283741
181315
164900
488630
441994
271194
88975
416483
91014
95882
449236
225336
2862
273075
398990
482733
384115
453104
315872
327252
495290
55711
338650
176215
422461
154452
34326
309994
490127
232864
479840
89425
130437
87355
282037
467633
432073
510407
164770
58738
3486
479743
412284
222724
3001
282724
94133
405000
60598
36971
138949
455672
267949
421397
515721
273115
512324
472154
177934
341577
138852
193798
381442
61381
142348
6528
171468
512966
315316
519246
404736
475047
511182
421148
531952
87513
13488
235402
265467
202018
76896
305903
345232
184511
276688
383698
145220
459660
230226
72189
60170
296235
444965
427480
77431
93387
485583
161300
15809
496931
411216
214602
491448
85187
117028
223365
48104
144753
493855
411201
477793
506372
426963
217508
415021
73586
219607
99712
422434
201870
461628
30498
2377
280190
390641
402112
337022
324348
232540
522542
156742
241985
262511
53009
412189
91921
118825
281240
263271
485475
488623
407221
27308
75702
298371
495495
231506
210586
296386
402593
57195
333331
306920
510218
113803
238152
17847
45472
227483
466787
132634
366481
384432
416598
478931
166088
201618
475830
57555
486781
468837
228873
251441
27863
385400
411125
372559
167520
979
439032
145902
375153
295961
509121
316222
287808
524468
348519
341929
379736
172445
165215
404996
396306
126726
500688
524621
464961
503699
175965
359166
17288
518913
103625
155539
91133
188369
141176
295805
291175
390680
61232
513537
330120
57729
379465
229532
325039
90829
332596
406289
366200
279082
15313
201004
467518
173604
113525
396152
81725
326341
364955
59616
1413
510811
26384
76665
152187
224443
306292
352095
49837
533348
151472
510406
345451
390150
115798
170388
221092
269327
81808
402911
368615
385727
207031
153296
386091
398790
238597
44673
394283
92774
135260
56665
17522
509273
201945
359555
172236
357061
353402
243641
498429
461603
432483
372539
306264
536078
190795
72287
24102
152329
530717
53807
136985
314513
111223
194583
176165
138780
42856
468673
269190
116463
425319
162878
425793
160892
443721
373713
404834
480251
168437
44461
237614
113636
406963
424624
163833
148410
349619
258789
39916
408469
133146
499837
153365
192591
100729
186467
79609
456143
356499
130386
285024
334965
456392
222865
462955
480734
162657
156494
74097
337546
145053
97394
530148
351436
58053
410721
193253
400324
43349
475488
375160
347702
110326
278617
489945
456205
288256
444602
93163
95529
24076
98420
140998
227084
205512
44105
115286
32993
86943
364560
480764
86420
437002
328431
101601
364672
520657
127869
343289
358704
424216
403583
52389
315799
28024
498109
224084
327380
184046
109668
195656
485507
393595
364344
93041
428350
346312
412348
22283
121547
242207
17717
310736
166605
424743
87732
348304
527366
249618
10577
64955
93338
264239
155630
305084
173442
257784
393101
446398
516313
17414
139432
163659
58651
525843
192508
147227
443256
412560
229539
79329
326256
337100
470898
486747
488263
145466
165111
394400
394305
231582
161465
241690
347728
426819
432012
146870
148686
34748
173427
438300
476146
104685
464287
136336
458297
236136
66355
529758
91026
498506
106918
535616
229762
178344
258433
133119
377469
96524
3689
493546
63072
286441
433409
413269
347797
533848
495735
511898
517004
169656
263053
368068
57256
257659
106868
44770
355701
52686
281326
11961
65337
471785
382302
313418
288195
387757
431406
53924
146312
84241
490718
19087
306358
280431
102997
405899
233767
87595
453674
389984
4572
44745
385789
178990
355036
381648
110055
234174
325467
417357
302094
29155
215144
154947
376966
259698
98822
455846
254530
124671
512643
412946
66868
371484
432404
302331
449872
258764
5224
352586
504875
232446
434459
218703
201549
102187
236331
285090
114346
465180
155638
244007
370436
475243
371231
300172
352879
257709
314695
519873
453268
388389
290805
162813
500012
256790
399445
327992
528591
323242
233302
212475
295945
313014
328778
288822
150415
338267
280833
134847
203936
260215
53913
533423
192020
102935
535710
40408
275734
492458
420453
408216
421044
486399
4306
41421
254793
7628
450780
198561
114254
114281
466874
483536
304407
332365
273586
531156
244524
244073
280803
503789
129947
270673
9616
372979
17327
337017
426648
429809
185708
136829
483373
211218
238315
426765
113127
343236
192620
457426
107319
193827
346178
6788
78873
216627
445030
351187
516968
446343
41345
26056
180931
418670
515895
259204
124819
113531
330234
524122
257710
79741
276575
144275
306036
43498
7951
420007
364394
87015
494447
459899
352014
105282
227837
57704
282823
498708
19775
496214
407502
203405
512031
216459
443357
219004
532833
235762
183268
452360
503199
504472
292986
511852
400212
84363
239206
697
68143
534295
535281
121519
404026
465158
399557
513870
455070
183445
132386
27645
470147
169078
392322
91081
241108
250869
307878
309372
94395
69559
2063
167800
152541
223358
211657
34332
117802
508765
309284
350005
170287
177903
419637
239421
101510
264386
274597
342597
373208
143971
412167
152806
507018
82722
151899
451663
195089
46778
318910
355529
499556
137903
58212
116032
237488
115603
251021
443744
34440
209068
93077
238791
271017
147934
48836
238387
393142
361393
477682
143607
84046
517486
425092
502388
341253
19982
107575
65845
316878
62896
508951
63135
475199
55963
433769
62188
239939
366081
66603
74786
288430
193490
27956
101264
159345
501789
221523
442833
446772
126264
272676
163416
440371
185942
160013
431258
205350
365484
93939
489650
505988
80102
103286
117449
200782
92613
490654
263498
62341
477367
157239
480991
46785
330170
392152
134179
365369
358298
505171
468946
23067
347986
321986
426227
12651
332877
438417
59100
401646
344385
22266
57784
188239
493012
75908
387427
89073
102035
149430
129156
366318
270610
391750
267214
280282
248745
238655
71510
460254
86937
315266
353694
29112
350187
483142
444177
288563
92237
130946
470668
396540
175209
296697
307041
5076
159096
255157
480611
231660
514300
317005
262448
317886
63244
100705
496712
194092
61852
302529
102289
37048
161083
379182
138062
338634
475263
417571
313216
333484
498061
248061
193730
505622
26847
98335
298280
456094
108345
283617
348681
6336
436118
71809
57352
274197
419339
360229
281771
269916
418142
3099
213072
140528
383327
129060
145646
509463
417659
372388
364155
110229
513442
437012
109111
421372
231414
252577
19414
17735
198881
89367
129757
10508
134604
124902
61565
380322
495406
509465
431966
415518
276679
369467
137672
332718
184663
416336
340029
199796
507156
223220
489174
226241
442724
290678
18280
485365
186432
520511
489336
458031
211650
271108
374725
519829
409666
320576
386418
454733
229658
535167
495592
205669
65814
58523
161147
460383
313965
358973
309359
78076
109700
359175
182281
11032
328376
425440
75785
510248
394991
510631
51851
233326
436631
431743
167959
418628
465539
33011
107930
409802
342027
92510
347311
164510
82728
110099
132852
163068
1438
413591
290943
506512
36073
433844
534818
258743
323342
101254
388438
220592
267788
508056
318071
443787
230992
473215
439842
233255
158203
247628
370621
494233
390117
35070
330821
517597
107867
239073
69170
210898
473978
316493
388573
439342
88970
262836
29066
401042
512449
488559
396383
84817
66924
368946
432406
506155
502098
95884
56621
468976
36612
344568
144257
327471
429167
48707
140924
87678
364121
279220
207862
419621
292956
266520
524285
169018
318906
383974
5537
62164
167115
532752
310920
203243
140034
273198
48713
66233
108180
478659
410050
188993
138279
254296
132855
80059
385308
483402
166318
246501
503261
168535
304411
192885
94832
12778
518400
56866
161253
458518
217154
84228
259893
494150
240654
18627
524980
171455
141169
302452
329890
57155
499739
508576
92564
118238
470400
196807
45715
259351
101130
345356
322209
20854
21743
7128
461696
87141
380447
382982
313088
122255
496490
238403
342143
495143
61186
247235
34161
285659
271989
3856
317879
296936
477412
118445
532712
166661
92430
446316
199686
501851
362747
85380
926
379759
444153
441087
304172
489975
271136
174413
84630
352646
483157
274945
366990
241224
115030
346279
391534
236650
239361
24804
79638
424581
196477
145363
316796
472268
351434
509590
45222
152786
520727
118274
438357
241960
359966
437030
330247
100060
346277
514038
420399
153765
501190
349003
411686
327529
50597
157123
242676
365708
199450
107224
452802
6099
458025
317943
509943
151833
277093
84185
199942
310735
517866
515993
147958
307185
151493
277686
343418
271546
217435
472611
431270
283547
360422
215243
281330
261446
517850
279097
45210
102901
501327
386954
113153
26706
46343
495482
525111
317270
344217
46395
358387
426225
338671
400336
185430
206774
390673
177444
419969
435679
271013
219817
49836
460328
291177
290744
74649
517995
335798
69858
490841
324631
295171
58117
528156
381486
494395
507020
105329
421278
263770
150171
458826
322266
51592
473791
249730
349205
79180
179792
506649
439395
3679
52549
117059
506003
260368
468773
33705
135532
257984
145512
141304
317848
283789
194207
366101
230208
107516
507524
472904
466181
167822
390833
235728
157924
383659
504702
419178
506605
256189
405536
132595
295211
327401
535643
254456
270893
188751
253490
123614
312567
414373
189419
412349
397660
77234
227332
111028
369129
77916
34719
218359
481573
381496
246535
254328
304159
325400
495914
100400
315819
212802
263120
130405
214416
103020
138898
463137
79105
235253
169556
2543
68102
451952
439965
137038
180772
121517
331632
367773
161780
256757
379644
264398
241239
199174
75787
206555
134314
380040
312867
442679
273540
423464
14885
115048
235940
870
297682
411083
517940
8738
303001
456952
398579
39602
18121
24464
495920
295042
487789
69309
492201
417100
316194
535973
253184
256215
455566
319453
300080
41721
382690
470782
400056
13232
427047
472491
471086
287543
507334
52781
533714
490443
410547
195185
456221
57900
26625
3187
240155
443432
343563
518349
479780
535326
176574
533834
297984
8146
176599
523031
324636
479837
512209
314537
168202
459867
352233
142888
105170
216900
477885
56577
374194
288009
2087
8503
212119
98036
462893
289304
231052
227416
490204
264783
250336
378909
271216
348335
354782
4228
535226
347345
346271
309846
70879
40781
219841
245847
99524
217327
288638
136425
27751
362023
368866
137116
268487
59364
417238
73433
230202
78976
250116
526254
108493
3490
390427
29247
478939
156826
87973
187808
472249
22178
136633
443130
524641
37625
302321
38912
139053
33623
453084
273165
515452
457945
137210
137102
450883
406573
499623
20774
182233
405977
264234
89718
513629
253187
372072
46588
361625
251293
55891
198314
135919
365335
316569
459013
362543
27343
86305
243574
256386
270837
457322
515626
523070
285988
146703
410012
116416
145458
243441
196772
9832
271326
303101
453568
374547
291642
512857
402572
47941
521831
479166
299202
409965
38168
143587
319474
301505
176542
351655
217611
416505
10158
401642
231368
443662
494292
228169
490205
36606
423349
145566
39334
13846
91853
56898
408319
268122
234059
217142
128647
144259
423584
489709
186663
160997
140668
220611
524975
469143
253707
254233
522527
418262
205012
88561
207405
30505
221896
257720
331962
489499
379212
265922
114614
183900
15106
317408
503324
472312
125703
68245
34507
239657
96047
417358
424910
393679
34095
460520
291204
66422
414835
304067
452208
37161
112253
443413
311156
460295
348882
323119
502703
57201
232726
330480
228025
236432
158366
68915
240958
463416
358975
464881
106874
98504
116728
412478
225388
521805
195930
145728
352455
380921
512099
349881
308462
209819
269736
230163
182778
45171
263216
205656
429566
299148
516289
207842
127295
307959
452478
226337
265137
425160
398609
169705
248514
484463
490803
44406
134137
353278
194834
313163
496882
121200
328367
204062
53185
225649
121275
45649
522761
521905
82279
354411
62611
305556
462666
338217
185319
285953
196097
31521
146928
23593
109100
304597
502776
298465
445847
226062
182282
252618
343711
462632
34134
229871
246634
495988
517089
461346
335625
74549
86507
218630
51708
330056
344514
29706
129015
508958
198702
216942
242075
267188
52530
350231
15596
108956
323739
478541
59620
359178
271280
322973
94654
325927
397853
57480
305955
482411
242304
209333
60451
128678
343250
285692
251945
521316
27433
172896
123172
441860
250071
66753
112305
169119
157391
247073
339437
40834
459804
445868
330517
69962
412943
340339
458241
190378
433210
161670
133867
489578
243988
348480
490546
520270
236314
376270
176598
450646
408981
133401
380370
88136
190090
279590
366918
31122
501547
350576
324918
32295
507108
54209
439596
381259
428922
378656
333176
374938
464200
468783
106912
476480
421553
39061
40776
253054
356630
473227
362503
41879
391964
400886
279157
92284
442371
423369
486829
342734
176129
60233
183889
505511
118585
281860
492044
100264
178402
349984
523243
225900
23670
501738
484274
525530
515813
132293
185322
400203
300416
23362
529523
411207
313356
88590
342393
125251
215989
320797
256411
411692
221137
45882
307327
338410
2325
342950
6182
274872
269949
286779
79876
61657
18066
426484
191546
13891
511295
354085
350331
513017
490997
165195
463769
263664
471155
30929
432564
185679
176355
363353
134307
495331
411567
68590
358311
458967
424717
353931
309586
367023
517395
124919
461794
78763
366314
113117
11520
124552
201013
179618
465120
19616
177496
143020
55628
36861
172551
343462
146033
642
106637
121458
124695
78710
32725
109097
1694
2909
486577
118211
254100
303780
389184
282657
515673
200292
451140
263440
105441
418395
239699
509203
476840
201852
278440
101151
454913
418774
450886
169044
115455
153904
289667
471366
377702
149092
313934
139118
274993
493060
356570
464665
367250
441028
377928
232921
228231
198974
287250
155043
343440
217122
330985
243967
10563
165513
178285
240776
260805
275423
217665
145490
229289
455763
397294
326082
430720
249603
324020
170207
231296
224159
245791
113047
276237
134073
75014
277169
83542
490547
235712
228638
122743
391510
348334
19762
394546
434482
297849
523426
418093
63635
328616
112679
124260
304791
320159
62598
289051
172770
468082
449181
58310
403768
418487
319413
238346
206455
136367
506634
278242
271259
429760
473300
37192
224762
166248
210432
80894
278844
250328
277370
315489
166389
120668
147262
171773
198469
163580
212384
464026
142
21026
262020
506337
8663
515502
75953
160349
102960
87415
470565
367485
198766
190487
242942
87395
160056
525786
413717
526098
310270
89593
432501
165107
290717
203004
303430
432096
114084
94523
47733
73563
534008
331764
177907
472225
195681
87871
242737
186435
495834
499801
426954
237392
166079
148562
361452
475405
220612
127409
487830
243011
48725
30464
242817
13219
152489
404425
2790
357145
394711
42065
479463
528073
486804
355201
220510
94793
156384
347373
467595
250269
315649
494827
96957
117926
31044
192830
386261
82060
260654
12292
131169
279786
273478
215702
424124
438132
308515
287549
259588
47075
532662
510358
248532
246490
238454
40088
504324
341970
160912
222016
334279
394152
130863
5435
323754
57941
479364
459382
63563
79906
295372
73328
513269
372094
53559
224796
34383
265307
278075
208463
442068
310361
508593
352368
21274
34913
430938
448113
119252
8128
506836
438202
375452
270326
47628
299627
519183
343797
346203
304088
228822
32845
441537
362835
183601
481341
327320
43101
414471
513446
398360
244803
258453
522545
261731
164926
122083
190733
89753
479125
51979
88993
203767
508818
80901
532527
154980
292134
395849
490122
384500
241181
230142
337662
190788
14366
164046
25149
100806
366470
302375
436860
314420
423709
524357
37986
100630
236940
49243
330551
44044
94754
168363
371946
155943
117534
504761
17936
467014
47714
224876
343903
420262
184356
238337
199991
57558
20006
411337
271350
319406
286125
285976
336472
296550
317145
36617
493481
439976
75761
328331
516828
385160
242331
482476
392298
96852
76485
424780
436348
121037
505733
185219
301484
455787
3170
282790
335832
386513
113004
162646
339052
47148
378843
365210
101272
483220
132244
401599
184760
341590
51993
347281
514029
424268
328989
367827
336915
899
66088
99969
408167
498383
119241
352817
285267
141534
65222
446027
2090
89510
27872
130600
16647
282677
38702
396651
292174
441294
328436
89701
8217
416219
203913
416726
412225
147180
526894
93431
227675
206595
115007
379491
157813
76988
211948
68795
477126
457876
145075
510321
450654
463098
395257
382029
270890
366618
86822
525407
191915
98153
211066
17490
256319
282463
159693
531856
82794
410685
3815
52097
120316
105870
345637
276685
419727
297219
517448
71706
311872
1126
485320
125028
228902
336922
383304
285810
373393
194330
289335
338917
407277
432132
531424
2416
84431
215274
267273
3789
318094
109001
23294
487140
147425
374069
429819
158121
120110
46944
244714
420112
417426
317448
244630
451459
442669
216964
128115
377808
96065
7858
499233
233357
379187
283722
134284
474840
532123
221618
508162
52074
291887
459256
83446
412172
255729
296161
303391
126169
468803
7315
78558
21940
505180
445978
483615
199066
238109
226567
233610
243181
247700
452763
201823
269504
62428
384411
316487
55156
489550
205598
252362
361678
268844
354734
46148
427550
5978
178553
305631
308847
472583
464506
115136
236019
300408
530383
303703
70021
231352
371303
202056
85876
243838
456084
154224
361923
375624
384620
124269
103056
102194
427207
350051
310397
304318
486651
376990
466798
279219
286326
111821
156110
18005
51469
196568
363638
400463
272078
501539
328005
285366
234810
277410
302605
178355
516999
378403
347069
497712
333444
341322
122392
487123
35317
146074
489644
279161
326924
326046
216442
178460
455820
144293
461730
328640
494782
369152
259385
433779
275338
417067
165308
207774
237443
133460
219762
128492
417829
93946
330019
473977
101124
414105
133931
424835
399464
115956
227052
226288
14591
337929
354451
470772
64289
524693
530258
259622
369435
130279
17083
72404
356224
358280
202232
508033
211208
69139
333791
323924
399881
154187
291965
104573
39730
17868
166527
65242
23753
320384
153600
27781
101413
456666
464203
205626
359318
439756
216565
45725
484741
75896
428990
5814
261108
51848
205303
523279
465442
269837
253965
35280
210560
160644
209310
170916
193165
248253
117167
293162
406595
10130
229454
139613
205862
485119
243330
226847
248642
463340
353997
99807
357160
492834
192257
236707
150785
78079
432007
202253
445721
438700
327926
385679
499877
229410
253482
422275
271232
71344
259672
400383
427226
71778
444764
258288
173641
95513
443759
105415
529360
402108
451411
193835
11906
431645
151729
337827
40037
100692
93519
466925
408824
30656
496435
472567
427211
10423
357996
410174
303732
222122
101810
22793
342657
423587
265131
83487
90493
181083
517111
125859
244152
86082
358269
151320
241091
484553
506121
128949
197090
217983
284759
288870
243772
285698
153850
11656
360297
463151
218304
179187
299356
313561
500845
337817
267480
396489
526108
400888
370903
188845
454325
233499
458124
324211
428619
321580
473233
368369
117672
505869
206172
110083
346091
282848
345951
514515
469078
301635
419506
437675
466173
423784
164339
310204
431597
133879
6848
285640
20235
203129
532948
489296
339367
483405
91034
225470
98120
81731
19925
362960
43922
314935
185750
336909
148136
505675
382087
362020
279186
91360
52581
21132
202302
472325
236028
148481
266270
404361
48805
304190
40616
425955
487385
166490
409405
152286
326806
266527
179446
353108
489184
185785
103541
398416
209941
230535
501138
424476
194914
525611
350262
96966
149513
79976
474220
113818
121951
410901
35557
490251
461780
378503
109612
37496
69679
275898
370112
79344
474956
321675
22643
199206
2936
500868
190824
426667
393546
399084
352280
329847
364156
222509
347155
342248
232265
312607
479235
435760
514043
56783
473700
436310
233322
388038
370463
45837
343988
201661
150469
532907
219810
43613
494123
276045
427110
67365
104909
223259
237266
194371
154048
458853
182210
238119
270480
239305
116295
274439
156532
131498
111979
134645
213497
195539
527202
420017
8235
161714
154340
372747
92170
238038
10659
160832
163246
461722
128786
531735
508108
226819
379968
24666
344198
100290
56281
62613
461324
445540
206030
32514
487410
526668
117488
492713
89297
273324
269635
90300
428889
17122
281853
448927
348638
461211
268995
496713
184096
92005
243338
488072
180469
361586
418869
475202
484230
399977
515173
427839
373712
44009
406516
60228
41265
284037
478851
276499
361310
391992
209931
50148
37133
213319
396020
28205
47416
381560
304482
514325
287847
206658
219816
509955
91658
81673
392461
146968
494497
125390
282869
193527
494579
372261
100009
153701
69908
448773
290395
156658
512211
412656
251362
38075
306874
342320
337986
136606
495416
331048
292310
449366
118083
1820
159386
211299
235525
269291
113126
13225
330394
73103
393197
427301
474038
407534
261235
269221
233891
253881
110235
447535
87460
228942
260479
66568
526018
470454
223281
279492
494999
108036
193099
44913
193357
48756
201771
395682
263253
3249
130389
102443
126689
110253
61353
277577
259089
105680
443458
161522
365104
68605
287506
216825
7183
17799
237150
167347
451366
283337
284356
328165
111289
210998
503855
210821
117343
509719
49629
359877
166777
29836
476360
139601
424311
147555
435869
442895
21045
179891
410579
160856
136613
418837
311236
6358
344912
470009
497883
165824
366573
83959
213049
131952
363794
285016
518682
84627
350726
452728
491765
18780
294682
229087
504811
259315
471040
339959
521199
61733
361044
393246
84976
407218
15348
382433
293033
90879
309858
33611
376590
103837
513088
177280
388972
263621
366640
128684
90649
258112
380569
308840
196804
446128
147673
98861
218441
185630
450441
151193
517248
183754
388380
218006
66979
63435
390572
123128
521627
534140
30035
498576
172746
328732
437782
170824
54175
337159
295454
111685
62495
90316
332002
205116
117195
250393
345861
31751
162314
392328
408610
345486
64735
480945
532742
508316
65172
79516
444043
278815
249769
79420
491092
357058
181710
171864
346433
498187
496301
242219
489665
464872
473766
265276
424571
287622
520124
43453
143014
218170
97839
291864
284363
41856
60183
144912
224600
421637
191261
7308
425700
126052
316947
214883
114137
148598
432544
440910
530393
492189
486001
463072
120296
104940
1229
484827
186590
463292
165100
356987
290672
21756
220434
377639
346171
397169
169204
32926
156391
216752
72090
92607
454208
85948
151599
472474
460428
525591
526978
52695
511
290982
509781
407573
394715
5713
424243
440385
350135
222130
247689
34141
310123
164460
429540
182637
34331
160085
271716
76849
514520
361658
25463
460954
138064
97113
433228
54689
254746
103199
342979
512313
260034
360446
17098
383883
453256
72210
275679
454418
509947
457774
409902
20391
254995
261102
522995
511943
156195
319168
313623
318030
435918
528399
149533
491381
266958
160255
380227
464950
333977
301457
206195
61275
121580
82541
504464
146612
438275
99327
482313
404048
68872
12042
496099
285389
101494
156856
273106
281207
450541
72490
407326
84290
523478
379417
277396
138115
201404
91435
42223
77349
273849
334957
422382
390575
296917
483094
181952
6802
382840
508025
409050
75037
196191
34101
433683
476748
320272
290480
140411
197926
12753
343175
147625
206006
297825
47863
339460
245899
194893
42422
245871
307488
260335
479623
512378
93449
253208
276391
324143
483742
482066
513311
420539
465000
61032
412761
485055
279445
348757
409331
284467
279368
113676
146640
535531
161251
309267
371879
121708
393030
344602
9239
487437
446210
237029
70196
293878
31200
24518
391709
466472
422251
56455
190986
395627
449858
148618
484489
517805
509103
437543
317502
480435
533008
494520
133369
141491
8244
454068
403529
167434
18436
531006
183932
525302
410064
2687
255605
112614
126802
525730
525443
297640
355180
351900
387071
383870
150943
198077
264707
53150
401323
289846
318119
348025
109703
193119
170956
174244
526948
147660
442143
397803
246289
120681
21201
481362
424599
335496
514979
126879
275642
478154
293088
312340
429360
525164
64863
16069
169627
410324
65288
62289
59556
178401
68197
349230
236884
356097
427363
190672
54741
110582
449045
187917
3534
114621
35813
463942
477609
75268
465476
257201
505193
234358
374396
443067
83734
372995
211845
482093
518432
153120
25926
376481
184150
299416
59494
177584
191343
103454
233396
219143
372398
47773
373198
112710
407304
481206
147177
532955
106902
112309
534980
42757
340743
178520
292605
256026
19596
203934
498407
402092
367999
136575
195276
151632
162750
151377
40050
498911
256782
458112
254169
502539
23787
442942
470263
185148
194977
419879
9086
496220
120744
238949
533612
159234
349621
197666
147435
455521
340938
408405
212678
81581
139402
361907
278113
77893
366004
239428
530189
466548
195246
63217
399242
287317
444994
287361
199384
121192
421174
33075
44003
147056
79406
496737
47683
534055
267215
60756
250517
264902
14319
479591
194773
58180
95472
261187
489673
273688
66207
319875
10573
473456
303965
77543
399266
211788
194901
220210
457513
517334
109727
407072
88523
474345
22696
76684
161873
366042
388422
497650
122102
324565
109171
192030
81242
422002
253669
427973
343389
335954
334128
191702
503585
249394
440629
185677
445036
254118
204960
307035
125294
445782
331816
463933
52521
414393
299894
525038
287382
179046
165176
321479
203785
175213
180645
331069
131778
373388
242092
534609
443974
18962
158137
145879
10729
423313
459197
512531
506362
92993
398759
478736
179351
410091
243118
532657
330275
503617
401020
412945
360115
436802
448170
427415
396642
372238
26354
323273
236976
515614
399076
387453
228901
368468
98731
129426
65660
217641
27325
279024
126538
397275
429655
145438
326361
152961
351024
346424
341626
280015
296949
414514
86571
295709
185728
202378
121884
412047
87657
221382
450028
362941
51309
284547
377033
146391
342030
216723
142055
293811
433788
73996
284380
447755
137952
174865
223242
511121
73239
84631
165502
444588
134060
94661
415205
369993
44609
84123
167715
326585
402101
202186
102837
244529
125980
210519
481293
125306
117397
181311
47785
27981
89166
156096
375157
71259
144402
414557
525121
453728
12739
58160
130183
12729
283141
104208
233439
46693
28099
460319
259783
298015
269526
184653
17972
195825
211466
149329
317713
62146
226803
341010
144882
355808
387839
382697
517781
195557
381841
457731
311426
186580
117923
406460
180984
189321
476011
267697
247088
442007
491737
225742
306550
257569
406095
444614
257038
183201
404143
97216
269343
282921
95174
48565
427563
423811
232593
128972
355928
77913
383225
26569
49662
411406
88691
324435
218516
401977
445508
155561
109596
61711
361033
385312
148024
267895
515048
70408
433156
34002
371165
140351
326602
251165
270634
260053
440166
222438
494276
87825
235808
318085
222117
241546
693
156981
435723
491498
274743
252927
90813
173655
374634
253688
94427
396023
391821
261924
526266
254919
280294
442453
504571
281695
473345
215862
212382
38739
477492
102890
82493
484019
499444
297264
76568
121536
363083
445182
427130
454882
218840
450508
31924
460059
339725
302854
440608
534888
531818
401459
71214
486248
21143
246433
204975
534307
458120
55057
468487
257317
6055
55038
56430
225293
236528
476336
215595
284241
153033
27013
432067
254491
78477
501286
312917
397244
131981
56041
116744
181925
76616
511768
44479
19531
50320
459994
134469
197671
15422
19993
53279
69364
204054
281045
327790
222
503498
275310
329135
411777
241287
166384
153327
20091
518951
481136
150057
3952
207940
415972
368582
327231
157601
92596
504081
423406
382776
291521
490756
293974
70817
234925
516337
437040
395450
288606
398847
203589
152852
375835
279922
155620
434054
178074
208194
222807
520383
144112
319740
506674
337195
195312
518439
103505
163915
81687
188783
505207
167643
33244
53766
325090
583
526766
443475
499521
282316
440784
156508
446468
160962
18030
369634
387113
427479
516753
513807
383450
503918
473462
400143
170774
54760
273107
140335
362169
415426
434485
167269
146294
453180
52652
106656
147925
240240
319550
399546
449652
24156
188007
113118
511545
216939
377636
25284
108498
527162
303921
292671
449089
23488
55946
232083
170839
262912
195525
255457
485904
20219
454980
225207
440251
99998
504971
172989
522825
371319
211110
391965
191479
24294
255436
346850
519964
503393
307307
135322
34460
523637
154547
229167
533364
506065
28326
416080
1375
528402
227895
284063
386633
367719
242868
373162
29839
18195
99491
255451
237308
144871
205464
28580
499704
402792
42795
74739
462187
473903
249954
301467
146282
294408
494315
44977
518265
395550
268703
156267
14768
156139
179114
254182
65675
143964
132452
458747
85683
248856
101490
400903
465962
450011
152724
476313
491867
531356
243132
431621
457258
251132
120459
518567
134620
432505
531191
357746
149793
410534
312099
73429
258541
354111
185097
401573
294475
159908
450234
463341
27704
289054
278460
305231
402247
443957
299749
76827
171896
429235
156875
156705
159795
39226
157714
273156
480049
202039
380141
149840
277819
198791
531125
236713
50169
144215
4038
310443
132459
261720
501140
442417
146357
295013
490202
155526
277182
182631
273640
53878
359527
127441
365544
263452
267709
259907
519063
74725
281761
533901
325030
388
39705
96676
334213
153699
110723
103949
35868
468781
332952
175079
526795
138017
439504
73203
385413
32588
395810
163956
482159
454069
140655
506609
13573
91794
243439
284842
343862
383964
47771
228194
71197
15686
253041
118605
474775
236342
469630
179616
263754
79725
21819
274276
290854
95057
330356
426650
505862
154928
106315
113684
31773
366029
289486
320925
203419
87649
81453
70190
250751
7928
356419
210200
332130
143152
335205
157511
447013
260850
70161
282499
146009
304930
405713
268217
143679
394773
151010
211720
354385
501461
234975
531687
396366
106159
533923
412887
499581
13929
311813
269975
159434
114358
68921
491226
213758
467337
436514
250039
501216
490140
278677
460230
367552
464692
364997
431586
409811
94270
329875
47126
471641
2937
75902
43134
505099
463530
24950
416226
392826
461853
37434
251509
370717
103521
256542
47300
226148
157142
341847
419119
76575
154545
139224
83272
268704
7087
264670
5913
2203
349481
85819
442986
221080
399964
422034
153315
276878
260570
320063
189482
237696
296145
255002
15652
204418
231570
505494
350351
414873
38989
223831
142077
84867
377958
520929
533979
462487
57163
453213
479116
104383
239017
444594
2869
493904
396271
10795
444829
251817
261757
393526
388598
318060
173374
394049
249403
351805
386431
482582
130351
10677
143378
197954
17094
20521
449874
444381
503800
173511
296958
189829
187203
427280
11935
245820
217464
118803
384008
479340
230916
169988
240408
445873
381006
93172
430172
60329
88203
395473
124307
373699
303950
363245
10366
71012
341258
222179
182143
388949
258583
88015
201581
232741
351591
363388
132899
485749
328042
482543
184877
347115
144895
116533
36284
265677
508342
385744
332980
188760
254480
134555
451598
409653
46980
215596
243494
504561
133684
289289
363130
164280
292861
219339
305542
112605
227858
182020
424030
184370
95994
265902
67878
448654
34219
416667
167276
269701
115170
379384
498992
173936
508996
190573
443962
196077
528041
361975
386534
29880
228777
207891
460042
495379
321398
178682
203776
302131
330888
43947
441806
3580
418927
401549
117651
355773
396954
468598
426794
416549
248891
222545
226440
67598
304211
25052
100931
85226
327564
84924
19290
99010
200420
200146
319243
432496
21894
150045
372684
430808
263765
352144
97450
180696
359839
461143
175402
271320
476045
339788
80051
446716
87322
326097
379603
177094
39253
169856
669
326891
44554
260830
130314
276416
167022
307490
503244
456447
429127
524677
285451
249543
163487
195935
396822
439204
162577
498438
437456
354942
228380
332169
22061
50823
345982
128805
405289
84648
532795
442395
68295
511020
30546
176474
304295
357124
362779
116712
428417
95309
504601
163637
36298
32777
277985
416073
43980
325446
255617
150384
528328
81156
377228
93236
129062
278010
154650
377564
40688
21613
470283
156746
22742
278185
493854
60204
249366
83460
437883
69010
142106
150772
185585
127747
69470
238916
304932
215767
174436
460277
9507
136244
341892
523440
189760
33534
383158
450693
36330
240615
403662
360538
197251
292292
470919
22899
142482
447428
212877
27252
489996
502174
473133
119290
361490
429749
105877
453950
136331
354091
294625
358347
450012
348836
187676
169968
105657
30209
116706
378490
380615
87974
15267
286235
5625
466754
392777
507178
256143
149641
360226
360717
275001
507354
117444
313507
396652
121119
14318
201498
257074
54553
450942
212954
506786
282951
65786
44474
97350
114465
106529
207816
80580
218237
45662
275446
96983
3983
62459
268269
192246
19662
361231
390767
78154
335523
369108
478908
494469
95682
191445
404330
199505
254168
199338
416769
510127
142331
504329
172877
313065
76445
33064
9267
248690
500981
322605
52356
503575
179943
250897
312551
115353
231617
166547
208116
70415
432725
139902
432266
62862
310190
357892
264200
101385
532540
386771
326990
356303
235131
162965
229111
506837
