24619
30078
41933
24249
20988
20448
30394
46627
42387
8189
40838
16221
32829
46594
41619
50344
6447
9766
25675
35302
9768
113
34606
10644
30870
37775
21664
35293
22093
34091
44685
36306
12120
47503
6386
7585
46077
817
16722
39327
12546
35451
48986
1279
31164
25788
44928
11162
9936
45731
7814
6845
26475
22996
10324
28185
44120
34669
25017
295
42980
49740
50608
5250
15673
4214
44527
16973
34796
14953
19139
35828
21172
48913
22726
47007
45531
30787
20204
50216
21604
28985
16520
26010
17862
5700
45448
13258
35640
47353
40153
39646
13678
21075
49400
23951
21669
42411
47486
18217
12166
17830
3917
48550
49155
13505
22129
24574
36300
3043
45613
46661
23993
14176
9373
45073
1324
4491
46502
2440
2969
15496
16300
2892
27311
43195
45150
25527
19020
22309
41303
38819
58
36552
41041
51247
24330
39930
28123
45434
8795
22003
24875
22778
28606
21099
38046
25811
24374
16350
14548
1508
42416
29923
9570
49207
8945
13014
31016
2763
22605
19895
24527
38936
45464
23775
14080
45564
1450
38554
11255
39492
42204
38745
22494
21134
24985
41409
41819
46765
45334
41510
6806
36361
26143
33096
46853
48442
23820
16657
46704
42321
35020
35672
40563
39061
19086
43776
43418
7955
23798
39562
16910
9665
51080
41459
21792
1395
30979
21218
28
38411
37359
43395
10276
45695
47527
25625
39826
30871
22263
6992
3241
11527
35674
2939
32199
6380
48838
9811
3267
32796
29209
43250
45165
27965
50129
45971
7049
36254
28119
48379
28351
36584
15366
34874
30381
26539
26820
23905
43432
2125
47462
30051
48306
45734
11449
7241
46876
43281
38653
5982
10662
41249
29172
11939
44204
21754
46007
7472
20771
11488
23858
28549
5094
51094
13854
7099
17481
7344
46950
50764
1651
9418
47510
1871
16682
33813
50123
15933
4623
35776
44900
45441
29595
38158
8120
11852
38758
13151
34709
34809
15770
14030
40923
31255
24189
36512
47684
19277
44873
40680
15722
33422
44627
34713
9374
16001
22184
29094
14772
28627
30032
25789
46129
12558
40022
222
48291
11606
45319
41081
20719
22307
5479
8342
51532
4787
45571
2872
16538
2776
47826
35775
37498
3315
36089
48368
25142
44910
38734
28677
44219
31638
19546
10925
17723
14266
46558
40421
422
27272
19783
26671
39214
13669
23592
26633
812
25829
23904
24670
29379
29
49953
19270
8387
45993
20357
45789
39028
4443
40876
30509
19264
992
32966
40592
21165
45737
8840
39242
17448
17376
10346
8841
49934
5142
3830
48855
15593
20890
41761
27858
43299
20380
31412
5139
18812
47466
41546
1023
13759
16090
23369
20310
47611
21731
17902
24789
36714
36607
21480
29947
20867
14226
26994
18521
34031
22492
19046
34884
7926
36547
45185
48285
50966
25577
25223
48421
6111
26033
42293
48032
35558
14899
45331
20068
8845
33373
4947
45407
20769
32075
31051
3323
23978
9676
10012
20167
11422
26736
18433
18888
37677
23757
26245
24433
46584
19722
4490
24057
31836
50198
23916
34241
22727
18371
6110
6452
20248
40515
51160
25173
43580
14838
3235
4649
15733
24575
39361
42653
48044
966
75
42442
1132
21111
19039
17821
39509
51073
32234
25546
38694
7764
46695
11503
24256
41663
11699
13718
26312
10383
48560
23055
19797
20735
42464
23810
45537
13993
32436
15573
28928
40759
40708
51036
25421
15501
12182
5721
2144
14757
45341
45395
26867
19781
13888
24894
33100
37593
30633
2328
22604
2961
25114
7275
2679
13985
33886
38981
50890
39631
47184
9934
32143
43282
17362
32719
29853
21981
42045
1394
48900
26522
9650
39533
32899
39081
21041
24462
42278
24614
31328
15338
49074
42844
9933
14104
37543
8985
50938
8800
37248
865
33109
21654
40253
20144
41025
46157
24762
23814
16687
51664
26874
20990
39882
50624
50884
44907
20649
43175
19117
40170
12230
42597
22355
3561
47266
9729
26086
28811
37414
16123
27001
10122
1038
28976
36018
34815
28921
30173
26547
43774
8882
42891
50828
18856
35189
5037
33004
30171
38281
8400
33921
18087
34217
34961
36726
7591
16855
26355
35049
11870
21157
17413
17353
12795
26433
34123
10275
49289
22079
41684
8704
5051
8299
43810
38231
11491
2379
28791
43881
47274
12476
17606
24748
11006
43957
1110
16082
46111
31955
1835
45958
38904
42043
1398
27563
8217
15052
42303
17148
1588
4342
25574
40677
3893
14060
27503
20408
13129
40935
38897
35317
29361
25210
23970
42584
14586
50482
33454
43016
37351
35273
32855
17174
8357
31610
42397
14997
33724
6469
24833
26930
35096
43585
36219
11088
23260
47623
35233
32159
28182
17632
25129
11859
28258
32914
37932
26594
47589
1034
46063
1479
43591
28000
35
7601
29929
12155
20225
5379
45162
20261
43889
29573
6076
46618
36379
3844
47915
30177
22338
27894
22386
27613
48888
20941
20187
16205
3180
10999
47248
36752
34962
23253
12548
21366
17126
7734
1591
51628
28338
19349
49592
14442
31468
36048
13837
24713
27165
48055
50611
51704
11056
127
39618
16112
33920
43311
8246
26559
10877
15874
35498
41974
42658
34947
29891
23608
36775
42266
32530
42230
44903
42704
8333
47596
7500
118
6735
3111
46506
11700
31889
48846
32531
18951
40428
7257
37546
5940
22401
12167
16591
26638
15396
36600
49619
26460
41822
13464
26519
50005
12545
46728
14617
19869
17999
37855
46647
26264
18535
44999
42036
6957
38071
3938
29556
23872
18743
34408
29130
23670
28571
16700
8481
25107
3736
17252
33514
51025
49777
21064
42206
41253
17630
39199
18843
45852
17117
22769
5565
20683
51415
37797
16907
15211
10882
29486
43065
7792
32332
10076
38255
19021
27322
48099
12818
19261
20191
16271
38078
50634
26953
2554
51126
17180
30805
830
12712
41008
49554
46752
7318
1386
26112
9248
44921
7802
11150
45740
43285
30465
27706
23754
17170
12387
47726
17545
41972
31440
41850
49009
42317
10573
4933
22572
4420
21047
9303
43060
30717
1400
17620
19281
1183
35943
29921
18540
29629
38650
2174
51399
38957
34937
48469
49381
35382
36011
39879
23400
23749
41997
20074
6365
44643
14231
7612
17711
15811
44174
42702
32510
12221
7152
32375
19790
13309
19058
44027
42370
11213
23658
5743
23570
30970
6201
13736
27220
21525
1030
42871
24471
22491
29398
2696
25987
31880
33343
807
45900
29640
39296
28608
8107
38063
32762
39905
32814
21430
18408
9735
12488
15827
50327
46520
41050
36042
26780
45112
2034
25858
30617
242
27772
50476
26849
41328
49932
1283
30054
20910
1429
48438
29375
44610
22950
50109
15390
27559
40856
44426
24048
23577
38316
17533
24712
8276
3134
51442
48694
34635
38558
13390
34131
46836
20352
35216
24201
20801
20930
1559
33808
26922
33406
18348
23251
36794
28343
18046
17942
17334
16504
45598
2768
4104
45188
10250
50115
11433
25003
28441
38566
32301
45227
48388
46488
7354
9163
5772
19219
32639
43419
50317
3623
13688
10727
19740
30759
48416
36024
18837
22666
43944
23012
21646
47433
39771
39161
49503
40419
39523
47694
29070
11327
7723
50925
43089
8157
32074
33039
16122
49105
20126
8706
27431
38614
23457
20869
13355
28229
3153
35292
28684
40119
244
22799
39399
38034
32756
31168
43544
6630
11403
23802
22787
42656
30943
17718
5512
24804
8240
39814
5888
16674
50347
25092
43626
5722
31398
13619
29715
28753
32883
17297
20455
23413
43546
2839
12327
14213
11225
49528
26041
36661
3680
23128
4689
43274
20433
22030
34639
32361
3634
26309
19091
19123
50668
38473
13846
19248
4101
36575
43587
22865
18554
38604
20101
5287
33642
22649
25892
31404
24551
8609
37963
3335
51459
697
10888
41385
31
37002
23137
5650
8232
32739
17320
38333
33904
32198
4069
11259
33535
23955
34246
10865
45289
20687
30849
38652
50739
38726
323
16473
26880
4701
17674
40331
34104
27816
9667
33314
7582
41474
43835
37878
19040
27470
50602
47719
48107
22835
11646
47986
32340
27191
8331
48131
48173
43484
19888
19506
25389
15513
43227
28961
36574
44382
24236
7240
18604
12382
10855
27775
44051
33798
43061
1140
34973
5237
23708
48080
44536
20124
22241
9180
36343
25614
41183
44175
22364
309
50879
20133
20049
10367
19489
13674
37200
16452
18057
45299
11538
13109
16404
37445
46615
21634
19729
2723
45009
2706
24750
3650
45389
50380
45183
49290
16440
21652
22270
28101
13245
15518
20674
47201
5608
31877
23546
3100
35891
44703
23066
21065
23863
44066
27751
14519
49445
12150
36468
10896
33751
16839
23913
35168
32262
17503
10366
3529
18648
50406
29935
20373
11416
46770
36076
17510
18982
4304
51483
45056
34537
30758
21949
391
2619
18440
23569
51040
835
2039
15839
15053
46425
13452
43671
43714
17295
42721
40981
19610
44895
2425
11801
14119
1599
43125
4466
31609
35696
4614
27584
48918
35762
39038
13529
45659
16223
31373
10512
36625
18847
41669
1617
6790
41014
50323
14868
13723
49731
6071
12977
21305
38654
50577
10255
26683
21585
47769
49706
37007
40866
4430
36496
44468
39156
27081
32565
22390
12070
28495
620
25073
17314
24781
24136
30261
4213
44760
45922
33154
14786
5265
4780
15374
4481
38171
18130
5994
2322
926
18039
17076
51291
5569
44209
15276
41230
33023
11925
1600
6980
34938
25365
24738
14298
9886
9658
49721
29090
44326
18761
18218
3055
6330
34119
34100
8676
7905
38729
17756
51144
16989
2388
15130
14928
13181
38510
14126
27167
11379
34497
36763
1610
558
31620
46177
38715
18736
25316
5778
18207
33656
31044
51537
19578
28931
24376
8601
4463
24711
49379
18524
42367
42669
49152
23786
5334
38677
7373
36396
2412
29641
47557
25621
38401
13226
6547
43609
19823
25740
10319
39574
47558
35387
51121
39059
22742
11038
39420
44096
22580
1717
2261
25885
24389
30696
29848
28163
35263
42483
20805
36706
14053
34719
48687
36795
48786
23728
31320
34676
44994
39611
49392
26467
10658
45735
24442
10978
25878
18425
13033
1075
13785
41783
27881
40196
8635
23465
23458
17705
6373
32298
6519
7028
38501
9773
42405
27281
2214
10003
47382
35850
10466
4617
45098
48670
19769
4464
24097
43908
22041
26989
25900
38588
4030
51253
35845
29328
23183
14853
35757
16326
44357
38414
19550
45790
36017
15805
2009
16659
14581
12115
31433
16431
45349
7758
42221
3852
32778
22783
26028
29548
49086
20188
18033
45690
46515
46495
31393
5737
38536
40694
50720
7309
5521
2105
38619
35612
50508
21300
4865
31839
27232
41782
37685
35511
1315
9084
1606
2215
47103
46621
32791
4911
4758
11205
25746
44566
26858
8297
38436
49336
30194
28221
31666
28032
26331
1929
29191
788
2367
8063
23364
12787
41197
13332
9028
40934
43021
37512
11232
6276
43770
33123
29655
45169
48969
13960
10831
30025
48613
8995
9990
15952
38030
20860
51301
14567
9696
42333
2208
21167
31127
31242
38997
3324
27032
14832
31435
42917
33720
24795
23308
19985
7733
34054
1330
24850
13861
40901
8936
22048
4568
45225
33437
12244
43514
33196
45834
7469
18321
15850
23079
51198
8734
15465
32591
15990
18763
19194
43213
63
46064
18402
49586
47318
49440
1540
23635
15611
409
28937
44542
5180
2103
39593
5060
26009
47407
51394
16409
16285
39183
28010
25399
9461
13525
50650
14682
11571
24292
9588
37426
10796
12736
37836
48490
37612
42734
3220
39465
26188
38579
32160
47654
3013
18465
6159
8675
6558
31000
33058
44857
39019
25522
21285
9037
36743
51678
45759
41913
22368
29161
19818
17655
18505
31922
1814
13480
24585
43075
34549
2693
34290
41021
17983
18275
19260
12591
9046
14821
30280
5534
37589
18354
21470
18482
25589
50202
26292
38054
12662
40950
20277
15565
7570
24273
44074
47896
18103
17417
28474
7214
31644
11020
20725
31852
43880
25653
26410
21492
28994
10608
24096
1288
47514
43805
8360
30145
41139
15988
35609
30575
26339
40539
8668
4821
46775
16204
11756
4777
20510
23270
27904
15953
12427
13831
13283
45040
36201
4199
36208
3064
45596
49447
39291
51093
7496
40402
49566
23965
49993
16168
995
19067
768
21063
9721
5491
16075
1842
48441
25839
36917
46877
177
34697
20974
37005
23497
9276
13037
3222
20708
18164
1440
4998
32258
13543
45133
8508
12151
7327
31938
27860
35883
2383
19539
27195
48998
34921
26281
22170
47397
25353
8173
15948
41846
17340
7544
9636
9907
36337
4593
26767
18097
12753
23139
40703
12886
10717
8338
28967
25253
32149
49208
44789
32070
40118
15653
12995
42826
27861
36866
20349
9413
40148
9904
438
8010
35755
19767
26863
25568
1601
30655
5449
44353
50325
39561
42113
29982
1078
19240
18730
17740
28447
32820
10680
16126
51694
10929
5744
