13097
36239
1260
39017
20646
35121
21163
8784
11792
557
15426
32394
11353
15463
11221
32427
813
21094
40416
37583
1879
505
3286
51639
6411
42201
15656
39185
38184
21876
49433
32750
15168
6939
10360
9962
24922
12680
48592
48161
10293
28682
49261
11569
6186
39299
10615
37629
33185
20039
27127
48417
20282
20507
30067
26599
36767
17242
46340
40638
30719
7021
45888
51245
25222
48095
8144
41198
12142
47450
43624
27826
37540
13353
42158
13950
1190
20718
22025
34479
4049
34459
32705
3365
23017
416
18216
16516
33707
38464
35594
42823
47839
1878
17063
36920
16386
13779
2293
22823
10205
7386
15357
25343
8399
33801
35332
5586
34812
46852
22393
10042
42862
27356
25699
8182
36267
23848
45607
1683
25998
15085
9706
27490
39145
12800
22816
34792
28387
42546
31497
3225
51686
31759
9475
40545
38792
19142
21839
15361
31093
34817
5183
1650
27920
5158
31230
45057
42111
46364
17272
50850
5664
1902
38300
8638
2876
5510
23337
11227
51186
47428
50742
16234
584
11584
33673
37107
28319
3696
43572
21418
25942
42972
12998
50917
31179
12016
36596
14481
16365
535
777
12933
11413
51050
12184
40853
15511
12612
47257
3677
42124
45125
51018
13469
49089
35209
14338
38330
43759
2565
11191
9138
4000
42992
47508
32106
41053
36457
4224
12883
3688
32270
5782
4401
11863
17123
44755
13631
25963
41205
11008
21420
14676
35637
40110
30075
45025
34775
10092
10771
42023
25869
37911
51194
30996
5088
15136
29301
40591
35061
39861
33612
2957
6838
5795
48374
27458
30435
48563
13695
18867
14522
6711
5413
48819
11874
46592
42982
49189
38462
39736
15638
17874
29064
22762
28537
15232
18483
27332
48213
16796
27671
19652
23842
48193
35386
44403
38018
29708
1544
9010
8804
20287
39047
3778
13446
29293
35761
38169
46974
1611
34985
43228
9335
99
24618
12025
1015
43387
37082
42958
20489
30754
36663
42819
34178
40040
1353
13108
8335
46140
11397
29482
50389
42774
5793
35266
48721
5971
35831
18859
16016
13319
2132
38250
37710
36460
18537
10722
49153
23525
13470
35939
33987
24378
46085
5450
22440
1922
8771
8314
45031
19949
7962
15539
17502
29689
18990
44841
28666
42967
5872
8139
18389
43819
7830
32110
23414
48574
28421
50788
47185
16424
29775
13662
7609
37816
29917
41404
24769
29104
1920
38663
47790
32309
10603
30485
12728
46897
43255
19414
14873
7061
47985
1916
41513
25081
41450
8860
31946
24226
44463
22493
42260
49508
35296
8293
27845
17440
36528
29940
51267
45948
7002
24828
38592
22210
19462
1112
27320
2263
24342
42328
48703
34727
15127
3057
41702
8210
46652
42678
48094
20170
38811
3452
35067
16602
30118
16902
20165
20549
1381
13796
15787
14540
30320
6244
50049
28711
42841
29345
44029
23849
41109
42720
12173
5347
6687
35301
39306
50862
43416
39482
38574
3878
33926
25727
21818
3985
5486
43581
45972
40931
6265
3621
27316
24883
42643
40268
48598
37366
1049
24414
43123
17166
12001
51242
37402
11495
38092
6509
14087
7249
37055
27169
36464
22509
9640
20955
26667
38362
24241
14488
14158
51539
2303
1218
10853
14669
11882
49106
8207
39151
28984
7505
18426
11625
16413
32723
32267
50050
19562
39170
30997
19601
18712
37652
4726
30246
42010
14042
30879
45656
26255
33765
23862
16000
16714
14412
35469
19807
45747
31854
21629
36569
51344
5699
25981
30004
40230
29681
21501
37312
5241
39734
33064
942
11826
10609
21346
28560
28605
38852
43911
38021
35695
40369
31580
50691
38319
48781
25187
2479
14503
50620
47326
12083
36810
1116
37489
34298
24058
35304
1162
22128
48673
49220
8503
51706
40807
8570
1674
37835
31410
14190
29539
20214
20879
4802
38628
7008
19778
13188
1785
42349
31810
41540
35675
3373
26653
19461
13112
33099
47946
22766
3444
34794
43477
34943
13020
6237
23069
50427
8677
14705
3084
47969
37530
280
39652
13841
25931
39658
31633
18235
36608
36788
49685
18351
41574
19641
23982
13555
49969
45771
6648
5154
24913
21511
47609
37664
12751
43433
23903
44067
4019
46429
45753
38360
45946
9201
60
3363
26617
3432
27244
5049
13852
42174
17678
13589
47473
23138
14680
37634
11381
1927
5010
5928
4878
1028
51380
17578
16316
4964
2955
24454
40408
40108
39301
11615
14240
49056
25609
22247
37695
35116
50805
3239
3979
8450
11809
34394
44744
29274
35444
43088
33233
35865
36611
4610
9031
29810
9540
24849
16298
50273
4054
45787
26753
39162
10291
41700
3559
44492
12103
20087
36072
12810
19538
36183
44563
10249
45780
12830
49209
16197
43423
49882
15718
28472
25498
34731
43956
1382
38607
7546
47742
59
27018
4021
7227
10879
51352
19607
25652
6707
15262
29903
44819
38802
20130
40266
5164
6527
31770
5359
21180
10649
31141
30947
24372
39582
45126
22101
13247
26691
24588
21194
15600
38458
17982
29662
13564
29831
21321
1852
35597
7916
50536
22834
18811
29253
39913
2542
39851
34754
1085
44883
6459
18047
34628
4032
12352
48097
12040
40454
23609
38245
38024
42750
43115
47159
10476
30841
16389
24274
46696
21796
34297
12980
13618
12237
22954
13756
35423
30822
240
38201
8923
13877
33361
19425
10790
47163
43598
49678
6572
45951
25418
29571
27609
31259
37956
6312
45583
5462
17934
12203
15500
3360
43554
39144
39216
49482
38923
48994
23809
22060
29089
23037
17508
46891
21564
44079
45597
49437
12692
30601
7402
11740
6150
9928
10835
11114
48287
12106
26637
48126
11390
4616
28048
32875
40979
22697
31893
12436
42550
31262
33249
47637
32675
7009
23082
43399
4920
16287
9351
2699
44904
14718
45580
26045
11090
39005
38135
31418
11290
21400
23202
43816
38353
46782
47745
28157
16908
20861
14960
25826
28966
21295
2420
2287
25563
27377
36350
29737
32474
15821
19820
32480
40635
27554
40791
37437
33463
15940
35810
37399
28481
42005
20300
9999
25634
1543
2525
15797
20564
51544
35373
30761
32037
49456
4985
32136
14839
18559
152
50237
9695
32132
32655
8088
16166
10919
28214
33570
18028
18561
25465
16865
40239
39681
8847
36796
41708
23977
9062
30931
50908
2235
16178
32345
738
48091
22571
21582
49442
890
3075
40896
17827
41503
7563
5574
2800
14421
3164
3209
38393
47099
9748
24365
8275
6353
26225
18345
49594
9140
156
23603
22747
45961
45114
33432
6943
4552
45703
49575
37882
26831
34762
2735
19530
14170
5050
14736
46403
43874
14196
14047
33916
12444
50056
3092
12890
13484
9275
51293
44648
37138
10884
43138
34038
23478
35545
7363
41007
37060
8538
49662
15854
37326
35830
7189
5843
48590
32942
34414
11519
51127
32454
4532
4198
16561
50623
24293
15989
14215
14132
8868
2700
35069
17856
3379
51598
31507
11902
6332
48295
38761
40841
14435
24150
14876
39451
15554
48356
372
21548
44187
33090
24306
20183
13393
4805
887
26979
11552
31425
7677
19626
2856
37786
4238
48007
39775
42893
33803
50649
12589
12916
31592
12114
5527
31380
15430
37533
50321
15116
46541
26791
51181
21725
42751
42968
35575
50356
2151
27768
51075
17869
3961
46625
49512
50010
23501
45333
15870
320
38395
21617
41744
14739
47652
23090
39869
17795
32243
2672
21649
11031
3270
48526
29893
3467
28164
39238
5636
22776
17937
27303
11688
13706
17495
48001
3453
22549
24411
14409
38217
30316
37144
38015
32501
48256
29174
24597
27389
4396
16106
40888
17081
36724
51679
48228
32369
27875
11907
20279
45058
9406
17469
17373
6717
42617
4522
35072
27171
27694
17275
49480
25226
38466
35630
35188
42876
24790
250
40293
35751
41804
31824
8004
1698
25211
33484
6174
24447
43620
23383
39579
2965
37876
15980
35693
1847
47142
14443
13807
8262
6064
44424
28436
38689
40610
22872
49197
51480
40013
40571
49270
34166
31348
38990
2229
8381
51119
33365
18899
14168
13060
10215
50430
5858
18258
23095
27002
41601
16280
45318
33676
46358
4118
32817
10548
42657
5857
32174
15760
26149
37412
50993
20138
3871
15830
11712
3201
34593
12773
1101
45756
32638
38727
22626
49735
35117
11493
18836
12910
40016
2017
44376
583
15163
37585
43586
24917
25030
12326
29657
37096
45386
19267
48307
8166
9659
46175
12393
39382
19928
42490
49663
35728
22965
33370
47519
6836
1752
12220
26283
31989
51174
8701
2877
49483
19266
35741
12531
32537
28262
48252
17919
38545
1490
2832
11053
44115
50804
37934
32459
8541
18864
44170
46749
2575
37526
6141
4660
23009
507
16502
29964
48242
36492
13182
4587
15950
10300
15069
3904
51325
10558
42869
19938
38178
18059
46663
35698
4132
47849
34909
39393
12265
28525
968
45675
13747
31358
9511
36286
21566
11861
16766
23143
13660
16625
39255
35184
21078
28706
13735
17429
12126
1156
34386
40553
11578
5387
37432
13604
40976
568
49922
19409
22584
25861
29474
46521
50477
11880
24664
44102
1361
19457
194
15047
41147
23463
26259
18072
33770
23697
45038
25156
9991
41504
6305
33738
16955
4067
48343
34455
31274
50219
13007
22782
20579
6089
39064
10998
31914
32944
43111
3346
17822
36368
28909
4658
26239
13504
15524
10872
48961
46426
27219
29902
39096
30592
6287
21331
28904
18988
44462
18570
488
37337
22317
33828
3562
20518
20595
18048
17154
31715
20048
50630
42975
38722
41435
50957
16231
42908
51019
1734
34268
17960
43707
30599
336
46904
34058
41201
43222
42306
4794
40379
22072
38972
28731
37666
7815
37636
31663
47785
1712
9336
14776
24665
26285
44622
25549
22076
42786
5239
20628
10416
50754
11051
14972
33359
42843
8371
51329
3842
33664
34918
18137
35315
48867
22280
5651
15311
50963
34881
51553
45507
11938
40359
24025
41441
4894
26639
13815
45814
33219
16568
17616
50549
44585
36212
50538
14049
15096
19505
47434
37824
29271
1720
18169
49613
26187
8761
35215
35746
44307
7283
10461
36231
32699
15178
7904
48353
39527
40679
20961
31558
4854
2380
10132
1276
29060
45663
18802
39248
43565
23221
39449
41823
1266
45962
34152
38568
43238
25130
1507
16339
20807
42691
32978
13336
32838
31155
3310
35449
25515
23865
38733
45297
22306
40335
39683
4249
15489
27034
38692
36315
4228
47057
13700
6611
2989
41646
51398
34542
29654
25033
10993
49927
30359
51588
35201
332
6734
17423
43795
30305
51083
32579
7093
44988
41332
25514
3137
5517
12790
40932
41654
20326
22901
24653
36895
46346
8947
50220
33651
37448
5001
19573
49718
5747
38531
22042
20569
44813
17835
6497
32853
8423
38301
13608
26803
25184
50675
11821
16588
21074
36595
33938
14052
37564
40429
39806
8023
12048
19511
6644
8080
34625
41992
32540
48114
22482
42485
2713
9736
11806
14106
22931
14332
35965
19596
25731
36638
23067
42223
12013
575
43437
41869
2146
15319
4460
789
39955
27308
29936
16799
43329
33438
1612
27549
30594
12118
1220
18956
48257
21173
23762
24459
2812
4762
23323
46188
8044
20634
47463
49653
41802
33172
16486
9945
39578
2606
29346
37450
11743
43131
46158
43986
38871
5967
37417
22092
10637
39989
12392
15935
16159
6874
4385
19018
34120
673
16448
22930
24391
21623
25111
40339
13214
49218
43584
10165
50278
1262
29213
51351
44165
4336
50365
48782
3539
28958
43902
15358
50394
30917
37175
14738
11407
43315
45601
10229
29705
48176
227
1111
31131
26882
10395
2956
12721
34226
38868
47429
29085
15761
588
35907
28308
16361
19852
30287
25554
26181
9350
14460
10213
18599
32115
35148
36251
28650
50512
32213
40541
10819
31030
14629
7605
4025
45455
35152
41813
49996
37787
6121
22351
18823
47034
26933
27252
47494
30087
40994
51451
6461
31332
20839
23142
43878
43999
44208
1234
8006
51393
32175
50586
50919
18468
31086
9041
6636
36297
16984
7407
8940
12724
44837
10258
44656
11887
343
26077
225
4676
50241
17052
10139
27266
20998
14744
41957
24842
29400
7579
29898
49604
8424
36615
15152
46674
25240
34935
20289
2842
13285
39915
10065
44168
28219
176
45313
8268
30664
6088
6080
50141
34883
27288
854
32551
15428
32363
1304
3872
30323
3198
7422
49204
3045
49087
49846
10747
13079
41335
45614
49186
36734
3504
590
22651
25021
41497
33622
12059
50911
36499
34818
10691
17377
5812
45275
19288
12178
29074
20001
35759
34763
7198
2838
9860
29239
12903
31154
42855
17393
3303
8831
21240
31988
39177
41736
4096
48543
19764
1727
29624
20388
22992
46479
12227
28406
12135
46128
48019
47464
6614
28614
49562
23866
26178
44452
3945
24484
47743
4379
13359
18340
14967
7641
34022
35842
47412
1538
36381
12565
50158
16375
46523
49062
9704
33324
48310
42892
6792
32026
662
12523
33639
15504
37602
30980
29222
29788
21341
37470
24572
26620
20220
46941
5059
9324
50629
26444
31383
33217
48830
11119
12846
48440
35197
18551
49866
4098
33523
21522
43844
4544
49980
12355
32690
10841
22758
1018
16815
28373
47536
17555
16140
42961
30334
21709
42465
30500
43244
42603
27241
42633
10421
35991
16028
30339
45358
49745
39667
15237
35694
18786
18986
19221
44005
39988
10021
36157
22106
26327
31073
7862
38011
27093
8380
25063
25744
26540
829
5320
48446
26785
11464
36827
33613
15899
31031
10035
42365
45298
14133
48299
26802
45552
30528
16109
34294
2883
32521
5075
33429
6449
29187
41851
20993
2373
4912
41563
42478
34898
31298
19826
39721
35411
19762
21257
449
26372
35388
51446
3705
29959
941
8056
30340
35484
11865
6877
36906
8801
11967
2567
41241
49223
36873
8045
39655
18741
32755
35852
47152
24612
32272
22455
13921
36764
12420
14588
11737
30495
27997
46074
5718
15586
47203
45668
35673
42448
11656
35787
14620
43344
1199
47591
239
17840
8926
40136
28922
4329
47178
10708
49871
38340
5319
6672
25295
8725
5137
10479
7587
6591
23171
21228
27764
44320
2067
24036
48684
23534
51217
17214
3295
16142
13741
18066
20434
50539
44056
48499
16267
49847
32587
18458
11418
17416
39982
41348
21769
13082
2899
18045
11405
21591
42215
31350
30704
20908
2230
10883
20158
37292
17997
18997
46671
19617
50087
50590
50514
31900
1859
36120
27279
31875
11884
47448
5939
46970
45147
25335
28823
28812
44332
32688
37160
43
585
1616
1383
43018
32335
23850
47626
32212
41815
7799
18422
20672
1060
5227
48027
499
35798
27338
46918
42832
23291
22137
45775
31999
27704
29067
47002
32726
50580
29952
20057
19726
44600
24820
423
10253
47250
34185
43959
43027
8991
4474
40425
50042
2849
48085
43068
5754
17735
2859
20052
8880
40391
49884
38067
23282
41451
16483
19812
43895
11310
32334
7401
41037
17680
13561
24356
44589
43191
29861
30413
15359
19183
33884
30674
44091
12587
33975
28356
48365
17255
32736
42372
43823
25526
12667
19159
21009
30687
4411
38153
28023
5178
9521
19916
47764
11657
26712
2733
10357
46026
14361
16768
29497
11274
28988
50086
25116
4485
51636
45991
39274
35651
40216
48591
28076
51076
44806
41879
14195
42780
48520
14294
22172
42114
51665
44630
21223
43982
25276
49108
29234
44309
19060
25393
11469
1537
43367
34771
21523
34070
48271
46203
25359
25120
47390
7973
29216
17488
42108
47113
34405
4285
3929
32663
2587
9217
10565
47928
15071
34469
17100
21703
24518
44286
14964
4713
45844
45928
23846
24286
48222
43789
45016
40363
12369
47813
30492
3579
10685
17790
50176
9932
7127
31528
45446
4270
26451
18247
7606
29422
9073
7255
35087
586
51283
36941
49944
26457
26866
2181
32305
25967
25784
37847
29996
19747
10503
1029
32795
2202
46016
35287
43005
7223
23052
7350
18342
27914
31686
49286
40623
21471
46285
24291
27501
34255
21133
17929
24358
10441
22696
12567
8909
38152
35431
51363
23574
17435
14601
855
18036
32092
46
27987
21774
34265
37021
47169
40555
32851
48025
20820
8347
44433
15928
2489
37168
40100
51231
10317
8047
12626
31067
37573
36179
45447
6998
38630
10766
37511
6183
28465
46967
34955
35467
41065
10313
2778
31188
5892
8179
29113
40360
37621
8035
33684
13008
43119
47047
49688
17013
38591
28054
19910
47663
33729
947
31786
5229
11582
38879
49263
23910
20644
18506
36383
48373
13438
39304
21952
31761
12785
9125
26750
9175
5693
49498
6762
21991
7261
33778
8835
1325
10730
27829
15301
14857
44160
39735
13823
26374
40310
18255
22715
40782
16220
39844
27719
38348
18220
49066
51622
17498
9256
30839
7175
51010
12128
8396
24422
31470
23151
36167
1637
35975
21393
36647
1214
9076
44982
6275
19754
19970
18947
8096
37529
20407
50801
6538
19919
16394
38590
17229
27907
48612
27379
48017
3765
21254
39104
12026
48305
37686
42475
20581
42943
40953
1091
39978
8069
9148
41446
24393
21574
37457
48845
13071
50349
34157
8218
15579
27472
34871
18085
2833
49028
39840
28179
15690
40265
50940
13849
18412
37900
8247
50878
27146
44135
11003
3082
29131
38104
15033
35206
16579
45017
18293
50014
41439
11077
223
41970
12179
46608
50654
15146
48453
4861
24936
31975
50542
33516
46428
13702
39486
45587
12014
42898
2446
40780
37877
32777
8714
181
34472
37632
23273
20370
50883
3995
41986
39622
38259
32584
5029
7044
14935
31136
31108
5465
21312
30123
26632
35809
15209
50887
3035
34595
12052
15115
42011
51342
5613
32330
12410
34739
45135
42503
7348
44028
24792
23563
44974
4244
36415
3166
50610
1106
29664
2148
1265
47096
2234
25704
48719
23038
34903
48026
48604
26474
33697
42525
38706
27543
15111
3787
37219
1561
3771
47383
12666
37336
31480
34168
45423
20189
21947
16849
40104
40804
15129
21860
22911
8846
28283
27983
11723
23620
25598
37176
29463
2747
12641
9558
44158
18631
25674
34587
45398
18052
44186
45930
2951
46504
18781
42622
16712
33719
42294
10821
23018
40485
38236
25329
30701
20364
12124
25883
34374
21287
34334
34206
37744
42101
50898
49610
3906
51062
7972
25022
9150
45029
31501
45243
32440
2621
38133
24386
32543
12111
24676
15801
27082
1389
40641
41452
25205
4789
12206
40193
7983
30115
50152
33134
30671
15308
50218
13739
105
9894
12324
3838
51250
21386
15462
7532
12547
46172
13936
25705
17357
32015
20734
2994
44200
6823
26897
19339
43301
46205
3429
20378
26244
17758
1097
6140
30328
11841
10915
8529
35815
51435
46445
34146
15166
931
42337
11203
32055
45475
40616
51503
25843
45855
30168
49840
8300
35629
15983
17558
36566
40884
3637
28092
2386
26398
97
12643
8613
29523
13381
15615
30382
12218
31157
41935
27895
12442
15740
24555
4312
36248
31674
10455
26124
37074
36110
20405
25096
23800
16949
33341
8608
44702
27529
46505
12281
36765
41712
36041
6966
48842
35564
28762
33003
46841
32119
1215
30223
38602
32077
15711
49387
23791
24666
34399
5922
1505
48577
15231
15345
24977
36411
45335
5402
12340
22427
25545
7716
6104
9206
221
30314
9323
28181
34485
42310
42864
23267
50403
28464
47225
4749
47628
24522
27250
49843
8894
9641
3757
20665
39911
6195
19042
6344
7035
39740
9594
35508
26740
20915
15878
18936
25825
14187
33877
25893
13828
36101
18069
2813
40531
8287
26073
25004
14811
23123
27635
16750
6434
37792
2061
44943
33939
23600
14715
14654
11694
39827
31622
21600
24338
3596
44296
46596
42079
49085
24620
2995
8766
16673
23441
15325
50814
49496
35207
22506
44652
40171
37927
35448
35706
18575
5452
27899
450
51114
16903
31725
4296
43864
32247
13397
18746
15689
14151
11026
19148
40667
51386
10402
14450
49719
27935
43890
42802
39474
21297
34624
47426
25791
34216
5860
46398
50962
7509
40825
7711
25410
40055
6995
43562
11989
34400
8955
24303
23700
12822
1913
25125
34418
4428
30315
42932
25321
5578
4033
40252
26481
96
41142
24240
35178
5623
25105
15505
47817
44925
17449
31071
21890
10088
44375
13424
22315
40604
29674
12195
40506
29417
29782
17113
12049
20157
23567
6781
9225
33588
40207
3517
24627
50755
48048
49505
3205
31456
27412
12902
1439
42322
18355
45064
40106
14968
51099
13845
14325
26615
4384
32840
15723
18278
42324
28426
3724
6115
1694
32842
35574
43858
39570
14026
36817
47482
4728
44449
23181
45008
31958
33566
22327
44577
17313
45149
30175
38486
15137
45627
40479
29098
48049
16020
45797
12691
25072
30790
45977
12738
20016
33231
10063
43156
1153
24254
9077
47133
26299
16410
13750
29410
21323
13370
32168
28416
41701
38465
20331
30000
39498
28024
33927
30292
30896
34329
23867
29354
33237
41027
42161
44319
25747
47214
6864
9520
16941
13790
24243
48238
277
25922
49646
33431
9802
42693
7390
29281
2372
463
37217
20854
3404
6540
5081
4700
2015
16918
13454
3519
13933
31888
36887
27811
47687
46487
9352
26153
29439
48184
6129
32754
4324
33732
6258
10861
37788
6984
21645
18507
18404
11988
36331
30723
40191
15786
33224
15824
8982
42651
39848
13141
16024
50826
26305
37363
28234
43249
27756
48588
50812
24385
44852
41562
46386
29107
11463
29937
34782
16480
14590
9293
36287
36542
20454
10902
48644
12095
6451
35187
43988
35064
51156
25650
49943
2422
34784
6896
22987
48587
2529
32624
2547
50831
30909
33981
117
7798
42100
9205
16077
51361
34681
32246
25379
33319
19756
21212
35126
36693
38221
31461
45451
35440
14784
19796
4305
3230
23315
37833
7873
24651
50263
7952
19347
31894
46914
21236
28410
47054
2391
39546
31140
39310
14589
27378
37201
46720
31919
4798
5150
29027
9023
15887
20691
49633
40064
3898
40784
22516
41718
39344
44297
23885
41292
39181
11303
37531
3760
2256
13692
37083
45994
22467
35803
25732
35702
43132
34101
37393
17877
24137
32841
46000
22324
47120
30015
49821
33578
3800
14580
1188
29993
12235
3091
29476
36206
44724
23636
16886
43778
18872
43379
31081
26557
11560
41442
6976
17496
6652
41250
14288
7405
44378
23530
8631
36377
6173
42505
42501
28392
24871
23581
50574
41
28066
48946
10681
47282
25806
29189
46284
39461
26816
6188
32683
50959
6969
46290
29073
18733
41567
23046
43141
16137
1875
19837
44927
32322
41179
36199
43148
7661
12447
41682
27329
29495
42345
3772
20525
11245
36414
44885
44018
3107
16503
51476
14254
25512
45779
15548
25917
13614
2618
31762
32833
7697
20184
40847
26548
35474
6812
27980
18879
21488
15585
30164
51289
37268
31228
7868
2785
44720
34646
49955
4868
13465
28767
20272
28133
40983
38299
3626
10639
45425
44695
20598
29526
30297
2888
28884
47381
17048
4337
45059
9853
7533
40740
9383
47179
24177
5383
40263
10382
12434
27498
24505
30904
2257
36643
11595
28874
8518
21077
36366
43613
3853
30919
15327
28088
47881
36250
4747
260
40458
607
29989
40663
38482
1636
18215
8315
44058
4599
12413
36786
16358
35858
50799
7135
18224
10048
18026
35739
1887
11591
8556
37162
24485
44704
9927
908
13624
23651
50800
49491
25802
1904
36802
28567
20345
34674
25318
38950
32861
25010
10592
14962
11940
38687
18128
27873
1157
12088
35305
13788
16030
35662
19497
10316
34949
38069
2390
27972
22975
47127
8355
33346
8921
9513
12473
33804
32044
26293
33605
37394
46095
26674
10648
28371
39902
47809
47442
39075
27803
23299
26656
41548
19452
33678
44121
23761
48825
20606
39810
3052
43331
25007
42008
39855
41393
35427
40962
14615
36152
17265
43987
4847
42740
38845
31816
17886
17072
1910
10198
39986
4594
32109
22698
11193
31052
41999
51049
38688
31954
37016
18569
50422
996
4234
7341
46940
27067
34116
29228
7024
2925
11698
4807
33762
29963
12508
21561
40973
49200
40222
29557
50655
42477
22920
41968
32444
49641
27480
3272
48214
19963
6379
4298
34987
28439
29018
29140
3962
13757
49958
34822
31498
23755
5768
27769
19850
28554
21181
22149
28399
6066
13032
34857
26477
12584
46544
25165
14848
4988
1314
13089
20932
11620
22754
5388
30574
26459
4477
26987
72
16023
36781
4345
41805
48431
41330
11807
41150
25128
7125
51203
4139
14607
6829
15752
14238
26320
14816
3709
11758
30214
47135
25409
35827
45545
12093
5727
41343
27243
47853
6588
10528
39945
50716
24045
18573
37946
32167
22981
15003
46098
26329
43960
37689
755
43515
20845
31711
3488
18623
15637
9470
745
25716
9242
48761
13954
37081
31729
34500
25124
46249
13154
8466
22267
41538
32195
44743
46349
29818
6850
32635
21096
45269
29303
26529
10325
38420
45624
51152
48748
42652
4185
39633
17955
11648
3032
15986
30911
44796
16622
7251
51354
30888
42390
45035
28471
31085
20086
16149
47202
34691
18256
31993
41705
45745
39368
24680
35908
40965
38048
13522
3864
41936
42849
45419
26302
23416
42938
45801
14509
32006
41766
51045
10700
23706
31525
32051
27394
14407
46525
22968
35923
23960
32615
16012
45205
36673
5893
13601
15075
6108
46332
34476
1715
38400
11347
41524
1767
51417
47351
22589
31598
38131
41345
6397
33044
9859
19207
37940
40140
14720
6307
10187
214
31508
35054
15144
18679
13121
45325
48669
27842
2027
4505
34650
14261
32605
19284
30951
49814
21902
36159
15126
25025
40997
25670
29093
14066
20675
11108
31884
11284
11715
24481
47102
36276
19978
33468
7865
2692
9286
18117
9946
29570
51111
43876
10079
48171
40654
34882
48651
13703
18495
40527
39118
39343
24673
23630
26971
44952
46654
3883
38114
34513
9972
10660
19475
11500
21814
51072
28956
50450
26907
31045
46827
796
9033
40632
9534
7070
22005
9547
47391
18102
50565
26395
23149
50289
5931
28914
1067
39773
35002
14156
13272
11871
28383
42767
10699
22202
19627
46411
47110
13149
45350
20348
48879
46527
48909
17978
51216
16608
24260
11994
33532
8320
35964
27964
1673
37910
50930
2404
26727
29763
10029
41224
3661
46280
42845
12971
14714
40311
31906
6187
9974
15004
41817
38956
18149
32096
14865
20256
28804
40902
5309
13930
44835
28034
11059
7398
20481
36891
1853
3168
26280
30772
44939
14805
40996
44768
9101
22197
4133
26586
9463
4044
19800
2118
31570
7675
11300
17663
7826
5561
18666
33547
38984
28814
11936
27906
14130
40054
21466
41221
20547
6372
43389
16195
27540
5416
6001
45808
18233
46348
48568
4693
6162
29205
40986
38938
25849
14511
6855
9302
45549
49924
11075
36711
32760
22860
21502
1515
30892
23170
21954
46684
49911
16577
44105
5361
26030
22410
25755
39864
50916
21007
5726
11835
25401
1660
12617
4545
40475
8979
49744
19199
29957
41427
8892
42650
21640
24548
18579
13088
20535
5526
22342
21138
31163
22788
47904
7100
1070
14860
38140
47625
6130
25254
24906
1348
10197
8653
28166
39983
5460
14228
35191
25373
42179
18701
34018
9660
50424
28980
37732
10770
30181
40618
50373
19443
21993
40004
5640
14618
28912
31944
31135
42857
6145
50405
36293
30222
32631
35711
33184
14074
48566
5942
43985
20161
10602
28271
11069
25599
27153
24212
4121
36610
40098
23490
49617
42555
50969
14874
20774
22369
34684
16303
14465
14653
39236
29525
47775
45490
21039
10221
12162
2362
7273
17823
41279
51576
29828
646
32873
5117
24532
36739
5223
3697
2089
23417
5381
21685
36937
50531
51314
38664
13710
26839
33826
33822
42471
11247
33792
7688
7938
38528
45599
18923
42614
2568
12495
25673
41229
27203
32648
8915
4530
46913
9654
33653
14703
25215
11177
36121
11489
22567
12637
47522
27091
27695
960
46597
38271
46953
36660
44785
48735
5710
5056
9726
27633
14123
23637
21025
5173
25766
25905
4902
609
18691
4036
35098
12073
28225
18162
19759
46362
55
18349
12193
46888
32673
2191
38070
42586
8805
8602
27605
34333
25569
45351
42627
31701
22028
42358
554
8221
45316
2360
49432
28223
170
46251
44280
31054
20637
7630
21804
17906
27330
36976
40846
23443
20236
1517
1457
15802
3704
5597
25859
7199
23744
26870
51567
12187
15873
15289
24169
2126
11932
11968
19659
39138
40794
7892
13100
50249
11663
43817
9679
16058
7262
33529
7023
14255
23083
44892
20647
35756
22400
42227
13124
9968
12594
48608
9980
5965
20469
37121
18934
7418
39283
49504
45171
47939
1209
37552
28017
13044
50329
17698
51525
16792
20462
32082
36119
21110
40423
8879
28721
684
6811
43214
42581
47285
604
48253
31612
31013
16062
21969
10450
10614
48241
10390
42682
49054
47420
8737
9865
918
15348
45213
3507
6218
2685
39093
46949
40598
18578
28991
44777
10906
5514
28531
25058
37285
9893
31411
23412
39290
27465
36421
49026
45520
6144
5866
50958
35656
17382
20054
10348
25592
45240
35238
35379
37856
19655
39030
30978
27988
33310
18002
41939
38516
37237
29120
9966
7396
15088
24836
18817
45034
7915
20868
2703
33301
33509
47619
2790
11658
46447
35063
41950
6753
51213
33320
1509
48773
38096
18594
23572
40468
9965
31631
7250
210
43084
28535
1884
17384
39400
9464
24834
21861
23680
19477
11048
16268
51499
37588
33227
22297
1580
30073
3165
49920
44962
25155
39526
9198
6914
51297
41539
4467
48540
20226
1066
20066
34876
17325
37460
39821
42236
21461
163
20501
30307
44464
48851
33647
34557
36923
26592
30498
28725
11475
39789
41137
2396
18641
4255
32725
46667
50426
403
25857
40560
32674
933
29437
23433
5243
8256
49921
31066
49954
45642
48743
47721
21781
8464
1290
43675
22108
11387
13801
28952
15667
183
31565
40873
18362
34190
28108
23864
26689
45584
49444
25292
4928
42612
33859
24642
42374
39009
13174
51509
15009
38759
41923
2611
35866
12066
8810
306
1605
14175
4039
13945
135
17392
49300
39937
28466
6191
2904
48263
16976
23461
42166
22603
51586
18111
3869
37235
2613
16318
47728
16665
16073
33130
48362
18252
25555
28220
20447
3560
33194
40087
28638
19956
21888
11304
21120
29322
7810
24718
25064
46571
22217
42655
14710
36532
24217
50557
23048
2798
14646
31624
21829
44954
13744
32261
34433
28982
3378
42830
38244
33325
35916
50717
5978
49605
551
24581
47629
12794
10776
35459
38356
32257
2810
28212
41171
27871
41818
45858
19786
47085
882
8655
36958
7889
40427
27790
15868
12316
5149
14125
48667
38122
24060
2382
16241
50648
6364
15131
16633
20263
36590
19744
49816
23897
12530
49191
24128
22654
9030
32757
14889
35461
731
33889
7857
6826
10225
6761
43656
25338
19513
25913
16508
29009
47932
26101
2297
12295
16909
46840
20011
23177
39544
13311
15447
9791
26125
2035
6303
6633
25815
30477
6824
18417
42332
27051
35455
25965
24840
4537
38873
15629
8807
46258
35277
10710
42432
26630
11755
25209
3463
40236
49139
17304
37132
39035
16531
18078
30293
7745
49015
16097
7065
18534
3314
49552
14386
27218
39488
50185
16717
22882
15000
49774
3046
40972
27909
34212
33539
23430
15997
43297
6070
47695
23263
51140
5649
33127
38658
33637
498
39281
38421
27385
7490
30604
13859
24296
7368
12835
34134
47067
32224
49915
46082
1829
9399
32207
2419
47014
11402
42409
47404
13917
10898
44662
19115
8665
32524
45768
33958
32617
4186
26881
41716
1586
5896
42625
35663
47972
40337
15784
33135
514
22767
36635
35434
29731
6376
31710
47369
8298
40275
7495
49224
29207
6354
44736
38534
44902
28587
34671
34659
22687
34093
45221
9843
10458
2755
50777
26047
16397
2154
34324
25935
47593
20178
11802
14526
26340
27685
34127
37173
34271
18161
8621
50518
5325
6999
32138
13916
37627
39353
20185
32000
35130
18646
8037
4795
345
10822
35473
1946
43263
41090
6946
41340
14251
36782
41313
35107
35170
27181
45385
24531
24926
9113
18305
34689
40858
40622
20907
44311
786
6765
25228
24335
4
22678
21998
8769
41951
49140
28723
11534
16948
40908
27589
42763
30364
37535
30432
46042
22793
47919
39908
