13963
35350
8078
40496
7578
20915
42474
2041
15004
44769
18412
50245
39933
47378
17045
32536
6553
20082
21193
39780
42540
22090
43355
7291
34412
13820
8009
24346
24865
7394
30335
29783
14455
35359
7942
43223
7011
32968
31139
30574
1028
25992
605
28854
43777
47107
44142
20997
17826
50811
15253
7744
31868
29846
22293
8555
18470
37375
17941
28064
5726
13918
629
25614
4874
36355
22326
24581
23983
15824
28661
19491
17324
47016
25993
36964
32462
20071
9862
23688
919
30062
7957
22684
49715
37009
38961
8342
44042
42255
40105
281
44620
19656
5506
50103
18310
3774
2180
1009
2002
1860
18884
46467
28584
6620
5022
28216
3921
40730
48519
13732
28684
38201
18690
10928
49482
39673
34330
31875
4702
40307
40971
36565
36611
3713
20975
3163
7516
7982
33173
7262
16046
7711
8544
42194
48202
3647
10081
32401
40423
44970
8023
10898
12193
19056
50622
14520
28582
22669
16823
13292
17760
43272
7954
29296
12335
47632
5291
40851
20160
25268
3161
1689
30636
46098
17360
12347
34702
16697
2132
45868
48596
21707
15563
43527
10246
42738
50985
32927
50528
25759
37395
12143
50976
31070
2366
32218
36791
44176
35334
27239
39546
21464
50885
14061
3708
987
25818
35254
51161
14537
10731
17311
42926
25654
44548
32652
6632
46890
50380
37679
23394
45912
41444
20013
38003
25287
27708
25028
30547
21709
35752
26150
1039
3301
17546
30787
19183
933
18368
22727
5286
31549
9670
43625
49507
17323
16274
8189
5806
28904
47982
32812
11623
5887
6242
38330
19417
20484
40811
35784
9803
870
35757
44457
31476
48694
27748
8328
25731
22609
3186
35968
15460
2969
3788
44771
39168
19061
34596
633
43634
787
2327
44552
3706
10952
21548
28911
28048
10529
19898
43891
35663
50974
49139
7335
44275
51575
22050
49263
17713
23921
17551
28358
29807
8067
49017
15156
8079
15204
18044
26708
8388
15888
50751
37088
11348
24070
50000
23125
24056
38760
8258
20495
49905
14685
2881
18832
42979
18196
12524
48916
21328
41104
32553
47940
24296
25923
40808
33881
12546
16165
13166
31046
25127
28664
17223
46223
51061
19040
5481
37176
46788
31983
18066
11275
694
51115
8356
4760
19160
44471
802
15857
33357
16216
39836
6313
25693
24099
18173
11276
2244
14601
30975
4501
18444
21431
21256
14595
3286
10729
48452
37960
3178
48742
43442
24662
34692
36537
23760
42253
9140
22288
26244
1187
15105
27066
3764
21830
3249
18924
17988
7927
38368
18736
39759
761
65
37921
11394
1785
10745
9676
11780
24472
18701
9132
18871
50224
15395
29953
31169
47284
15781
22791
50411
36829
13766
3027
1695
19990
45376
27714
1484
16080
23587
40864
27694
40294
44323
25582
4974
38880
12317
10118
14741
34984
42633
37450
34062
31068
36973
41971
7176
7521
30791
20561
26480
12641
20096
11149
40180
7168
33900
18612
18667
15586
841
46457
3434
49903
39450
41120
29946
762
38777
42684
13565
15494
12463
28527
19114
17532
39588
36610
8797
51547
51263
19570
20317
4083
10656
42762
18683
12055
21322
7322
8256
11657
6360
45435
16154
20518
9783
21631
30460
29710
51539
13399
30192
18528
43864
50876
42719
10806
16093
46942
25682
22993
40644
17367
39128
19882
51463
21702
34681
49029
23767
43665
12057
41710
19227
36174
41659
43226
10541
17397
37972
43306
28488
43362
12560
33191
18994
20824
22535
28229
5635
9192
47579
34708
11015
25133
40990
19773
20195
27900
13753
19419
11014
2367
11864
25264
50473
20692
29801
13364
29829
28032
45098
51011
48791
6306
48175
36168
43369
7101
24168
50383
27372
8364
10725
11710
49795
27448
51659
30354
45267
9949
43243
21986
44758
33604
40286
4282
13806
35123
6713
3096
9936
26428
6184
4341
46925
32299
2773
18968
15340
13709
2741
15069
46943
48294
34321
12566
28423
40292
44490
2499
24830
40620
19322
4088
41767
11816
13071
33390
20348
14630
12645
39043
25979
51510
9977
20083
16203
11401
38734
23554
12783
12553
27916
1574
39959
27317
13573
24150
41654
23348
18566
15412
50431
27197
5721
47090
49122
25062
41305
9403
36187
37863
47395
6545
18537
49126
16024
19191
10135
16906
32437
15364
16424
30814
15647
42413
48469
18662
42258
41013
45813
9493
15137
18105
9963
23701
36449
38576
28663
2680
32640
24838
11084
32958
45586
28226
42797
34694
40853
32583
48361
19429
3105
15630
9208
14712
43898
49374
30961
35269
2271
25532
996
30797
12756
27244
22395
16264
48868
12926
30466
10432
13072
39782
3468
15659
27819
4918
51167
30227
40485
4190
42145
38733
5206
6461
292
49928
33893
40966
20931
24597
50410
43377
40930
8897
19036
12970
38913
20407
39757
25577
7836
46577
45121
30897
41570
49365
571
10948
38886
28990
1987
19411
6900
17272
7819
11143
9867
35478
51342
28305
18313
8488
21000
33038
19382
30527
42488
6525
25539
16141
26331
10407
16941
8803
45760
14790
2961
32159
28015
47383
17911
18136
22239
49571
9620
7951
49757
16092
26686
22022
7451
36559
29878
18918
8833
18913
24746
40915
21463
9278
45175
30349
10438
47119
3209
14478
37186
28886
2253
14426
21813
26154
3473
13692
16586
14638
16432
47315
44794
40184
46770
3507
6740
15368
2539
39494
21589
28151
13450
28515
37914
6052
10054
37554
31305
23902
19163
33906
39664
48614
11262
41632
22855
35945
17406
17917
20201
10885
46961
34867
36790
13712
39340
34696
15911
29472
49815
39938
7726
882
6805
15959
3552
47280
20485
14154
33241
32920
31472
38093
27013
10132
31482
31641
49707
8060
43984
42818
2183
3707
15422
22690
43261
20031
45051
45456
17485
30750
34866
29927
27443
20475
2876
5480
49500
47666
29210
43111
45478
4987
4438
46719
5182
47441
13342
33989
1816
13608
33835
33518
5055
21549
21494
34889
13094
50592
19030
11540
34118
27470
42870
44715
4239
21876
7727
45334
20417
14229
38863
9605
21897
46654
8929
47386
11708
46971
19632
39324
30082
22278
36546
41313
33230
4579
49217
45979
3439
34110
5819
42264
1379
12308
33343
18925
48215
45576
43982
15845
14829
11414
2427
46221
47248
10143
46232
11585
38778
6413
48151
16159
26486
15866
31373
15811
35270
37126
37300
21011
24450
13049
3635
18560
39147
51455
18609
10578
38100
42960
42105
3736
25787
37969
11347
4935
25418
38293
19370
13959
38618
1481
1961
35193
8581
29547
29796
48545
19544
74
25285
12125
9528
39829
38686
7353
4421
45161
51472
30519
27327
27939
35120
28482
39618
42709
44829
13486
16036
24396
33815
5441
30356
32850
23957
45040
9245
38584
1366
23752
12421
40945
46506
8531
26544
16111
11487
24508
39253
48435
17326
33740
24953
51590
1385
28890
7004
28649
40683
40176
5773
45978
3251
12548
25821
7461
3805
32252
24324
38324
18725
26197
28830
12140
32937
20866
6366
21324
15246
10202
3561
17438
47052
45348
16702
37502
32088
170
36644
7983
45377
45276
24805
19364
9059
17494
1976
15905
39315
23782
32296
4515
9719
7568
5673
12274
19799
46360
18217
40413
50105
46574
41374
37125
3496
43608
33731
17559
11625
41987
24681
49092
27521
14774
28944
17624
23948
23284
36315
37168
41453
44600
37038
25584
12022
9889
38202
44345
24525
541
44636
51568
42386
49970
15603
38336
38597
2287
27541
3661
24075
28050
12009
120
42949
31874
19242
42430
46944
33890
46888
5676
4986
9346
20391
21543
24241
12652
16484
16919
15558
5690
40893
29294
12446
49760
10386
38768
22895
42485
15748
2439
11694
29394
17793
31366
36755
46539
7654
7116
11640
47594
45538
29155
38435
43514
32620
31353
16050
31658
25402
41954
39166
9976
33236
44957
29650
36009
3512
41043
18002
21713
33094
22425
39635
35105
19456
5622
37465
33779
41861
20225
24024
49776
6523
42465
4614
6760
37030
8820
34986
29231
41759
42638
34207
51398
12564
13396
14746
31567
20386
36274
514
5814
27874
33350
11977
23218
14698
6359
23712
10545
36599
9374
46880
8124
22086
41113
47165
48371
21222
43574
22384
22710
31892
32048
33157
6897
4170
40129
47258
37469
5044
5757
16040
40179
32433
39117
47536
43600
16344
34544
15082
8879
44860
25291
45549
46040
30536
26047
18654
49578
24385
32651
6699
42269
32654
1856
24686
2241
28765
17809
6751
48219
14119
48078
18723
38676
50509
21871
3489
39125
26382
5162
16681
34741
21330
7350
14052
26101
28353
23346
7174
4694
39
12204
1212
3757
32091
40342
34024
7837
41707
49875
4081
14422
15936
39628
20575
34501
15373
11449
30120
49667
16429
23290
29820
2626
19941
47234
47957
15059
26521
16524
33229
44967
37389
3954
49910
37227
34019
32255
51288
45823
22273
8205
26728
36369
26217
40661
21269
23254
10808
45315
45323
26281
43461
37216
13532
37731
21026
25664
9234
49562
51033
36460
49719
17
22110
206
39701
23162
46988
37454
1844
10121
19906
31715
49949
19408
8378
36305
14068
29392
18949
48809
6786
51039
6237
12345
30669
20144
37632
45565
25196
43860
38595
14305
31160
19187
24929
51555
20611
16659
18677
18218
28949
23475
29811
3461
41921
50104
17880
16904
44065
560
29724
24849
6382
30719
51214
27640
23315
18581
12285
18516
11795
8133
2191
42002
18706
50021
1796
44206
25063
6702
28154
16337
22327
15971
26757
28781
16241
16186
23053
42368
7267
33187
43421
26756
33490
11263
15594
33139
15436
22762
13423
20928
24909
13845
51126
14149
21948
7423
39504
46854
13175
36125
5600
50961
26618
48813
43012
21377
30866
10169
46778
8646
31963
11721
32457
9263
44282
7557
51165
31994
15414
36613
591
22674
18679
28371
43024
39896
20912
34289
8824
6372
20293
16625
7364
12123
18083
23266
22909
24741
28439
51086
37321
48760
9434
3888
2596
31135
37149
36235
6367
36831
42326
1405
13328
32673
50676
17475
6297
36492
38344
27314
3476
36748
37027
34345
18874
29812
49828
22240
35126
7065
20779
43302
9536
3131
38787
43702
31982
1104
47621
27233
296
19398
50661
49082
4877
48449
40338
11421
13020
14015
37907
36212
47555
301
41007
40566
22839
18928
44100
2904
1217
3383
9734
42612
18519
42032
24967
48211
33641
25440
23110
37873
33831
17668
38278
7256
49291
13742
1378
24378
25873
25807
5438
19752
35278
25334
7541
31364
30703
16508
17192
32022
6495
37481
43711
27153
2318
12457
46185
26526
33279
14317
36891
14456
38450
40069
29546
17042
37040
12806
38152
46696
24438
19007
11668
6165
30939
25740
27550
11349
44512
16687
42422
5837
29478
35308
19511
34280
35166
9283
25185
14179
39400
44118
24461
5370
20942
1943
50658
44258
11858
4279
10632
16520
27577
17906
9643
19731
13055
43415
13941
9871
10384
15879
4793
942
43345
29919
26609
26410
42434
36725
48458
25629
37021
31010
36478
22526
41545
12697
37703
18378
48657
18969
706
35377
6689
40425
15127
30578
2015
41525
30618
30681
51113
35828
2972
18418
22743
20350
48496
47222
23608
49758
16832
25204
41831
8528
3964
50200
48973
14257
6193
51104
39594
42223
35814
22677
51002
28073
40057
10434
28431
34610
23695
8936
24898
38889
11087
38078
29495
5365
48399
42991
27551
5196
21174
29103
11999
4956
9296
50729
20833
50180
14598
12208
44634
34926
20357
22842
42839
20409
5665
12750
9876
43037
19118
32171
37814
16213
17579
28254
21313
44570
28091
46894
28906
10267
25513
137
27080
27607
30968
28376
44011
12197
10747
13673
27514
25139
35434
36282
33376
9125
5816
43882
45438
40309
1736
6982
39268
22245
3263
49377
10383
31056
8318
28141
50285
7360
7164
40244
42860
30025
32666
49265
10228
1161
23996
26060
12941
50546
39586
5796
12962
49021
42664
11224
7999
1791
19300
3670
20113
49444
25784
36935
29764
2996
18291
1103
50845
32362
33102
35297
29773
26683
6217
44539
28804
51691
37072
42110
42459
24127
45369
24727
27642
1492
46713
5669
28245
10543
13424
3620
537
530
18583
47921
31128
45770
44859
30337
19094
49684
12571
37407
50394
20129
37555
35295
3377
24619
31748
22208
7551
42022
32592
6887
19307
51250
50852
7604
46793
18502
14802
45931
14452
19974
19558
26166
27332
3174
1958
36456
30840
33462
44807
42361
25995
30292
20285
3614
6705
50356
21458
5753
27891
3687
10130
26983
36714
9102
15633
51234
18837
18127
25455
27463
28331
2528
7885
33755
31523
51451
40258
49106
1810
45060
26595
24791
14299
28425
50946
34482
42929
44920
13197
25891
50446
25011
32157
20456
23544
46020
5450
7354
19598
48121
17016
18480
39642
25921
8923
29626
14759
37116
36352
39675
41467
50205
27554
29388
8097
48075
36393
37487
43656
30279
5648
2321
23806
32847
31324
51367
28849
32531
922
21169
43840
27703
8573
2783
7968
36926
20793
20379
13255
5467
12523
37652
50935
48556
4354
26763
46734
21123
7226
47901
20923
8650
43802
27137
37730
11108
5251
46530
8558
44822
38868
10570
19225
24091
37499
24489
11849
22979
10349
5198
11760
31424
8533
18225
23602
8605
13823
35677
563
39821
30485
15651
43445
37532
37710
12953
50806
6180
39388
13515
43390
2490
5667
11832
19584
6118
11188
29504
253
10596
48056
29705
18942
50860
50505
46490
39871
25574
41081
4155
12231
26123
37892
9857
6868
22088
39193
48020
36433
25777
43321
14538
9389
47296
27190
34859
12482
32593
36950
27381
33603
35175
11207
50015
48092
19459
9268
24779
35746
38553
25763
116
38867
28169
18201
1452
12681
27634
19875
4851
27740
50385
14824
36598
16541
37608
48409
12572
1750
39786
30402
43752
3545
12388
4311
28280
28876
44942
25272
30012
32526
25347
50848
6169
271
49809
33415
19519
28203
4212
372
5995
9707
39379
8948
51338
48609
46141
13628
32004
2228
32893
22251
19810
36016
7652
8958
24660
3225
46181
19940
34422
13211
6374
3976
47410
26881
14
110
50585
13025
20272
26732
10891
30816
51200
43372
42651
43335
32170
46694
26451
29152
12778
21823
41700
49894
41132
16032
6731
10936
11136
7662
3541
45673
19166
20377
12323
11736
961
1624
30920
51450
3673
7793
5925
25189
48632
32010
33348
23841
194
37685
44648
39992
29749
48971
27876
49392
1330
7115
8925
34917
23311
37328
36627
36189
43481
51552
39655
5185
23519
36001
15796
9264
23892
3194
51169
38343
43920
25024
4474
19043
21723
51111
19605
9614
42102
13556
2257
5919
39970
43304
43233
32883
12890
44863
12361
23488
42478
23853
30248
39812
30039
13286
22729
21417
19591
35023
37418
23556
30458
5679
37000
1340
14703
42690
928
48836
15347
49049
34438
39652
26952
44745
49466
30052
31127
5274
7707
595
14876
19768
49086
6917
41927
43674
15799
46526
22414
46172
40290
42307
311
38449
17591
2978
29234
28811
28370
34620
14603
28195
5852
30773
23623
28097
39217
39068
16988
29849
26187
30269
22227
24464
10257
47602
16973
41478
30121
45816
36159
5445
34033
44533
1658
20007
21618
8733
19128
40689
8734
7816
18362
23859
8508
43062
9037
22572
42237
45399
35063
16879
4613
40227
35363
7479
34826
15070
34617
11875
29988
35796
14995
23844
32941
49009
7205
29364
42892
42586
24138
18617
27687
26981
5737
5215
21648
4538
27398
46537
48653
46776
44823
44243
14379
47295
10176
56
9788
3562
17519
43862
3387
19554
30322
29412
1936
18467
14254
10547
8822
7194
27832
50815
11581
18770
50114
25047
10610
10659
25058
29816
21021
42822
34433
41611
11584
8592
14893
34440
48009
23512
14905
41549
13087
30289
23727
1303
1826
45851
9559
20477
13148
34030
51399
44918
33695
1292
31629
40061
35931
46332
839
821
47773
15797
42873
3578
11762
7397
19207
32656
7862
282
6444
2725
5181
14620
44524
22232
21083
14671
48200
33321
2746
43333
15706
16981
35808
2328
13762
11701
15718
24591
38670
34674
2502
13133
45169
27384
13265
34938
23239
39364
27847
32442
48664
32590
30784
48382
46534
29165
18371
14313
49457
3883
51392
45476
45042
10420
40631
32388
5277
36570
40170
21840
20995
18668
44010
28090
22345
19717
28290
42303
87
1827
27046
8618
11290
19340
9248
26
33009
26775
9350
11090
6987
44107
2709
22577
3618
19991
44357
48412
22666
45246
17595
36392
26638
3176
43286
48577
10949
8343
32425
6224
22624
32650
26872
45904
11254
10011
36309
46979
17883
40975
41228
11022
604
33399
24017
6161
7599
26832
27689
340
3280
12061
32018
19110
16364
29655
1465
32342
36715
47738
8178
20023
8165
13642
28733
39234
482
20464
32680
38767
37177
22347
11648
46091
49493
7308
35846
32353
46007
36404
1005
18935
33920
35504
40680
26389
41492
47687
5999
33287
23993
16179
46197
35190
22654
20413
38245
33994
2692
45779
30650
553
47391
37193
5623
6001
14018
26542
42188
43029
48905
5585
11423
47408
16244
23570
49356
49101
14117
31828
17284
41054
21906
41661
14604
16515
21081
43301
13668
3266
46672
42407
31278
23553
34511
29700
21788
44307
40446
33400
29245
37398
23384
25419
6245
38073
871
40259
26409
35202
20800
41701
27361
10666
50004
35930
25854
18000
41521
28190
48230
6011
30800
45262
23697
16852
9053
42261
17347
35391
39383
7271
10926
48401
25900
2574
1932
22918
2940
35266
26597
39832
23450
40695
9085
12444
3397
6210
43453
31449
23719
17457
24648
33951
15393
16827
32741
36861
29014
34182
21942
36052
13974
8762
31114
23264
41655
42486
40049
49480
38157
32934
3548
50553
18763
36473
2839
42141
35335
44947
38043
19440
44627
33071
13507
35756
15433
23159
24194
18472
10913
20086
37884
9802
21843
12393
38937
36258
16927
43056
23163
1514
37190
2886
26991
10837
8171
3799
16655
47439
1252
40527
49541
46796
48249
42987
11450
9188
23001
30713
2511
1868
46155
33883
9233
11836
41461
14903
30191
35711
21923
15923
29376
25205
7728
25341
38603
47207
35481
21806
9809
11119
3889
39064
6318
6692
16215
24810
34286
11200
634
20936
33702
41279
40106
6272
29248
44228
20544
15371
27510
23435
23609
34034
6518
11313
47184
16075
36928
24417
30153
45383
14137
27483
13831
34453
36242
6310
33478
27992
20706
6615
35598
20260
24999
17426
46492
35405
33463
48820
28315
8029
1285
45184
30341
30611
5141
14541
9758
49378
13616
4992
13238
34833
13169
22792
8809
39386
34058
10325
40512
39263
28120
24537
47457
46828
48381
50187
30905
30379
33244
7857
10232
45393
49972
14798
14349
34906
46361
35427
51434
8248
27367
10481
34055
41355
33576
34116
43047
30850
28635
7565
40856
5429
38052
31058
43157
30344
12892
23185
23599
29249
34403
16923
9713
51538
16925
42391
51240
12427
30334
47944
16419
41606
27458
39408
1808
33290
29883
18177
11940
45327
18661
8988
49324
19631
34212
43001
15095
16238
10999
28085
5124
34111
14285
21719
31624
262
32532
5586
28607
7444
15949
8640
41524
30515
2742
35821
27427
11405
43501
40335
47910
43420
29582
24035
20843
49335
9642
40463
49670
51183
50298
31377
45110
33437
23303
34724
29420
10840
13262
3290
24201
5800
5984
50941
25040
1570
12827
1528
15441
32649
1595
45679
23813
28289
37264
45802
8047
51402
47162
41552
50162
3259
50694
25438
22900
20076
24513
46845
6550
2858
10396
3613
7598
13368
6047
17593
40053
36996
4864
17339
24783
41090
31917
39075
50342
44456
44234
47511
16496
18906
30316
20705
39593
31556
35647
22651
29657
27237
34332
19501
12222
40138
5855
37627
38699
6508
46326
15795
32073
536
25328
41447
46493
49550
2506
23819
723
50515
18442
41352
26163
29075
11238
28061
27601
790
1963
25055
31607
27083
8276
22136
365
10662
11696
50560
11726
29042
18618
17685
37342
49464
21531
41603
8712
9599
14557
37745
1013
26171
12777
3832
40749
47799
14100
33475
51016
45544
4244
29452
18400
3637
19157
31374
38056
37199
373
48102
14549
48454
34150
46726
16010
48945
19088
18474
28103
2123
17291
13559
33846
1152
26967
25847
17515
41698
24047
34970
32699
40130
15420
14894
39279
28578
4797
25819
28302
23134
9656
31269
2856
10782
35387
16956
20671
13056
37680
30490
142
13590
7845
9148
28460
10719
16539
19375
22366
40831
19682
51097
8776
16422
7286
33485
41384
39094
48182
20718
47436
38569
30040
20259
34947
11844
35242
5930
37051
3742
43930
42522
10125
32770
34997
38664
48079
39677
15226
44592
7554
2803
45555
26663
14670
12837
2817
38143
20512
30991
31074
1050
19759
27318
27176
21878
24633
29693
21477
44551
162
23093
11269
48379
16747
13853
47157
31926
7938
17986
39316
23588
45059
4816
30976
7125
13372
27474
20469
30917
48310
8715
45651
37994
24501
38302
45525
40738
21571
19154
1105
5374
30532
16247
38727
3881
43085
2631
11443
10231
45149
38253
28867
40591
38403
30508
41071
2240
33768
46824
39335
939
18978
17815
44306
6081
25186
23283
33896
12934
22692
2379
1268
26285
41040
19062
33964
20256
35154
35212
25195
4709
18793
17059
28457
5271
23242
3189
50239
44459
39454
7246
41021
51374
46611
48851
43935
36418
1294
47967
5528
7285
38968
1964
31407
21849
44037
21954
40860
30390
24945
24553
5983
44961
10918
11564
40773
29061
18506
2617
49403
14080
43072
2569
37595
22652
31253
10338
23407
50882
2078
9597
8234
51179
26912
11897
41354
2481
13163
26400
1070
51090
628
28284
33742
51695
32351
47600
42506
7169
38891
20927
42641
40940
21974
47096
46907
42464
17484
14934
32289
51385
37985
38384
34672
48634
32681
24163
11941
34142
31258
24927
46189
6171
11942
45901
38327
32581
48849
31528
40078
45878
28823
26648
14352
24402
36624
44245
6292
41066
43607
8843
1091
28517
12634
12599
14966
40208
9780
47743
25624
40351
2404
32493
41978
27542
46547
3201
3969
45665
34265
4444
15031
37823
5150
47795
38862
27646
51358
16812
44703
37988
34649
51600
26391
28592
8483
21687
49090
31707
18022
21761
45773
11021
39946
3403
29554
3678
45134
36472
14808
960
34373
48327
47373
38611
24093
23541
18981
22629
33897
23511
9450
5479
15834
37778
51477
33413
41003
7152
31728
29096
39975
3659
14509
24618
14637
33108
11235
19212
29389
14940
47802
18220
50339
15289
38957
5730
38851
32861
5535
34184
46366
34154
20251
18599
25191
25313
238
30860
39669
18686
50915
34132
8886
24020
20607
25810
34513
10331
10172
42402
28496
36390
1346
37970
1476
48250
39660
14363
23042
2195
35241
7902
17856
15473
32955
26615
3853
25125
9284
46453
47628
22044
33223
8838
40604
39949
1713
46032
25529
14003
26246
34896
29183
35932
51545
35723
45016
35650
8195
31833
41589
20313
13745
15950
16538
27064
7358
46496
19164
16765
26758
11959
4412
35951
6606
32243
299
19012
45485
51530
30863
36375
27323
49511
26230
44281
5035
18857
51024
13951
17945
21371
9933
47777
29901
22704
34563
8628
6220
40457
21585
13239
21934
23876
40541
7567
45128
20939
32274
50309
30273
16212
24747
37170
2661
36494
27214
29646
48236
13621
20325
36063
38660
42314
35934
20435
3487
29968
49659
38029
27868
34829
27041
5598
12987
44711
34442
38216
4969
2340
27478
36193
11181
7355
26559
1118
34618
4395
418
33344
42058
4052
8884
17249
38229
49557
17745
29668
33972
7450
470
17402
4193
39154
12943
9357
17374
13302
33523
13257
7477
25358
27861
32258
5001
7252
49412
22106
15435
580
21091
25596
32992
15334
5020
13300
38338
1066
3379
47071
4077
33998
21389
22687
50502
3571
17302
15201
21064
21502
16692
18812
16184
31693
400
30007
51712
39811
30726
8150
12374
15974
8684
28514
45642
21084
10858
44688
41873
46844
6434
18244
7485
30856
29018
50799
45133
26900
9383
10508
22662
21201
2109
7
24329
24180
40675
11257
20850
12084
18391
21210
16
25446
46557
19520
47392
5056
25330
793
32316
11157
28839
26852
10241
38188
9385
39076
40890
32658
50826
19437
16909
12632
27886
10354
17116
23803
51560
34005
6303
19981
17102
34045
44355
11208
26583
25944
38617
22620
7237
21527
36147
45321
39858
44078
22509
20486
37672
36984
51210
17435
8526
34720
9477
32742
32485
31568
47067
39458
412
29269
34574
36687
45990
24587
13061
12666
23523
16125
39770
23947
2854
13068
30955
41148
22004
21029
24804
15284
20644
27456
15130
30393
27933
23651
19407
39394
24914
2467
41988
2759
19360
51412
12942
37600
5668
32811
5749
8140
39598
5929
21550
47590
51440
6986
13530
15608
30161
17165
14993
49934
34525
30538
29321
24442
44985
24271
1114
1510
18280
44119
42088
4726
39349
38897
14754
6002
25612
15372
38075
26745
49952
27949
30980
43016
13326
16459
5452
2112
24216
14346
7331
10482
31072
34758
30825
2254
35444
40878
7046
2347
28346
21423
44229
33744
46840
17109
10878
30758
29692
10941
35807
45926
12718
48886
38135
15684
40756
3777
1017
34015
14006
1562
33324
16908
49709
50877
50851
49798
18682
34700
51010
443
18245
517
48347
15596
6092
35277
43147
48675
26361
1567
50886
42630
4202
44677
39184
14858
42293
15670
11260
29267
46750
7255
47217
42246
22000
15114
26215
34
48677
35265
37165
32661
39881
11083
16878
34366
7665
36354
38977
9699
20952
25406
19355
34344
44347
42698
25021
13410
25284
38752
16001
40963
33396
16321
30523
41727
29191
22016
17114
48241
48808
23816
2216
31554
47415
34241
50697
15153
17755
16510
3401
31442
45234
36881
35836
28175
7160
1320
49954
36699
26264
15663
18060
41795
34612
35107
268
14640
20215
8669
1564
22954
14129
38679
46889
3415
20491
1136
41526
34795
19441
49512
36522
16242
27400
36952
5203
48122
48167
11650
19610
26977
2107
34518
9853
49561
35208
25043
46707
15511
36713
21309
25562
41154
35699
50903
9082
47251
30314
34608
21835
11075
45815
50846
50337
15739
36504
11874
5097
12360
23937
20429
49641
28278
42837
46902
17507
46369
32570
24051
10773
17524
25698
21768
29542
27680
13522
17753
48948
39055
39824
10609
40091
13791
48459
28224
67
50653
45137
49724
24951
28036
40086
14841
10236
46667
2162
51117
13317
45407
5843
24756
19919
40068
24986
49603
4463
15998
1375
3692
25976
16730
40515
21682
22009
33289
23076
15957
22965
48592
30242
48157
29236
6301
154
35017
40834
42833
25515
51304
49819
30583
5704
9590
5114
41302
36540
48396
31030
50673
44932
24424
20702
5404
16279
49259
8821
35644
6629
134
48863
6623
35576
39991
16401
23493
15555
24703
15690
11178
2754
487
17276
8756
26175
6814
9399
51654
39309
24107
9845
18350
28721
36866
12831
9069
11917
8602
15966
47476
11066
38479
34605
32721
2274
16231
13477
14125
47893
7921
51079
3556
44071
40505
23714
27238
50559
23240
23083
37682
46660
18088
18383
35659
19289
43632
42625
17162
32099
26689
6385
34881
24042
19492
909
15809
33707
9184
9637
34853
37836
18742
17733
5487
29613
39399
18255
22928
49620
13852
3745
8946
32676
36436
6393
6905
30561
20725
45849
25736
7054
47150
662
47211
42631
6015
46976
47166
16782
40289
5459
26498
2566
24086
18730
14666
14517
573
26736
6255
9108
9047
38385
23243
21140
51562
36895
16740
35985
4928
14443
39305
33690
21365
43044
8790
44322
51149
12614
37879
6788
15784
41996
14030
18485
27492
9317
35702
30431
1982
8198
30069
23050
22114
7853
29587
50415
5507
44432
46249
34299
32795
32540
35794
29091
29205
10722
36164
30507
38798
38122
15922
43547
29959
3494
30095
27924
31011
29259
44983
50617
7895
14931
33428
27745
28758
13708
27528
5868
50863
43805
33559
12665
49915
26788
3140
1016
6785
47713
27266
29229
7142
3340
8458
45690
43040
48269
7683
43822
10078
44686
51006
43533
14282
33204
3156
34978
50072
13572
33228
45165
1693
39760
44291
38341
48035
5924
41181
1069
44591
34486
51563
35199
6211
6662
19816
32824
45056
5511
15415
41794
24215
3009
7018
47577
5728
26363
46318
36839
49354
19865
5839
50145
6103
26282
21205
44832
46998
11682
25514
40634
36887
22732
38803
1347
44706
17505
1505
27378
7427
15142
5694
33980
29589
2065
16707
43076
38628
26466
3544
21639
31638
2782
42973
14889
25009
38533
43806
15260
3127
32261
23800
51395
22026
32268
40753
20994
4625
11925
2947
30190
23012
2638
33623
3226
45592
21248
24096
41000
18938
18117
30969
37155
42050
20167
31769
25838
22426
23275
33434
14888
37118
23014
44481
47663
46805
23923
18921
28386
33772
21955
23088
28667
35299
26523
21048
39009
17710
46024
22754
46260
44156
33233
45491
20173
27020
44261
9662
47861
11749
16967
7144
21061
13182
40531
46740
50701
26099
3702
31205
30699
28596
25083
29834
5070
8172
1619
38300
22904
25135
27584
29994
601
11647
34171
40267
12852
24299
41091
15055
20061
46462
15431
39294
32046
14152
23721
23222
24454
48466
9505
33903
51611
44674
20817
46489
15904
41475
48883
30763
47731
44516
47769
9817
33705
21034
9243
30339
26573
30482
29769
599
31799
17432
35419
15010
27711
19330
45509
47092
11070
43186
10418
2918
3337
1180
41523
21312
40013
40787
26677
11828
31512
856
7406
50022
35728
12402
38488
30648
30540
49096
8943
45455
22460
6971
51337
40857
9314
11867
9941
6800
23013
18230
14619
1183
24347
18576
8950
21526
4973
47869
11548
25310
21893
50425
45980
38929
39218
33297
16901
10079
8593
7929
22851
21225
24700
50316
27815
3962
27222
45991
29648
10417
8367
2557
36265
28980
29952
20904
17417
38238
20453
4862
32979
17901
5940
103
36894
30415
7276
8129
49193
35777
1230
40251
24493
40793
45150
33469
21045
43231
9950
49318
2084
14792
31185
2035
51285
31619
50127
4013
48816
26496
39911
3966
40469
29681
40892
8374
5884
41937
20996
44837
14076
5762
45198
48802
22770
31676
37416
31831
38720
12753
23517
23632
6311
20347
24313
43561
10984
14656
29572
13577
23878
45766
3779
27892
32194
32809
26818
39817
40051
37621
34123
6815
39072
12043
32813
33570
50931
48625
43385
1414
38615
37953
8777
33649
15628
7998
4466
9171
48034
16232
35414
7269
4033
35954
38158
6839
31132
20390
49179
38070
32031
22998
29475
14941
26483
39914
360
19213
2884
38719
20871
43034
24479
46555
4558
51441
29114
39352
38465
11558
25022
16766
12458
30264
47990
22267
27195
26541
12050
24380
3021
31949
47268
23413
37109
46365
41288
28365
5615
31851
24048
23889
7779
29466
15034
47709
49595
45804
31761
29226
48504
38711
36470
16834
23595
47635
2905
46079
19657
22053
19600
15973
36922
18854
47202
36775
27725
40824
48507
17151
36754
19932
46004
10764
10470
8064
41982
421
50624
14898
7235
5346
47681
32409
1324
48987
45281
28279
18369
3551
6819
45244
3967
10277
26644
36195
22836
5795
13547
38322
29949
29270
45492
28789
33482
35099
14121
31823
32374
24511
7553
1908
49882
31270
23917
27605
33016
25493
26014
33442
42663
3281
41075
13610
34755
50599
31167
38645
29932
32864
17744
38750
14621
29996
19702
8453
50252
18923
43035
16240
17126
36098
33310
50712
42144
21244
40155
36883
13587
12005
12433
26687
25560
36184
11531
12083
5379
11739
47243
42695
27018
47472
19066
20015
38882
31813
22109
35251
10498
49248
37583
26369
21734
46057
6125
33312
2413
1865
4431
4233
14354
11493
21524
45031
50148
20208
13187
29115
30616
12924
18815
22766
43060
8986
21722
46094
17123
51607
1427
44338
1115
4274
27114
32096
7178
9854
24615
47334
31842
36253
8399
18096
34210
44166
31446
22256
26203
1078
37784
16076
16260
50254
16814
35255
210
28379
5888
41593
23593
50469
38848
22061
42198
1530
38855
4549
10106
46606
20062
41715
47324
19232
951
2974
21834
8571
21483
42027
51413
24924
18012
7892
12621
8147
48329
11565
40916
13495
35592
51443
16427
16954
29500
19420
3679
9710
25534
37883
2057
29570
12190
29711
21551
6582
43428
