0
6
11
19
25
30
38
44
48
57
63
67
76
82
86
95
101
105
114
120
133
138
143
152
158
162
171
177
182
190
196
200
209
215
219
228
233
238
247
252
257
266
272
277
285
291
296
304
310
315
323
328
333
347
352
361
367
372
380
385
390
404
409
423
428
437
443
448
461
466
475
480
485
494
500
504
513
519
524
532
537
542
551
557
561
570
576
581
589
595
600
613
618
627
633
646
651
656
665
671
684
689
694
703
709
714
722
727
732
741
746
751
760
765
770
779
785
790
798
804
809
817
823
828
836
841
846
855
860
865
879
884
