2396
21043
35520
7326
20829
3092
10547
17183
3570
181
21337
20835
20939
17611
2538
28600
11373
29563
33792
31560
34831
34900
503
1810
7591
36291
17332
12127
22582
34239
21638
24704
23531
16341
11462
35591
14627
24170
18912
24510
27723
9863
6691
4172
26320
10805
3748
30286
32119
17594
18587
15648
23909
31736
13885
17157
16107
13364
36164
21920
33426
19540
32350
12881
33290
18184
3357
547
3058
16239
28827
37175
35678
2742
16833
5706
2337
1181
1685
29012
26157
24709
33633
36388
8289
8322
6527
13080
17684
14537
13853
5788
33452
27971
6191
11166
35734
29026
9598
2490
36763
23224
33701
5392
2163
22361
23703
31920
21646
21176
3156
12421
2144
12314
10481
32865
28211
3777
13591
25952
5007
24949
22962
1848
15763
17412
872
27869
7176
6450
12149
20342
15761
414
26898
32112
36778
28678
14332
32528
12607
9335
17424
22413
30212
11372
21486
11798
31674
36048
29975
31673
5317
29518
8712
1388
21432
6773
30868
37034
4137
18860
6751
30582
17302
5638
16216
14391
5654
7765
13964
18471
1832
11035
6022
23560
23754
11302
31211
5903
17334
15416
5032
30810
36032
15626
20808
1628
14730
7539
22818
25708
20569
31189
22787
11426
30194
8493
26433
29320
19391
36482
32618
34542
35132
18405
25191
17741
15159
3014
24516
15231
3013
13350
1915
14071
13471
11493
20116
122
14159
7961
25947
21494
36103
2633
4474
21276
11853
30228
29625
11060
2377
10692
20543
27504
5856
33040
35335
15782
24312
25028
16724
10998
34541
28741
16418
11871
31200
25042
34446
5943
29421
29187
31571
7860
9709
21098
23070
27434
11675
8980
19152
25821
8399
11364
2509
6417
28791
22817
19073
5663
29932
25807
17823
20102
27871
10073
29398
8987
4694
23712
10181
4498
9794
19935
919
15801
26990
5414
13129
12141
18546
3682
8522
1203
1431
33033
3671
33493
14444
18166
4610
20695
15248
18506
4985
14008
14473
5776
8899
30946
7120
466
14994
16346
30383
21916
32888
1006
1506
28071
24303
30954
7128
33928
7409
34975
14351
17165
19512
23038
22735
25439
2340
17669
12379
4001
2082
26179
6542
29762
19155
29919
23061
27347
35091
26236
29931
27262
15067
15845
25080
8394
29022
27090
15186
8487
15992
31872
13852
12468
20039
31506
9540
32913
13278
10147
15919
27997
32583
23322
32745
24154
36831
9789
23688
34873
22142
11521
10971
26465
6690
25260
13027
16139
9818
7234
29628
13859
19821
24749
17464
24896
13764
35173
14638
20761
20089
20524
958
15787
19175
592
4563
15156
6674
8857
1645
35472
5229
5569
7390
14253
8829
21174
19666
11749
19664
3888
33690
2484
15215
1940
3631
25828
21253
28594
5926
21781
5241
16371
17522
35430
30433
29815
27305
7520
4636
20134
32817
11085
20192
32427
21561
10319
21059
21671
8578
28668
20378
30484
24662
7269
6305
9071
16984
12318
19669
26450
9086
19529
5323
23942
31595
36755
29469
34601
4574
25214
2352
14223
7685
20660
29937
1363
29617
23785
2936
31207
14745
2577
11406
2990
28014
7672
32869
29678
7301
11274
11748
34353
5158
31927
19643
2553
23650
3622
1146
34056
