30776
9522
5297
24666
24903
9991
12832
35261
14464
5361
6423
34273
25465
30726
11805
20211
19255
4983
31678
24439
12739
15003
26392
23706
4302
34840
19681
30759
17194
29869
2609
28216
22841
37672
3554
8643
27042
18601
30211
12168
15351
8611
258
23953
35758
28098
10528
5216
4294
8563
5867
26626
3510
28893
11240
25948
36334
26144
32079
16676
430
19221
8046
9470
14524
5596
7750
9080
827
35629
8334
9524
7201
6466
23812
28347
12400
12295
28337
4726
31724
1275
7289
17491
35552
32895
4664
1051
30442
20651
35034
13265
22182
1097
17826
455
19376
31020
28742
22263
9351
28990
14629
23436
732
2882
11736
30078
11721
21011
13890
361
23576
16003
13042
32281
17388
28829
9020
37588
30079
6509
20855
4495
37614
817
29736
25499
35361
15842
31996
10607
27296
4779
11513
29009
15428
22239
32245
12218
25331
27778
1999
8062
31056
19445
10125
5362
34520
7650
11115
30686
5811
20783
20995
18974
16329
3159
11309
3903
18504
410
23293
34702
21065
15399
18598
24027
1478
33862
33249
20396
16382
28352
18234
23961
2822
26213
4334
8873
4672
24571
4760
24917
31789
25434
30035
25736
12620
19454
7883
13169
1352
22308
26429
25779
25069
27551
8628
5351
30758
8512
20331
24049
8364
4295
10331
19209
25803
13500
14158
27855
28882
26917
1167
11121
20170
24533
18711
12762
7937
37352
37170
31539
14388
14545
35975
9960
17671
20691
32575
3107
11032
7287
22196
21344
2335
5921
15633
16007
10139
13956
5748
19837
1400
9284
22923
20964
18818
35239
31395
18344
21720
16297
26014
6982
3495
37154
12975
32025
37261
9408
27699
1107
34589
1880
10444
5510
31184
34887
4453
30004
28214
27141
16554
30277
1834
35752
13054
22426
11163
22243
11948
14774
2800
16194
11025
25137
26475
3000
25747
7932
27956
19039
3095
11671
36507
20665
4357
12598
14440
3098
3852
23064
18008
36711
5080
24337
15917
24966
15485
13696
3105
29349
2207
16861
33880
12181
337
34455
19000
28631
37627
21400
18482
138
34095
23719
16944
20652
26076
26027
21533
22343
35444
28279
20124
12395
35044
27161
34029
8260
27435
18177
35891
10437
6132
18127
35716
3773
30725
19560
26036
36476
18230
20459
18534
30814
2685
32810
6439
401
37047
17543
33458
23194
32707
786
26858
11541
28197
22267
29671
28779
36159
3579
11306
3845
27704
63
19160
20627
27903
26121
23730
23832
19639
9667
12650
8920
8793
16196
36998
26194
17663
36969
1996
29059
24979
14419
27011
994
12020
37383
27979
32662
1644
3792
2455
5768
27526
2103
16271
8268
4895
37365
2844
6266
1706
17276
14370
14386
12322
6107
10367
34299
14947
10051
1071
16647
3587
31052
5913
3723
33239
33819
22911
14248
4079
7431
272
8248
10886
7432
6726
23524
34555
15340
27401
25530
19575
36405
8081
36582
6703
25627
32309
217
19011
14063
21382
35769
7159
12631
28274
27553
28490
11377
2518
28903
21049
20677
11369
2282
8197
18161
25934
8432
14205
2469
1528
31990
19213
5701
32339
6405
13266
32179
34225
6886
36587
4505
15572
3310
31179
23087
34211
28844
33392
18370
4330
25205
24574
2602
7836
7805
484
34183
400
10220
19257
7785
33795
24003
715
18077
3428
16497
21552
11526
3559
16617
10577
36947
1935
19728
6949
11028
6282
11716
5209
28281
21795
23405
5169
5914
7382
23894
12873
25134
28557
12990
28865
4558
33589
1812
6277
12445
29796
31998
8324
19649
10410
27481
5365
4808
12693
11267
36950
33246
18707
1839
17144
3454
4955
566
13299
32409
31333
13820
14635
32223
18728
10083
4090
32682
20857
24199
35701
18631
15686
284
27221
32623
28408
2666
21345
20833
29827
4304
7311
12204
29074
11568
28480
35391
19398
10151
24578
25861
5253
29832
13379
6868
33785
33076
25507
22740
7649
19705
14356
27810
16585
10645
34119
14046
18613
37324
34562
8026
15284
8149
6508
23177
5904
24851
35347
835
3938
25429
158
29201
7082
33853
14290
32986
21209
11038
31550
35452
3427
35721
28361
22379
1950
16137
11486
26000
27545
20337
25243
28895
35130
4911
15900
28511
17389
7657
2815
24285
2072
3252
8825
15596
16343
4011
29787
36522
15332
7150
12347
15405
20936
24782
13483
30760
829
8834
14203
29597
8742
36420
28392
20393
5201
18760
12087
21862
29550
17106
599
13953
34060
11617
3917
23252
11472
26427
25926
24994
3976
1215
3287
18568
29761
18045
27543
9047
35118
10532
30374
15568
4945
15128
32624
30457
32877
31357
32395
2709
9606
18047
26580
15610
20072
5285
25942
7668
22594
30998
2619
1377
17043
5004
15972
210
29400
18673
17574
37638
14951
37501
3031
7673
25216
22126
29046
7440
23794
14264
27414
17297
24021
12327
3546
15950
13196
28875
37534
34712
10400
643
33205
2432
5594
37291
10726
31662
2605
34700
9619
15353
29275
18092
816
35074
11505
1652
19103
15532
22506
34995
23656
16789
35966
20600
21734
9251
35633
9211
11169
7494
9754
7861
33776
33331
22936
31437
22652
22217
18898
24141
15037
10347
10443
7406
14480
30169
30963
28366
10690
22984
19466
18472
18164
31519
6748
9295
33670
9460
16466
25102
37023
31959
20249
15859
19231
787
9871
22619
2646
19439
35538
23325
13485
111
1835
24191
25167
22051
25680
26288
27185
1699
12261
26198
15689
35357
23332
25847
33086
5154
29805
19580
19125
21117
3102
28447
16451
5332
30469
17931
26736
13322
1456
30807
37478
11390
36767
496
32589
1582
20674
21234
28453
6391
4161
1632
23214
24431
781
27462
23438
17306
6072
20750
23766
24706
1971
28342
16305
34164
4689
11222
18979
24941
34445
28321
7824
34911
15153
15791
729
9138
10266
6625
28038
12511
4384
28526
26148
27722
10204
27913
22851
9134
22714
33353
34535
4087
25392
5683
16423
2999
8814
1658
16552
37369
2837
29908
18317
806
1649
1964
25411
848
19672
8110
31668
12509
345
21997
22820
23672
11099
19144
37502
8018
3343
17775
12070
10276
12831
18024
120
23993
16623
14823
18562
36346
24629
32254
1384
10080
23193
9520
33482
2933
32959
2002
33898
20417
9719
17036
5960
14728
35059
12920
4020
11650
6211
28076
10007
5515
7610
30918
14323
18009
33084
30861
5374
8596
25423
10206
28046
18911
5174
32892
6917
8391
35230
35085
21730
19045
26142
37525
8461
17908
2961
5699
16869
15501
19365
3186
36912
18557
3404
34110
12510
32286
10950
17251
12374
10767
5647
11945
34421
22284
10754
2019
1219
8995
15258
35002
32582
4686
9264
7797
9654
35912
37265
16148
23641
35109
6729
4789
26160
37387
1588
23181
9792
11047
2630
2718
26424
3645
30883
24249
30897
23842
2292
16444
11811
12763
35226
12991
21708
15424
26435
7546
34196
29583
28437
10280
18079
7328
9669
14716
34071
5752
3090
28360
13688
14247
21679
33875
16870
21963
18951
20418
21830
13682
16905
14261
11090
4719
36102
23459
32527
20541
37287
5732
15314
36256
16547
31252
7579
1063
26216
34483
8244
6089
17526
26967
21460
6287
31134
34967
29713
8709
21511
6159
26368
23602
11405
10352
6398
17378
23624
36213
35618
17045
22815
10837
36594
22512
15902
2949
24258
12165
23725
3737
8426
30602
23888
1789
7378
2387
22476
22871
35417
27345
37679
21693
13328
18817
6367
16086
36524
32866
2873
10062
33233
18442
14003
16409
9955
2585
34653
1847
25638
25933
22731
11717
29697
3758
23727
33969
824
35047
25725
11608
32978
2112
17889
12729
29007
8337
21888
16160
9499
19904
2055
18478
9604
1823
21755
77
3172
27648
22854
32369
30313
15410
15080
17933
770
6440
37511
13833
17546
37258
3127
6149
20248
33985
27726
10006
2181
16950
8655
988
7279
30013
27104
35140
14456
17607
29845
21166
867
28351
35274
11219
13815
31217
14670
17423
22890
27952
5339
2418
9136
36739
37117
33966
10337
32276
14034
19853
22678
28388
8241
3843
23568
31706
27195
30018
29471
605
17398
11196
29233
6218
26447
25179
10316
26817
8400
9465
17477
11312
31777
34427
12915
18081
5803
8095
33044
11375
26624
27060
194
32867
20387
17928
17395
19862
2623
34432
19446
34848
8768
32772
20184
20867
33904
25907
36330
33747
34210
2098
3653
5931
21258
1142
17030
21823
13004
28469
3853
31231
31255
17327
9094
25997
25651
5551
4920
6334
23266
15205
11999
18339
10905
15516
21484
26993
14835
4408
11893
5986
22356
24867
32764
3988
9276
15565
5709
31038
35446
14780
29191
32688
30627
19776
19704
30669
13590
16029
17483
35800
16020
4220
14789
30161
22863
13510
20471
9316
2976
24206
25733
7665
29965
35595
4502
5791
10614
16642
21453
9024
5346
33687
25272
31988
3114
35782
30639
32789
35245
35246
10037
18512
11082
28540
2733
16987
36371
26875
37315
32784
5818
6397
23625
12751
24020
34583
5143
36266
17809
12894
4961
34232
27046
31403
27105
698
30263
3005
30030
34374
14910
5262
4256
8816
1635
5034
10411
34260
17935
532
33297
26821
36369
1234
15767
19289
15403
467
25412
20321
8565
36356
30172
2006
10018
32151
84
15681
36036
1864
34739
20128
373
19622
12465
7609
16583
27048
22002
32109
1619
15935
20819
35897
30645
4465
16668
12816
10513
20286
2519
8173
33597
3416
11585
30200
5935
32382
23117
11409
31949
15261
25592
25873
29675
18343
28069
24079
995
313
28092
34463
18642
30786
5379
24601
13880
20498
12979
27584
31908
4048
29754
22363
27550
14876
27547
21354
243
35564
29115
7178
33611
1061
10536
16090
26604
5800
33230
6243
11104
37388
14222
8867
25159
11257
14611
25974
7821
37601
3061
7714
30557
36104
27950
29936
3900
3528
5713
930
24404
13511
2922
31197
16882
9683
3931
1893
20014
24371
35298
21896
20254
24502
6077
1487
34365
1784
22468
2826
10464
10926
32969
16937
1068
11985
22017
16788
2691
32456
18137
37463
20740
32783
21064
22692
8174
37459
34322
17141
30341
34823
29485
35821
29568
19571
24481
14958
23154
21229
13132
21418
25983
16424
34361
31566
10384
30270
35609
12517
21107
27559
26101
15084
156
31991
14069
37109
7165
27694
26214
1260
23485
1742
34240
28055
10524
18664
2669
36140
2281
12482
26653
24140
20679
9036
18983
253
5312
33413
10441
27421
9962
4217
28435
15289
21426
36323
4687
15358
32876
10650
31605
29001
27051
30641
34857
8211
14245
18943
22673
6206
17414
18217
27842
31440
29804
8569
27165
18220
13850
22680
7682
9461
2948
22992
8735
7231
15160
19106
29265
28618
5745
32692
36182
21138
27626
27269
19550
29073
20112
31712
10889
11356
8796
15138
30168
23033
12051
11517
21860
37695
4766
27821
32271
1452
13199
10303
17227
23757
10070
20966
32371
4511
27520
14373
3905
7589
36239
25773
36160
866
5342
2186
3893
15857
22568
35570
25403
6453
9682
4677
31175
4050
34571
17287
24226
22701
18216
6724
17435
13640
11997
16933
19310
22495
10955
21323
28126
27119
12814
32981
27137
28847
9245
21310
16755
34950
18413
10757
6256
11203
31383
24443
22513
9114
25726
3462
8960
15483
21798
17248
33133
5975
14543
874
20890
18915
17897
6141
8092
9857
30565
15883
8223
7416
34175
33799
32437
1023
37231
21520
28446
183
29543
34281
193
27713
7493
10119
1193
4696
2854
35028
12028
4722
20749
29674
14696
20322
34659
419
27717
590
37279
24952
5033
14852
33860
1197
4023
36801
35291
19369
30280
24098
25071
14877
15006
27469
24696
682
22001
16075
10249
4451
19150
13555
28801
32114
13985
1709
17830
15200
25689
701
3077
22852
29603
13987
21812
19764
37103
20647
36645
11533
20465
2841
23775
24334
25088
29615
22839
13225
10297
25165
1615
28116
30688
21677
30993
21445
12250
20675
31131
21813
16198
24497
31922
6460
28880
8566
9510
3850
23490
9183
37629
24469
2305
34590
15027
25739
6679
22649
31574
11445
31532
20680
11320
28503
34117
16504
25430
12102
7636
16669
35494
36811
36462
6605
3701
22635
33738
26925
1064
25827
19171
37418
16042
18376
24653
15591
20935
477
14726
30135
7030
21601
27394
14192
33500
33731
34835
19655
12717
9267
37077
11899
17951
25994
13454
27768
19592
33441
24772
33028
9483
30250
25
26046
30530
20309
9198
25634
30983
25748
23080
11682
5313
26755
32366
13259
8335
24114
35778
3586
37234
29462
36312
27849
4871
15543
9664
24861
30073
7458
25576
6093
9282
13090
28405
29443
6110
27007
19136
13294
9125
18985
12759
36068
33868
6425
2353
12734
36029
22690
30838
21899
31268
1711
21783
16508
11470
2901
16743
9853
20229
9014
12843
23012
27911
20339
28417
23395
23532
23083
34564
10942
35550
13957
25525
37663
35785
21503
23675
528
36324
18871
11050
26658
10621
8835
18917
33018
27058
9666
8945
2261
19601
4539
6603
14413
12727
22983
17530
33462
6630
10834
266
18776
22086
22554
14953
24771
10948
2288
25771
32546
24866
12288
35796
21808
16988
24112
2471
14554
19528
12583
29934
36501
6322
31456
14765
8502
34072
30261
2875
3275
24968
7210
33650
20384
524
12969
9338
1043
20671
33312
2615
37701
16309
26788
23855
21217
26526
1415
7581
18863
24103
27382
2448
8513
14975
30084
17563
35610
3047
21504
33253
20142
31213
17175
25068
30604
626
4380
24022
34491
22008
4317
8318
8214
32236
20923
29873
33864
30388
29047
3692
32065
9425
9847
37447
33999
17064
9355
28404
21249
22900
27676
30003
32244
18565
14654
34044
28011
10393
16073
17711
10580
1258
8411
29174
18041
22228
24276
25376
30546
11261
23098
35197
22723
8080
31191
5205
31162
13214
2549
21546
2100
16011
1244
24137
21577
34553
11052
31431
34707
10739
8925
9680
36019
32252
36762
14678
21965
1817
22836
34135
20127
32153
15472
2165
19020
13581
2526
24055
14817
23733
19899
30162
10910
14412
15936
7040
841
25334
7585
27068
2640
20710
27486
24432
3870
30711
3556
30923
12013
4201
28220
8388
3898
13884
177
6364
36111
21623
14229
27327
13704
7259
4807
27883
32497
23066
19378
2931
32009
24397
34377
8169
22237
28853
3637
11666
18319
26130
21009
14383
15241
24362
1591
22351
5304
36585
15098
17471
3810
11835
22161
26832
23180
14798
18410
13143
10753
36727
9716
23654
24019
4993
13173
7096
18321
34497
11204
16133
587
18886
11208
25554
11743
22348
728
22225
11523
35322
33187
4184
36433
28053
14954
13693
18314
30252
21050
22091
7374
16051
13376
35449
13594
22617
34428
34886
11173
25910
28120
5866
30429
12124
22788
3381
20101
34492
20266
5995
21192
13761
730
9924
18192
23670
7474
1756
14140
20683
9741
30480
23095
13547
8453
17437
18657
36220
17320
18110
27983
35508
11359
22490
21423
9988
19361
7387
13096
15619
8967
14281
26596
17618
6634
7730
31487
11058
15423
22415
16725
14157
22274
28721
29234
22020
18859
37425
13433
21647
28679
14088
36732
1236
17841
15575
27375
13458
8884
35200
11956
29573
27436
7170
14325
31436
15699
36300
19303
20701
22751
12030
21905
8625
24886
17528
7339
21799
18906
27619
35014
22959
3467
15715
24529
36166
6626
24196
12037
13457
16121
16108
8123
32945
16278
36807
894
12818
2265
32898
28319
27653
2029
12741
36172
1739
32719
30295
20412
7227
26556
20351
1460
19588
19462
54
18993
325
37639
19867
5723
36914
32074
29199
13775
14974
4483
27882
24890
964
13858
3821
13724
23698
17853
15264
1403
37174
12398
12887
10881
25093
2690
19021
9946
33547
16715
31462
27659
21955
1366
34759
14927
5770
5306
36037
14420
22325
23841
25872
26794
12876
23968
1080
23182
36445
35584
19206
10289
860
28954
28013
34834
25811
24372
7890
8267
26567
12637
30592
11048
15851
15687
27062
12562
26655
7230
30653
13763
27080
10803
2390
24459
16429
26149
27223
30271
32226
603
6808
26908
16945
22613
26059
29442
8942
34716
18271
12476
10988
15409
4223
29538
15590
28131
3070
6481
32064
27383
13431
22563
4594
33624
6887
37015
10911
29302
12129
25604
4271
26025
9178
35385
31232
26566
25963
11656
12210
24479
23895
12219
5250
5743
7946
10495
17005
4083
25017
82
22050
34981
26163
31373
14582
3651
3525
140
3736
2778
13865
29205
6270
34781
22096
2175
1095
29517
35510
6934
27413
15705
31423
5662
244
36750
29507
36129
1566
31919
36825
4060
22767
26671
14555
15989
10862
33497
19657
24743
4938
25996
30104
8500
16245
8118
11393
19912
2478
22878
10122
2060
18275
11977
23230
13484
36418
18095
4403
14452
31686
17278
10479
6091
1075
5876
8837
36359
9550
21241
14068
20709
10625
14504
30958
18206
6734
5173
20256
22954
29101
30904
667
1210
14227
19660
12538
34987
31095
35169
33298
35395
21501
33403
11442
34675
33147
21405
7146
7867
35310
8282
14841
37470
30766
17086
26375
7216
32621
25799
27236
10079
12577
8298
32186
11474
8441
30214
31014
2003
31921
29130
2552
25164
23861
35284
10774
25599
23683
23555
4879
31593
21361
32836
15024
37250
1485
25826
15236
15493
31940
17857
26731
4822
27868
28
29287
33704
464
37116
265
37081
14286
32586
7001
30467
18232
1457
1850
1862
4277
35659
18118
19934
4896
36109
5660
18266
705
32262
4117
23122
2465
3207
22144
26510
13016
4439
37239
8150
11746
19236
20900
25386
4534
28638
8887
32164
30932
35927
35412
13700
18873
16387
8533
18839
23488
11212
2412
1602
14522
2775
36872
37657
19339
8032
15295
3741
26414
8938
4158
18221
905
25417
6411
5268
17801
35440
36297
4374
26022
18402
30382
36781
14682
30724
33990
23424
5337
26607
30269
24692
669
35819
35947
16104
13142
16066
22392
21048
6343
30256
10792
31901
34734
14570
1213
17319
2559
5970
14103
4412
35635
13065
36785
15471
8208
15531
32306
21417
33330
15196
34821
1405
35685
15522
5383
19271
24535
27186
30298
34154
10230
4359
6312
3662
32947
36943
25562
31130
2896
17462
3407
17089
15536
16735
32525
10569
27938
27460
421
35346
19641
3229
18304
6131
4513
600
29935
15440
7018
32684
9974
12389
24163
2274
3033
33921
7070
28584
23015
18455
19569
2325
20350
34893
15404
25251
8808
11988
17914
31303
25039
32854
27501
28176
12632
16457
2190
5203
37430
23024
12928
10896
22448
1052
5861
6933
28454
4718
34457
15413
6988
31601
1681
1235
29479
4269
21208
127
30061
23251
5479
14550
1637
7225
10565
3997
27948
21838
17236
1220
28788
11918
6376
12065
28891
5613
9523
19013
4416
33094
20442
32811
8343
8744
16966
23943
11142
30304
20502
21695
27949
32139
26722
19400
33499
2429
8488
2124
1013
4211
18661
25930
16549
215
32193
15836
2847
15652
3804
27661
22418
23751
36040
19358
17553
12591
1541
31951
32089
35052
21885
16897
31935
7009
33095
33722
31485
34521
5227
34504
6144
37030
3246
33360
21034
25373
20431
16921
36152
21205
10829
347
23277
33063
27273
676
17681
29254
24247
30391
34202
31069
1166
35319
32973
9162
19501
33143
6330
21197
17128
934
32695
10387
31235
37613
30217
6390
29940
7925
4152
17000
16594
17614
33456
21316
33672
34999
6588
10343
6629
15283
36175
36589
14094
20496
6790
36059
514
34788
36557
18101
3325
37519
519
15046
9798
8479
13929
26870
31173
7249
26454
289
31859
32643
2951
21272
26578
16575
28981
12414
37550
37622
31024
26833
12351
29778
35081
32619
22667
1952
13757
26529
19186
35941
19596
10102
24
8907
16005
15634
34363
31309
20698
25495
19534
24278
1136
28275
31384
9030
7097
12789
3125
7367
18276
27576
34241
3553
25691
2062
9620
15118
3130
19055
3605
8538
12
34658
22295
8414
12651
26326
1884
10929
10159
31714
11194
15800
31212
7981
20037
17816
7844
26804
9858
4486
30875
31
29440
16210
26945
30492
26004
5054
7021
25103
1077
30865
21120
31035
23439
955
7716
17783
4830
21057
30175
25194
23480
26707
32088
6244
30249
766
33544
24075
7605
21274
9212
8708
1424
19911
11512
8664
30402
6357
26939
6112
35873
9515
34905
10797
411
8872
22665
1712
3544
32605
18381
29716
18247
20646
4869
12839
34499
3133
25111
10518
19640
7263
11952
34156
32594
8356
4091
28250
2849
33380
5656
12681
36352
14747
3260
12248
2310
877
15113
34609
7485
8395
27789
2467
37198
23357
29166
25350
36273
20271
32860
6742
10659
5005
32445
10745
5998
17178
184
517
17429
16496
29825
33565
26111
14801
16100
8023
13881
30951
11262
6574
15530
7462
20757
17624
32108
2138
26497
35235
15925
36761
36918
35835
31863
14361
31032
32967
4377
5718
31805
23673
13035
7911
13275
30862
4248
8103
10301
25204
37330
27532
14567
11116
13444
21850
2063
23702
18286
7086
13267
7747
25026
20947
14055
26714
17862
28699
33375
9373
19890
10932
9611
18538
19015
22268
8112
1158
3223
29167
10703
21456
22044
36948
14612
8227
31931
6762
1977
2862
4757
31514
28170
8758
28995
3770
3954
35828
2116
9721
18334
4554
13647
14761
16322
32687
30432
33322
37402
25551
12063
18689
11250
15539
2330
30691
10940
11097
16880
16012
37530
3670
30971
8117
1083
16054
27456
30190
802
7755
18820
5562
31356
13380
28396
13832
16643
20984
14598
9552
11764
14293
21001
1530
18877
29447
32413
15855
30131
30902
11343
9296
16881
1592
29160
12176
23907
25468
33419
19031
3431
9963
11246
9247
8600
11818
19099
13150
1134
252
4613
32135
26637
32746
10731
30148
9366
28093
13928
30680
12088
28581
22094
4839
22659
15170
36149
5550
13254
32352
25508
21321
4809
4010
22774
25362
36235
28612
30927
33739
25754
4442
1571
35147
2470
10360
36269
13014
24015
37221
28073
2919
15172
11559
15831
4214
17028
33560
31322
2403
28580
37052
34024
33986
1579
34610
7184
35063
6
33118
17475
30441
11827
17958
16242
29057
25590
36091
28320
7472
19840
26948
10708
30159
34778
604
22547
27152
2053
14295
33354
32508
32636
18874
22912
34023
11464
23457
35541
33092
16274
14155
26400
18938
19958
6547
16785
11593
11660
31295
29947
20349
17372
22827
1286
17537
29639
9714
704
12691
13786
3720
10635
13060
8620
15466
29705
26245
23169
11933
16866
25063
7529
12355
260
33607
33940
1438
18258
31045
16650
14322
26168
27918
11330
24149
18681
25831
14338
35803
25196
26542
11465
21132
20539
25762
8524
27386
838
15478
16510
7701
25258
8498
27272
23906
5413
727
2234
1230
33430
29575
27224
18299
8581
4149
36546
20007
36286
22005
10822
28818
23686
8163
7670
2529
15435
18207
37259
32960
6651
17645
22467
31727
1371
8357
34957
17756
19470
10453
21525
28327
8450
27654
5206
6383
31489
37046
28255
11466
5554
5448
10903
23764
6997
29531
7357
794
29308
30333
34031
33319
21839
33815
25838
9500
17207
16072
35464
24775
14686
9206
4285
5919
18803
22511
33546
8326
30275
9269
5502
9949
35103
29183
34762
25035
1979
35780
31637
19767
20063
7484
5577
21741
22572
34627
3483
17364
19351
31410
17566
33947
15766
24310
22741
37270
36707
2593
3872
446
8890
35349
23089
24543
490
5860
23808
12202
6119
22576
35606
9449
3977
18918
15910
19140
33835
4400
24367
22775
7744
3452
15191
10582
13955
32790
18068
31561
3282
20449
6410
32588
37087
24288
10236
32218
2966
16
9321
32085
471
35062
24385
36648
7786
35604
24582
16746
17480
21464
3827
10854
23142
32635
35296
7696
10956
6359
7834
14848
31149
6780
28550
8875
26309
18328
27302
37481
11005
1679
25514
35163
15051
16252
10787
451
11795
21428
3443
13434
10095
25338
21365
14623
7677
22915
21306
222
1137
29927
23392
10538
25452
2020
13867
24524
34976
15331
19630
22421
23155
22499
20714
27396
24934
36096
26361
20979
35382
23847
36313
37138
5210
16517
35276
29786
34270
36488
19068
18494
29018
30043
32234
32694
12399
13719
25664
31132
37290
26751
10947
13355
10340
3194
21927
22378
29576
35787
27734
3485
4183
4670
14112
27253
31905
23755
2583
34996
5129
8841
35585
21840
23385
33593
14387
33096
21532
15862
29767
33804
29727
7327
527
23256
3393
36995
5082
11071
37616
20785
28754
23178
34963
16848
33062
37151
28812
3160
3417
16215
17743
31127
14742
20122
23534
14575
14562
34764
18648
28052
13504
8057
36431
25834
23668
19969
15541
1055
19978
13600
8192
7624
16014
11424
29877
12426
6839
14432
29547
32750
24697
18384
17203
34349
7044
26387
35136
22593
14672
22789
17025
21853
7721
21358
25447
21613
2441
32914
13586
35665
31062
18000
9535
28137
12725
2194
27306
13024
15829
14090
36305
17201
8220
2450
36125
12424
30395
28623
12136
17516
35479
19441
4720
19153
28624
1429
1317
2081
31486
34888
26038
20376
6079
4464
23713
6783
33676
25951
17092
22354
33352
26026
3969
10493
24023
33057
13711
19871
24657
35655
17717
26583
18890
18005
34795
3152
11924
7038
7392
13508
4406
22233
27924
27909
13074
30248
37437
31835
2248
17026
17060
811
26478
34189
463
24870
36446
15071
17402
17237
31641
14810
21555
21542
1604
10281
16439
1007
33729
22580
32728
23249
4825
36702
3661
21851
4107
190
21019
8810
19110
34731
35295
2425
33765
5987
27429
12950
7074
16972
10761
27032
22829
11969
431
15671
29123
36245
10525
28646
33459
30662
5915
4617
9203
29428
11220
36198
16697
18338
11926
2135
24434
2921
11342
17687
32681
18486
1200
28740
6969
2546
24428
8377
18278
22450
4547
3
33937
22138
7945
10684
4446
22041
25517
14768
15667
31329
10755
8011
37705
5013
31186
29623
27961
22113
19101
34441
14241
10131
24842
18114
15963
18085
13372
10738
18445
17474
34045
11293
30537
14660
7441
1675
7338
9932
22950
5036
4739
36258
5996
3419
33471
14234
23607
4404
7081
17381
3524
18404
5163
5965
32172
21446
19104
17646
1904
17949
873
2776
35364
9207
6591
28698
35363
19279
2110
8256
17759
26938
30002
14073
29066
32912
1833
26184
34663
33728
26067
32150
25365
27881
15636
7740
7102
6352
25121
27495
93
28466
21664
18470
10668
12001
35745
29367
4427
32705
37121
34864
10357
2311
29108
28434
32256
32171
15743
3131
10398
11499
7671
18837
15628
20005
23923
15550
11561
3273
30798
17359
23113
15386
37202
20586
13622
21573
4066
33495
12987
18765
7751
34303
17454
15007
35192
28049
16320
5524
25436
21149
896
24902
29555
27184
4540
15188
19804
15462
15896
30734
15460
6765
7043
2897
2392
32467
10649
8954
37697
3807
33626
32625
32046
34399
27206
34719
28465
4423
20380
27729
23677
1486
6130
7181
14680
978
27981
34595
22599
24239
12706
19142
35404
28017
8259
32084
5730
14077
7215
33587
28401
31507
21256
34618
15104
29885
28083
24873
29334
35974
13522
113
30510
11198
27975
29405
34124
2982
3318
10438
221
36575
9005
26395
16113
29250
14610
26315
34097
20554
10540
30670
34310
6114
16816
25192
8686
11450
22179
27539
6290
28155
5255
18398
5199
2973
27716
12721
33440
24174
5715
1583
33102
5115
7039
32121
23598
22539
27155
22021
37106
19943
30203
21413
3610
15731
3142
29283
1463
23391
14145
1825
20522
28769
25170
3887
1733
36033
33723
31435
27714
36180
32935
9246
15280
9068
12270
3953
33154
22498
13439
16914
18892
6479
14837
24213
8410
34104
13302
4716
13587
36454
19481
30220
8646
18223
26388
28522
779
34007
31420
17854
25193
1472
14393
22750
6833
28603
32189
21505
11251
8412
24035
7960
19184
4210
37055
30850
9216
13337
25390
2232
15577
20143
31327
7161
7565
32222
35572
17325
25502
8780
18238
25047
11109
28505
30209
14116
13217
9964
36958
18287
19678
11588
29028
9072
29494
5625
26367
2531
4082
15402
33675
28820
32284
32166
3780
15695
10520
27095
30447
7980
21246
4606
37412
2710
31670
9786
22946
16306
35208
2043
33791
26172
21748
7486
4915
2980
23498
650
12011
36389
22469
9742
26863
26535
34272
23610
7547
5936
22706
16440
15826
6494
9118
27618
3966
35791
6396
13734
3231
15725
20902
3023
14468
18775
29874
1659
33601
22386
23310
34047
30743
21663
154
36261
2995
11070
22328
3346
34954
5814
36502
4638
6993
5299
20637
18769
7761
22682
7572
27609
7192
30426
16852
4165
28109
10963
17195
9782
2384
29439
28107
10197
24494
13084
4186
9061
20606
4306
35275
294
37241
36683
3825
33417
36664
35519
8606
24138
31075
19100
36275
34695
24353
7717
16967
1568
14174
5632
37401
10355
34721
16414
34113
10432
26487
14053
3824
25380
20878
6462
29267
31546
10637
20619
32984
23440
1593
1947
25528
623
11327
22540
20666
19874
35031
1914
29505
1851
27715
30727
16091
37686
379
32147
34686
8017
8213
37240
26685
28697
10782
4075
14193
6960
8424
4510
19091
19617
36095
25327
30223
29410
3992
8066
2743
30136
35914
7334
23314
16920
5135
20147
10737
3305
24376
22832
33131
26950
18924
35865
28119
36530
37393
25126
27044
23884
800
36830
19628
32807
35267
23853
2143
22322
2393
7892
11045
32922
6006
35496
17993
12041
16465
4752
33942
14964
22115
23005
20866
30846
2632
26763
12014
14162
31865
3341
12810
30458
6787
3361
15288
35406
33558
19164
28670
3706
30536
6234
7302
36957
25057
4148
10091
10895
35506
7509
25377
2874
1517
20454
29567
985
29481
27350
34406
19053
30793
21364
9549
8099
7356
36499
7162
36455
11595
31171
5606
29154
3481
21081
20944
36700
35525
27544
2404
25125
19697
6979
16282
776
7759
32241
34943
9607
32665
18240
2819
19458
17752
30237
37583
3932
641
3864
19196
14707
26983
29158
29157
7870
37196
13354
24392
33941
34227
26273
4420
1702
10716
1141
36463
9922
27300
12695
23639
10897
29000
16202
33656
10806
25715
34587
33895
24738
7241
26176
9364
14453
859
4697
20071
6916
18987
31783
34089
11648
25706
5001
23759
30947
13986
31543
25255
16143
28102
14577
29465
27381
34923
173
5531
17209
20529
28787
15347
27067
23886
31885
17224
551
20676
906
1691
32197
27565
36803
30023
32115
23699
5898
25208
10925
102
15947
21
3936
30387
6926
11041
2934
27432
8868
24545
13983
17342
21631
30364
36847
13556
35924
5675
34430
13091
29375
8448
6096
19771
1758
3549
16836
29198
27275
25692
34004
36270
30493
11323
23049
27809
12978
26155
36574
30779
36769
45
31264
21216
36105
16430
7517
35289
758
12668
32543
13760
8845
24606
9773
26770
4437
28497
36504
22366
15629
31229
14720
6745
13291
22645
37301
6807
17795
32081
21000
36877
10247
19517
25607
2051
26787
28272
26362
8383
35706
11549
11903
22660
22210
13525
319
1667
21341
34127
12750
31610
32029
1768
10717
18434
30665
9209
20279
6296
33422
28040
16934
10341
3414
34391
35497
17496
24794
825
32073
18490
28867
16096
37435
27146
20206
26733
28915
24176
31033
12658
12340
15171
18676
14756
17770
1513
7037
24909
32499
26018
16687
2286
5521
26282
5286
26560
37556
20422
327
36176
28929
35153
37224
11991
11565
22280
21055
2500
17289
5619
33551
36024
11134
8932
14025
24712
28309
13095
5234
36244
32424
15927
35836
16034
14576
20803
28704
37559
385
7048
9104
21509
5598
34415
10258
6188
22934
21560
10502
8346
37433
2946
36782
16134
33475
14164
19291
18997
15321
30678
17010
32334
13703
13077
12455
19674
35048
14173
15674
31226
2381
12588
4033
2151
11463
12463
9803
29314
16229
11013
27556
37458
26310
295
29529
7575
22385
35297
10046
5747
35278
16310
36485
3474
5839
33410
36822
31675
21109
11247
24325
14640
7810
33825
3709
28643
30436
24633
16400
5136
25903
2811
32458
7017
32294
16689
36177
32889
26647
14620
21096
11740
29449
