355
30083
19663
2209
1520
28586
12369
18067
2959
11926
3046
13358
29838
6951
29024
9996
36459
28673
12290
23809
11051
25710
23260
32583
23687
19844
36431
12777
11039
24837
34565
1116
6179
8067
23665
24776
24686
30666
4410
26743
3121
36939
23913
965
34164
11454
23850
24003
33217
1098
16408
33825
14777
6396
21355
12632
13498
36348
16745
8145
20666
37405
6305
20456
26533
191
12221
23868
8646
28141
18039
14217
1728
22517
7354
10290
13399
30451
21791
9545
3898
19850
17763
2133
36429
34223
9607
34946
9822
27410
4363
16944
37017
20411
27494
29921
14235
9226
18402
22715
4400
17072
12814
27065
36920
15462
31223
4784
7091
4277
21717
20145
21244
30027
24083
21844
23839
2579
10596
28085
8402
28192
31916
23699
8815
28235
23578
16433
27869
18647
767
8926
15071
9350
35025
28357
23336
16812
2007
37339
690
2935
14673
18642
28430
10105
5553
18375
12918
18032
31903
15834
11869
2158
36513
23196
2817
27871
13433
9044
24322
18870
5663
26271
32951
12231
15949
24165
1676
27969
15294
15698
4847
13897
5368
7786
34708
32616
32503
26019
9501
22557
37382
36369
31685
24260
36825
14747
37251
26060
3432
15652
2645
4938
32389
26441
12379
29322
3425
25425
20662
23252
4706
8901
7070
26558
23816
24032
20212
34359
18584
6750
13237
4307
26194
25564
34930
36371
16843
23535
4712
31668
31310
6518
21401
28202
36427
1262
29558
2469
32141
30418
28358
31485
22355
35991
9112
31243
16970
8749
19867
10924
14914
30150
22535
23998
5347
6600
19410
10214
18700
15351
21689
32741
31009
16605
20693
414
33174
25468
8837
34370
8053
34037
37121
37195
13984
30736
9816
31528
21062
2117
12644
14184
14204
23490
35116
22663
20126
19346
21365
12671
37205
34626
33902
4521
1102
36223
12636
33279
32453
20050
30016
25705
12986
17360
21001
13383
3215
16701
20690
28250
21289
951
29488
9614
12015
23186
26503
11876
14645
26674
25789
19168
4466
21983
32843
31465
3361
17925
17083
6398
22529
15167
27520
22129
36088
15433
25803
4930
29378
16006
36171
28116
26606
36363
19403
31690
34244
7
28107
12109
1662
26939
5443
32594
10099
36456
6522
32263
2672
32451
11223
20895
23636
19562
12376
9714
14541
16967
13778
3176
12912
12755
410
1208
12139
24396
25461
34944
25006
26450
32281
15981
20595
12899
20074
7309
36465
28521
17967
22587
29828
15925
170
10793
6334
30482
1268
17940
28104
24925
9081
24498
8035
1894
16229
8248
17002
23527
3813
2072
17969
7812
10421
28407
31850
20951
6735
12961
8416
26853
33290
16937
22279
31409
19657
13609
27998
18008
25993
14866
5929
15987
20663
5611
30598
35847
4055
15588
574
35516
10838
12635
36063
20608
15684
28659
33268
9049
6659
10852
12096
25151
34093
19362
3088
23599
23847
15803
15335
265
33155
4940
19014
7750
15735
906
12160
29316
4102
22184
27761
37577
19300
1186
34812
29670
10314
20845
27554
20965
32425
5006
17457
31490
35722
20848
12316
11565
36646
1683
12511
15799
2988
15500
6824
6147
1921
35339
23612
29960
34132
24539
3108
9565
30406
4107
22859
32842
