23545
14151
19858
12593
33626
19384
231
21042
15472
15552
23684
33662
21032
13066
8498
23461
24064
16210
5680
15118
17683
928
37181
2336
18334
34552
27273
29671
34850
13555
18341
5123
15882
2593
28859
17288
3469
2341
13719
3144
35707
4855
7586
13840
20223
15576
15726
1695
13289
19822
3954
16253
18648
8523
12597
28101
26027
8132
3320
1678
19221
12494
19551
22987
3592
15397
19302
18071
9809
30748
21299
3429
13401
6898
15887
18078
33577
34743
6570
8473
35579
5797
24438
31482
24173
28382
19547
21955
24537
18634
8560
20967
26952
4793
20722
21621
15436
1120
12348
5232
27314
3087
2755
30170
20903
35408
6149
6441
31630
8596
24398
26239
7503
1508
17935
8893
4150
12998
8241
7465
32153
10932
4356
11432
36721
34138
11067
2626
30699
33894
25044
32025
13239
20153
3444
23423
1125
1462
10883
37659
14543
6791
23581
23
10709
93
6794
25763
18934
20855
3040
22079
22754
13228
32016
13100
36585
33410
32994
34177
10035
37495
4754
21483
28570
37065
29567
24523
25977
851
15050
37004
12398
33192
14812
15376
1327
7143
24464
207
35426
9606
1383
25802
13630
17122
19652
17225
24849
19417
24225
5510
3494
14080
32180
7410
7742
7190
14396
22345
19556
27923
30248
4763
28236
5631
21489
33375
24027
2604
1249
23344
28056
37582
15819
6505
20763
35275
540
28985
4838
37678
5415
6588
30078
21768
22149
18624
34789
17984
29933
21618
325
8518
12178
20546
36896
23060
2475
7785
22720
3198
22844
20990
29751
24647
31171
15838
28781
14554
36
5637
32288
35566
12280
17193
21908
33675
28595
30461
22066
581
7876
13342
11343
9035
4222
25950
23686
13850
3981
12854
2756
3395
34052
15017
311
4329
27306
17384
25091
21526
11121
23647
33176
35384
12459
23444
21879
33622
8481
36834
35332
36004
31363
7041
14885
13690
2892
3338
3138
28497
3020
32881
10365
10338
14629
3025
27292
35972
8586
17696
23176
18598
29317
11329
31944
9682
36172
36604
4305
30613
19088
11525
23103
12382
10030
8011
712
16415
24427
3434
18041
24971
29353
10913
7262
13430
17885
22542
13419
22487
10658
1703
27422
7777
10580
19840
36943
2960
35746
33511
24549
24442
18600
12769
19298
32868
16315
7758
17649
21601
6650
35870
30573
9645
5404
14527
33291
21626
34090
14011
1060
25267
20861
24548
4327
37108
28626
12844
35462
22095
16585
35848
2888
7401
7828
9488
12242
14896
21081
9716
27657
30431
2974
20715
7301
33526
28829
25882
1772
24293
37090
24271
19379
23873
8476
13470
37480
14491
35551
27873
35026
2091
16416
7511
25341
12826
17226
37024
9875
24058
6035
15521
25466
21586
9685
8666
20167
14793
24610
16477
27189
15292
1612
15295
12729
11753
25744
19200
9342
15794
26645
11014
36605
2934
35594
3206
15255
10181
21112
9692
36663
4481
1269
3594
25688
16135
11964
372
13814
31585
19878
8611
10584
23526
1937
4534
34931
29330
16398
35118
35152
17762
21162
11847
7926
7636
16284
31662
20496
11018
7271
18941
13521
16917
21412
6155
34338
17371
7186
7448
17140
23211
17949
15537
1368
18065
103
21602
33939
2462
27517
11917
32456
33725
12461
8112
20832
3107
8743
27562
18758
34443
22220
6456
32697
22989
16090
25007
22023
30494
29946
6069
3858
20022
33621
9675
25512
34013
10256
12092
25556
1625
21438
34168
21996
18737
27511
25015
14875
8338
2466
31514
14600
5459
28780
23177
10952
14910
11481
37416
3149
19135
14943
32660
37156
24333
4319
10127
24624
11139
5174
9595
21684
4653
16559
4880
27030
9696
12804
8722
1656
16379
37236
34619
16773
9211
20745
20813
28404
13835
19214
16597
24737
35263
7341
26340
21596
830
16120
21537
26925
17665
2356
9879
14725
14672
28778
12115
20352
35081
10003
13718
17580
14551
30165
22861
9825
24987
13316
26132
23934
7018
35610
16063
11799
2851
21713
10363
25110
27499
32256
34548
7139
33948
13349
22930
20521
18684
29476
3200
2663
37647
13398
10531
21931
31809
10131
16055
17855
19000
23695
23991
19905
11900
36160
32468
37532
10179
13242
9575
4718
18511
8700
3634
27295
26094
29280
34787
12356
22054
27067
20776
6452
10667
20181
16550
10840
379
32924
25213
37427
14459
20114
28674
2811
5644
1179
18764
4346
4292
8529
2175
53
10026
21445
3142
11061
19215
3950
25664
3286
12291
21220
36261
18022
9841
6974
18005
2345
20118
26880
2052
28520
23878
31928
25597
30157
9387
7808
29357
16552
24242
7196
8759
20461
12858
25515
5867
26297
32911
33447
13515
37105
19172
37103
29486
25059
14769
32916
22885
6608
18056
5667
23993
18900
30398
36033
18959
34401
26845
25202
22195
20026
10695
34901
12914
3873
28184
36321
34530
167
3853
34568
20928
5900
36332
19870
10441
3777
35270
2177
28347
37376
3188
28737
36863
22605
22725
14953
13779
28057
3812
1417
36929
30877
30093
20008
25672
14569
7184
18076
24935
37504
28403
7538
26143
17667
10537
7402
8284
8025
5154
14773
6488
18884
21557
11569
3246
1954
33127
17298
223
966
969
31923
13174
7286
4546
35041
30548
37459
36257
12371
24732
133
6582
1915
9835
11870
1794
25416
10625
657
34957
26694
18504
20283
24323
32692
9590
7421
36935
18443
25040
33482
11631
35846
11321
11688
8750
31872
4547
12161
20197
31610
4343
33596
27373
32834
28045
5836
15800
1547
21310
33634
25052
22956
37240
13142
12828
10360
34049
33256
25872
12765
25886
33257
2225
33071
2862
27736
8496
31412
15382
16147
34807
3666
7649
32081
5572
22191
18248
27023
25381
34181
34292
30610
31034
22727
11995
23634
25818
21803
31284
34801
36090
2572
8058
4445
22540
2925
13361
32307
29505
17315
34140
36708
30319
11816
19830
14005
19490
2781
34269
34561
5499
27033
939
4511
4530
35173
10828
10470
12791
28752
30287
30565
27646
13336
20265
16296
116
28670
4690
31414
32234
11902
37019
11057
3151
28189
33340
26222
32486
4257
5748
16781
15664
15442
9518
21806
33037
10982
24632
22297
18100
13304
7389
6006
11309
35883
21488
3116
32873
20071
29732
22666
8934
8642
15891
19166
25894
14497
26059
30887
7192
4597
33446
2499
7202
24444
21702
33807
29058
13175
11006
35062
21510
33987
10414
30284
11394
21725
23539
17282
27688
1735
36204
11704
10305
6428
16250
14650
2982
26440
23009
12860
11596
16041
26670
15457
9713
11541
10517
34673
35637
7953
11292
20735
32426
18081
6095
34311
30606
26675
33875
28025
19366
10007
18109
23100
23849
4632
33045
13682
10597
30262
20513
30803
27595
27315
23963
30464
12328
21787
34471
3336
25218
34604
26862
6275
10885
10967
6504
31024
23317
9371
28291
30954
32354
10381
7397
35824
18835
17633
20510
9401
24391
9221
24568
26502
23184
32285
13948
5126
33228
8050
21057
16282
23000
2683
16726
30300
22682
29950
10730
33261
16638
33343
9665
5083
8747
15473
6257
23309
9802
14586
31686
25034
3688
23810
28910
8438
36270
15727
25809
8992
27137
7672
28543
25484
10620
33430
27651
23175
28542
1512
3669
6725
26826
8796
21898
17996
12038
21895
28300
23432
13061
23642
24599
12306
17436
33067
21797
35482
17990
25920
14349
3818
35205
16143
12802
34014
16869
1828
18542
20140
3638
16918
19150
3926
3757
35216
967
12744
4672
28711
32273
14905
37587
23718
21740
16571
17585
30426
19666
8692
37296
14021
28096
19930
18336
8618
9344
7945
10346
25571
27818
8026
30592
23749
16183
29466
19386
18154
14286
21474
16073
2178
1190
14260
34228
17233
21707
36643
21350
20342
11762
7426
12064
31434
15671
26987
27976
1951
31354
31013
30667
7059
5740
1603
23920
13117
2581
16131
31811
30209
936
16031
24638
5584
1009
18636
37560
3306
3070
32992
32682
34689
21064
19115
10989
36841
12091
8531
16292
31942
451
7203
783
286
27059
13436
24547
36197
34264
4195
14226
5793
36989
7383
34974
196
36924
26671
5986
11355
25658
14310
6254
34118
11629
26137
28472
6796
3247
19280
25231
10827
13975
17297
13990
19251
16266
18512
2897
17826
16833
33479
14555
192
15030
8156
3277
27779
2444
19647
8842
8809
24691
34310
10059
29111
33899
7854
31503
17069
21039
10229
20772
21329
26261
5436
22004
13486
19218
37162
19904
6040
14354
9365
23914
10781
14042
35230
6940
31769
22053
4448
24006
34356
6537
21518
14632
17149
4245
22249
44
25210
9546
18333
18728
34542
32822
19030
23864
33624
19733
2704
13995
6567
36327
22586
26518
4457
7956
8756
313
5964
26428
20318
6756
36573
33765
18981
9954
25827
28515
27031
19936
12585
29350
27247
7365
27633
35572
36712
5802
13987
18331
24320
34263
28980
2317
27634
23833
19035
8232
35573
22948
23595
33515
25496
21835
36453
22598
7146
30260
16534
3934
8000
9727
16713
35063
11530
34536
14199
8879
16987
1661
23318
18244
28495
35609
31885
29562
29539
36865
16789
31235
1608
37581
26790
19745
29482
28024
17454
19520
17053
9138
22303
13002
27415
10681
13960
25727
11090
36027
4086
18897
15806
22966
35649
5761
8887
15991
18759
9991
11968
15599
3510
27603
36240
5136
19813
15657
28195
28994
30569
8916
31328
18678
10154
1646
22620
32725
2946
20651
15304
26723
25258
9705
16364
12414
9261
1593
20741
27792
3810
27730
5888
33539
9172
2528
22512
13421
28460
33532
6842
9417
24346
2039
23127
1805
18812
8591
35758
21481
14985
17123
34603
15823
16222
7719
3515
11748
18805
22364
18146
11770
26159
30633
30475
15254
26337
10676
28102
30772
11276
4315
6849
8427
5843
26147
2292
15411
19500
34266
14670
12946
13888
25941
17148
18720
9093
33988
34378
10285
9635
6431
30574
5168
4634
7850
24435
9832
22947
28883
14610
10680
9754
22388
37429
3100
37529
7003
37395
2919
18964
19756
14845
30644
22509
15830
12615
10207
19478
24559
27346
11925
18093
14807
35409
23784
3832
60
27833
16548
13135
31911
16159
9995
22244
35711
25544
10542
14458
36976
13525
36199
16971
15625
20893
2541
17769
16198
9304
21225
31042
32241
31616
30331
24051
1617
37618
7025
12886
30228
25395
7669
35934
13447
30980
14590
10880
32443
9952
12267
3838
16707
36216
6836
10710
30269
18077
29083
6226
35790
30012
22214
14143
29650
19638
7455
19554
14266
19586
1194
23821
3090
32582
17760
30831
9571
10315
19552
817
36600
2268
14252
35912
36679
4538
25959
34810
28054
2415
5861
13177
12144
13654
26382
33799
26479
22449
3558
76
25180
26179
26646
548
34105
29801
2860
36289
9552
29326
36278
22380
31499
12416
14671
9002
30392
3608
2108
11461
16538
27338
16637
34724
35031
36745
33172
4351
21254
31821
12184
13302
7415
22163
30396
20489
14967
4417
14325
34990
16178
18419
28712
30988
24179
9564
5412
7372
15183
24307
37428
34271
34218
13490
8096
17765
26128
25423
14424
5073
9624
33643
27629
12677
35766
25198
14887
34392
23519
27207
9733
17833
34738
28992
13282
18124
250
28079
19430
3102
20052
17656
3749
11229
15916
11547
12446
18415
24512
23101
161
29203
35762
29805
34125
13843
18432
36359
6686
36099
26943
8030
7841
22217
30008
37500
32009
28412
17182
20426
19677
5997
15600
3765
14901
5932
3257
37627
5683
31167
21705
30853
13300
13017
14816
23340
6798
14330
20746
20470
35437
29643
17110
1452
31564
8943
30389
715
23281
4271
30879
37390
73
9115
11627
4386
22771
12406
6198
5614
5082
28218
3329
12337
7073
17260
14500
7941
31718
31224
16413
14261
27656
33858
4769
10959
26539
14833
35486
2092
25531
31877
13542
33031
26774
3323
16075
4328
17504
33225
23266
27590
37697
28003
11641
23335
23800
33746
34940
21248
32161
17223
27658
33137
6216
14091
8770
10343
11267
25482
29556
6421
1423
19318
6554
13753
24543
35878
7039
31562
28663
28039
9530
24955
1298
15865
33872
13317
11997
13138
5302
22042
13037
13019
20922
24927
37403
24659
17487
5875
32665
21696
9633
30488
10329
4556
34695
8061
34747
3534
15413
26727
34398
10881
33451
36361
37507
4017
35338
21151
10491
3731
10949
12427
12190
17634
14243
18314
22552
10936
30582
11216
14166
20375
17880
27936
33470
5813
29980
24424
34400
26988
24237
21078
3019
11822
12617
12572
12812
3937
8607
22700
27425
12663
36857
1348
15852
16363
29079
11979
1749
9042
12304
12543
15456
287
26777
472
15419
17613
9177
153
1487
12559
16360
27484
8957
36344
5749
24169
13113
15942
27257
11158
34583
22037
4265
15959
20085
4818
34937
30174
17681
10222
3658
3163
4119
18808
30614
34543
36673
19659
9085
21298
25614
8981
26545
6914
11224
13729
12225
2011
14453
35064
33108
9702
4500
34766
27075
18362
26070
15160
4765
25563
3989
23530
27847
21200
17962
22242
5206
6780
28435
29735
32537
12863
4911
2832
4205
4868
6227
7817
21048
25875
18332
34381
2699
371
6787
27358
11456
10297
12110
6534
14556
19653
14392
30091
2992
33533
31881
25846
4645
8490
1973
32452
29976
10591
7080
12546
9972
3089
26700
248
16610
7744
17746
27556
14224
729
30659
11555
16469
14379
27130
29363
27752
31062
36388
20953
33440
30371
3805
29660
21027
19053
26977
17738
37150
23891
13418
36002
23631
34625
11746
32727
14746
23322
16592
23560
8627
29503
23528
29974
21205
16009
5461
2780
37046
37061
19818
5276
30721
15568
30359
25472
8458
4464
19189
5330
29737
23460
8342
8420
15752
28721
15722
27353
30817
32321
6765
29885
26567
621
7274
34156
14724
10304
24530
18462
8863
7315
18355
2050
25760
21753
24696
23265
11356
23041
14446
35622
5670
8470
32746
11842
33376
4200
27448
17966
33582
1806
14457
2120
19164
19998
32387
24143
34877
20011
14552
33207
30893
33205
18986
30608
5025
5477
20156
14618
22778
36470
36746
4391
7772
13346
2762
13318
25111
36839
8368
33107
37120
27567
37421
6897
31808
33415
26278
32252
189
899
22622
4167
2807
8483
28802
23053
21958
25050
35666
19613
4950
11302
37696
12881
14214
37148
26905
14093
28212
36433
31419
35169
22342
17313
21508
33484
1463
8706
10865
23936
25257
20926
36676
5239
1734
31027
11893
34644
18407
36845
9001
22942
33905
21542
25323
29860
6053
22204
6320
9447
21375
15897
19160
9576
30126
21872
8191
37324
20732
19777
1908
11202
28744
20657
27408
1970
36402
14824
5619
27429
15540
2000
15666
33907
14247
12530
1975
34119
23941
30596
13506
1296
9117
15243
33211
18429
22024
10471
32057
6843
11873
29442
16276
36247
15259
24299
9806
22208
2404
14468
20322
35469
24456
251
31914
36502
9262
21989
14980
14117
27145
2309
1614
17065
10789
7487
24466
16766
21914
8041
771
12448
3591
14990
24726
32253
24155
27989
22259
31680
7058
5933
37028
36647
22373
23105
11828
21724
31075
12806
1835
24717
19424
6751
15353
22057
6784
27816
4978
36847
37358
14263
3155
26073
21207
35345
21799
1706
34481
37544
13156
16181
13092
30143
25825
34589
13083
34591
31240
22539
25823
2058
14419
20165
27074
30709
28359
11683
14090
18449
20009
3589
14503
27970
32284
29928
17401
4043
536
21588
9865
10831
18571
3786
20859
33494
37438
31975
18803
24870
30901
12982
7082
10986
21785
319
22688
29648
19488
20381
20602
26516
13315
15138
4618
30658
33959
28287
21975
28962
32638
31127
1978
34755
8600
13851
32666
37445
5014
7943
4117
34898
17396
18279
9789
9649
32811
27434
22655
212
25578
8912
12072
13400
6156
32547
7306
31410
28476
18914
16268
31271
32707
13221
3550
28642
11767
25142
32129
28390
17896
23986
26910
30664
31645
4147
30884
31315
546
9780
3507
2135
8488
25940
8959
18495
25305
34440
33030
9294
16274
31402
37053
26712
19735
21659
2004
32228
24240
35895
24808
27079
13633
9407
35276
2414
37084
15334
28365
26949
27885
22864
28050
36072
26684
4488
4585
30579
32174
14448
24574
30711
26375
1177
26796
12991
25871
1803
31286
24020
3933
10977
30288
12027
12253
20630
37050
18599
542
24186
10511
3826
35066
16442
30782
32730
21824
2958
36686
1958
34058
27323
24831
19611
29747
19301
814
29448
8373
13698
6357
30670
32553
15189
33563
13501
30381
21532
30289
32232
28409
37160
34575
3017
25370
8803
10615
26980
35542
17881
25469
12685
34113
33386
6841
32366
6626
32519
26419
34572
7829
20382
14322
21402
15861
18439
340
9005
8735
13247
15511
28260
32455
13678
13551
20253
26791
14023
34926
37093
6632
11234
25154
34784
31995
27959
2923
16052
23958
22990
19015
34771
6466
12868
1000
25394
20257
25925
5081
29303
35004
21498
18716
33419
2841
34749
30966
13853
6957
1844
12458
21097
31491
13471
30541
20436
16874
30097
6462
26169
20439
11315
35549
18025
27510
29432
24904
2450
34820
16931
36936
37476
18578
13965
7047
11080
12529
9904
15502
20803
36283
14649
30795
15488
21885
35135
5196
19882
4591
18308
14111
19482
24198
33416
17752
33633
20505
35186
4732
22765
29845
5270
21190
36716
34913
29044
36503
22040
24747
22585
9017
27533
25833
17207
20325
20632
19390
7948
18128
30730
33289
23995
5252
23306
18320
22277
16176
35674
24123
26833
15935
19106
15062
34211
13930
25699
3366
3509
28691
5026
2286
18856
27619
27218
34363
26849
18408
24514
15648
24944
31463
12269
27481
32749
20675
8917
19296
33882
17475
11741
30376
26691
28715
26468
3290
256
13064
1925
36157
28475
12987
34182
17527
37152
36228
37475
33304
29639
24795
11236
35107
11102
27360
20892
5557
22777
10614
19579
23430
13931
15288
10593
4052
13106
27731
32092
28549
7587
260
37622
22649
12149
34163
8162
12056
9382
35799
4404
27134
20508
2659
37031
252
3865
6655
15693
11862
2848
1227
21463
14472
27060
24349
20698
27508
14198
1798
13839
2523
14239
34716
26811
8009
15811
11344
14879
30959
2843
33996
4178
24589
2693
981
11802
4726
2185
452
15188
3823
33581
14259
24138
29050
2389
21923
3672
29911
708
3146
34723
23170
509
23740
15300
28034
25756
32022
27675
22502
16331
29250
24687
11914
4797
18984
15570
4665
7464
20006
31775
19531
26508
13182
25441
36374
8920
22769
12086
21869
9799
6576
33883
11484
6214
4646
11502
13592
18250
32879
12865
6240
6744
2792
26999
12493
22182
27854
20610
26947
23020
15055
25355
15730
29220
25103
29458
7399
11513
26628
852
2710
24960
24556
35795
18471
34991
23813
23853
22384
32772
16846
6193
4824
5017
6375
17785
23208
24883
24810
31670
10673
27235
20916
1690
7510
19347
15613
11231
15340
37319
24701
22918
2267
19333
34082
19765
19640
28459
32441
12336
8395
24217
22153
33459
11400
13020
15322
34574
4333
19734
10804
31026
13656
19927
18973
24273
25022
24901
14015
13464
5138
10699
10415
24344
9553
32909
4196
90
6904
29197
29542
24431
2776
24324
7836
17387
10423
10243
25645
24270
18398
15147
11523
32501
34527
37231
1615
6494
15840
23276
37221
25730
35321
20355
13210
7571
34502
17467
9224
35606
36541
35068
19783
2850
9415
21030
6385
15006
10923
36118
22120
31342
33778
9059
15707
13972
35659
24363
3201
15366
11958
17349
17677
11786
36801
20707
4039
37536
10428
35564
14821
12001
21467
34514
31657
16802
19792
11176
28188
8286
14936
25039
13167
28913
13058
15266
5904
544
36562
4325
10585
17559
826
21378
3446
37527
2316
4996
1495
19629
9837
24164
30663
20192
25553
27600
1315
16099
7901
721
22386
37326
11790
9364
28170
23136
9048
4317
29399
466
28831
4708
7453
7377
16352
17991
17987
30113
13734
9732
1110
34518
25310
17846
26183
37400
23330
26753
7891
1232
16835
8138
1571
30953
2285
4510
18543
1299
10345
13766
11035
35211
5221
10267
29447
14681
19229
9056
28909
31230
15703
9651
32686
28976
28109
30018
32709
27927
35669
20141
206
12883
33129
27384
21049
35299
32544
20557
24175
29782
10802
19642
9903
24817
35546
33381
35418
11335
6814
18301
4656
7432
17513
7517
5085
30121
35013
21037
35502
8446
30219
20157
24340
13405
1437
28483
18220
6230
11508
2464
17908
27509
8947
36566
5357
36029
7969
22817
23804
6852
31093
2558
13617
21160
35105
22618
1557
33139
37540
8421
1240
34426
11966
5108
17623
29117
32613
17602
19498
33475
14919
20699
36892
10538
3778
30307
19108
5564
26640
12582
37641
8535
3462
27252
3647
35376
26259
1931
16949
33425
29902
20100
4988
4180
10037
26517
26343
19833
28410
12068
8115
4413
31143
32604
16295
22711
22475
4172
28616
29877
21551
11157
35807
13129
35578
4741
14019
23353
34039
12525
37272
28219
6606
11892
9601
27482
19042
31723
35151
33943
37492
13114
36147
36350
29977
987
22382
31329
37449
36652
30283
11716
19069
3143
9228
22301
5729
13160
32987
239
26856
37014
30246
20343
16806
21938
35973
24311
13964
10442
37497
33215
26248
27901
8392
3713
33158
33704
15009
24202
32737
5626
28361
17075
14332
8933
15339
13912
12228
19440
970
22903
21826
28873
2130
7853
20284
31868
31180
636
35800
18170
25410
14605
5805
36061
35215
35510
27916
7922
9334
1181
25404
34522
35836
19355
7425
5386
28372
10749
27527
35704
34167
9007
12277
12264
3857
32593
20019
2966
16532
2442
1321
21277
19075
14148
13
34496
13845
27468
17210
32821
4839
36915
23571
7746
17756
267
7004
515
26650
8410
13829
3620
6540
27843
27421
15107
5016
4947
19222
762
31788
10860
31851
22847
28092
23750
23601
37517
3784
3321
25826
5976
9985
26577
30588
29682
30619
9939
37430
420
26350
35924
13482
27185
24028
2753
6665
4008
4713
16513
3600
13793
20769
12443
23217
17745
7602
11959
10361
25848
800
14064
33770
11153
36104
31295
12653
24571
35001
30783
32905
18913
9453
17879
28627
35145
9474
29164
12219
18500
9307
3742
17480
35264
15550
20330
12708
220
6430
31652
7322
15739
24727
29739
944
7569
3153
4926
22693
8640
5884
11264
13649
22427
28392
33701
27618
19285
399
9372
4484
34516
24026
4958
999
7002
14694
4163
11278
30351
8314
11406
7357
6279
28530
16984
18595
35695
22097
14723
15498
28227
22665
12499
29089
21956
1892
34590
14397
9004
14677
791
9149
3278
1718
19226
25384
20104
10072
30830
4584
27117
23837
27578
19751
13889
32635
11804
35853
11875
9604
7131
20999
54
7667
25735
19502
4666
29758
10766
29762
2906
30270
4381
34922
8946
5303
24216
4429
25086
15784
14946
29060
31368
36101
19048
33531
27892
25592
27996
30932
14591
34790
9886
5497
14058
23575
18184
10594
13407
10245
25851
35744
2519
14515
20147
28770
24071
3617
1620
21430
28887
28619
5445
31059
10004
725
21600
17440
6528
36385
3951
34071
6379
31997
29832
9515
14373
30404
27143
13737
10866
14509
19271
17270
9315
13582
33236
26017
34816
11172
8822
36219
12478
11345
19530
33985
8895
5978
8840
28420
27211
15831
32385
9157
26047
5387
23026
32818
7924
21370
36873
1460
32512
18040
14442
28208
21578
36398
37342
27942
23572
36621
8714
12100
25078
5653
1387
30944
2772
9189
14122
24695
21710
21073
868
34781
23062
30623
18211
25083
28492
13446
2055
7439
21552
4630
2775
23419
32534
6861
823
12240
4920
16568
13819
5874
5051
8204
19854
29508
7971
16620
32492
30079
34748
2310
14495
17228
23910
36390
18976
9252
23348
2686
33242
1738
17224
21535
5194
5455
18123
27948
17194
28009
648
18638
25585
21953
16787
20577
29797
36050
33584
590
21815
6229
35020
22327
18426
16750
30766
30976
14365
9937
14954
17867
2985
23531
32564
19689
6859
1134
32988
11485
35076
25494
1866
21718
13921
10490
16079
27127
13510
2256
17939
4421
2252
23271
8415
36434
1534
10893
13319
14604
13076
37593
2614
10922
29517
4827
4870
14009
28042
11444
23983
18701
26131
10014
31111
26251
6882
10049
10019
21792
12003
32237
9427
14881
17831
4955
15836
19294
2232
26766
8497
20474
30192
10337
22322
7691
3596
1559
3268
10996
18891
13826
23240
24666
36191
31913
26433
32498
10944
35417
2857
4495
32015
19866
7999
31807
30628
7022
417
2283
6870
7820
23222
36733
28449
25905
25199
36523
35034
5127
11572
17600
22245
24291
36246
18825
33876
19951
30856
10277
27809
18455
34424
22780
33460
10104
5366
15555
16772
16180
25440
26146
19885
33322
37601
24224
27668
10187
30847
12565
34237
10554
1768
36791
30969
17219
23703
33213
13306
23968
15965
367
797
1379
21153
8223
29515
8089
26373
9033
5141
7594
29863
7582
22483
10560
34813
1113
27311
17920
23771
21147
12524
25401
24276
7886
6203
22333
3965
32745
16298
166
18085
12520
9927
18194
19452
7964
25364
21102
36813
1929
25314
23806
31744
34067
28786
5666
31559
21214
27817
6397
35312
33083
7825
36987
30882
35627
5810
16682
6262
10671
55
20697
4567
15719
13503
12674
14923
22028
13147
23624
16280
7164
16599
27661
15293
23923
128
1105
27225
35775
12392
9298
17657
30921
35595
1183
22055
25318
30399
26946
9894
31768
6392
15699
2060
5994
36992
19859
29958
33783
541
6514
12259
7664
24479
28307
3960
27355
21667
4219
24014
7273
32220
19026
25290
11877
22576
28084
14559
25232
35078
33122
10514
24008
27409
32433
8928
25378
10257
186
4142
31608
19933
20109
32202
22000
9480
36154
1826
33983
11660
37651
30156
32489
23274
14942
29217
11463
28560
4312
7608
8063
17794
16760
5399
3167
18954
19152
14303
6311
7283
8184
7061
30116
13640
4615
27561
4697
32689
35170
12988
13219
27716
13557
2905
18079
6415
30963
8511
582
7609
7826
13345
32371
26686
23937
17079
3486
6821
2320
30989
21194
28974
24896
21387
7490
1450
4426
18815
15489
30379
37692
21674
24454
16818
1983
30591
7417
9370
24414
1584
34962
4949
2174
11677
27529
13724
2939
27224
36488
37596
31444
3751
25903
10942
28866
17373
23298
1765
26600
17624
24156
29062
12885
36970
35232
12796
11420
8564
33006
3463
12138
13223
34418
12358
30344
36142
973
18240
22007
19505
1965
10427
15014
33946
15695
24499
26252
1006
36236
23898
20282
32297
28800
8141
33302
15479
23059
29699
29226
35521
6855
27186
991
6887
18777
10204
31097
20635
11831
162
11861
24300
7136
30693
17237
17111
14847
37551
6690
986
11312
5056
16068
12787
34413
2492
6210
18193
27242
7696
6913
15171
8777
27086
27046
11370
21041
30655
37703
27655
16193
8765
18158
17165
23372
8813
5470
27307
31120
2247
31053
3966
16316
30787
8585
13496
26214
9580
29156
25343
9784
15938
16182
19806
6510
27943
8687
982
19158
32948
17081
16046
6741
6966
160
453
23029
8644
24471
21206
36640
23495
10483
8349
15874
17018
36422
18226
25183
12917
17651
4709
26805
7578
25130
34091
32525
2716
7555
19171
25030
5265
26931
8609
30948
26398
3815
33813
3103
8296
35463
22782
26253
16186
3738
22653
11298
28246
24759
36872
8346
4762
4209
1372
27972
31926
22309
11227
17242
22980
26920
7506
15910
12781
28027
29749
35882
34180
6954
21733
19317
11785
14594
7794
28947
27828
17334
14103
23987
25327
18162
16141
19654
14033
33161
34015
18792
27155
14524
25242
11571
17497
33442
30236
16167
28437
3452
4613
30745
11445
32226
22738
35223
19288
28128
15420
882
8456
13477
31973
22823
31523
24509
18526
9210
5518
22010
12404
6479
8265
35567
10155
18625
18470
31494
32612
4895
9910
27830
9854
16644
35111
25572
33202
7685
25764
6491
36887
2997
5273
31573
23807
30444
22638
15594
26138
21423
18548
1388
22866
5429
3240
19729
30758
23002
13670
2884
21012
30094
13173
18942
13902
8886
499
21142
22750
14230
27269
13577
31506
23676
11789
17322
6222
4418
10080
31416
16257
22378
13830
26681
21028
5161
30427
8744
13368
20938
18142
30409
4744
21094
12080
32786
9738
20293
32698
24301
21868
36145
9047
23148
27493
26870
734
26571
32773
12784
22563
4301
15086
3860
15885
29022
8171
15229
22157
21383
22145
20704
32185
31306
23641
17799
19060
37190
4021
20020
31902
1727
28356
34987
5973
5452
24108
36252
14246
3358
5106
25746
27667
34268
4971
22027
5708
7734
8549
23768
2148
31276
22311
29073
24193
29437
14345
7064
36287
19661
22938
31730
12762
37308
56
31335
20600
23086
32072
22065
21287
1161
37599
32840
10701
16502
27945
34950
18827
30177
26848
20359
31139
22865
25793
16489
20842
17886
10621
28667
12298
15518
3656
30788
12822
31866
13541
11637
29074
9511
5214
22292
32669
9266
37661
32290
30931
27584
13673
17306
13869
11984
8800
19223
19341
24722
35537
22018
18348
7546
9936
11615
25752
11308
36069
17245
26822
17208
36119
22996
16000
11056
13450
27512
36179
28081
25583
4007
4549
34035
22209
10875
28598
29780
28191
22793
23649
20475
16753
34905
32135
8060
13894
24719
16567
12823
4642
25031
27319
13906
27471
31346
16993
31725
33260
23876
34106
13093
2808
32356
29674
17560
24515
32157
36184
6186
11257
5034
15982
27238
27806
25529
27863
483
7376
32039
29210
11399
5524
31152
25596
5816
5342
27851
32837
18313
30229
3814
36215
4876
3095
7599
21566
22197
21426
15855
571
9036
6673
18529
9408
25831
35082
10641
5238
29132
9070
10068
17465
3902
22212
27606
2150
12678
29872
22155
11549
31118
3328
13375
35737
21982
4360
36414
16318
8542
30837
29204
11501
32493
15629
30564
12470
30679
4881
20931
1103
22029
8767
2099
11082
20218
818
16353
30849
22923
21047
36778
13791
18602
5269
17866
2866
20090
30159
7868
6197
22232
18363
9198
18755
6376
13701
16624
11532
24590
15356
20523
5617
3497
28583
25268
772
23155
4261
8166
19740
24724
16880
35348
14120
6555
20494
13707
2732
1479
6516
5471
37538
31016
25649
25377
34521
29924
3002
22683
21990
4531
6945
22241
18058
2751
27458
20378
6896
28263
3270
17204
21478
31694
12542
33461
6886
14257
29824
16061
34785
27294
22112
16630
11846
18592
23147
9075
20606
9231
36416
37362
19320
17106
24073
26077
7261
16517
30761
22471
18174
35027
12902
9700
6536
27382
33673
37668
21279
35058
6705
27194
19692
12944
1175
23275
7011
19915
14156
21118
21839
10799
32558
5122
23534
21645
9933
27759
15077
33957
15374
31950
13420
19450
11844
28861
11669
28134
2700
23466
4751
22052
1007
27239
8238
6068
16140
30327
20398
23785
10071
4643
37349
18940
23376
36835
8703
22955
4979
8519
19073
12893
30687
33098
2690
26622
12669
1901
36884
3004
1722
25462
7209
22080
14000
35875
188
29996
29775
13653
2483
14315
19631
2075
5539
13292
963
37163
2111
12168
10145
7918
10321
10255
13435
33997
13434
27753
4394
26958
16861
13709
24840
11896
17583
15414
35023
33399
22404
9744
30770
35072
31148
33866
8261
36372
7173
1131
21697
29826
8126
5374
3829
17729
36899
25176
20748
34872
34174
9235
20415
770
5192
7156
1779
6754
9769
37585
27889
28788
26117
33839
14416
15207
29361
7830
13612
19748
24915
8598
3259
32194
28636
33199
25411
4798
27714
3707
18644
29653
17840
10253
22310
30973
28844
2212
27167
30786
18674
3601
35591
17057
5369
15638
26750
13641
30720
17239
19281
23617
26112
5421
14651
15620
27334
27879
3809
30393
9443
15881
7614
11832
16146
1038
33350
3357
29478
33339
36965
20991
2627
17211
1899
16641
29804
32182
28013
9849
3621
3695
17700
24803
24532
36103
7879
19077
26855
15121
34345
949
12053
5726
32265
22308
27040
748
6253
18485
6263
23164
29348
17117
14362
23880
31681
12016
747
3150
20996
7469
11874
5464
36384
11104
905
20015
26086
16879
29507
20536
18246
4304
36190
4472
21415
27249
