42224
24116
44423
50664
40711
46815
5145
26231
15455
36463
18525
8551
27233
5738
18136
43072
33999
38149
38141
30518
2283
32592
32144
32043
27588
2789
12098
37002
33589
152
14487
14951
36973
47062
43346
8983
42049
39455
24245
15800
17179
3200
17048
41012
23413
42971
32657
13139
3913
12495
47236
38676
48251
25227
21019
40875
17078
30464
17296
47926
17415
22193
34799
16214
31549
874
16559
24851
468
14830
10271
32596
24870
21864
27119
25218
23228
22523
41662
8391
19591
32611
5022
31073
23947
42152
36636
6661
29999
13821
9525
38783
19675
7391
39386
25220
45143
488
11845
23752
42133
13958
12942
288
40208
19946
18222
13960
14905
18930
1963
4995
45704
44952
1869
13804
1544
28854
8883
29262
5151
42136
26461
46136
25899
25921
13456
17647
8004
37272
31742
18468
31546
8636
48914
44099
6311
27417
16119
51281
35360
35397
30872
14090
7429
720
49542
9762
5244
27542
34863
5806
9203
46825
51402
9721
1635
42039
38732
10060
51324
20743
25547
40108
28320
17683
49736
39854
47110
11853
14527
32089
9690
47145
21860
34599
21608
34404
29633
15135
47081
25601
4019
15567
22150
27111
27231
31291
40960
29179
31096
42079
42441
48581
44741
10597
14239
19011
11735
43188
42938
20793
33538
38543
49544
19893
4636
48440
45298
48839
4207
34206
11178
2692
47924
37010
33700
50048
27375
21821
43800
7966
13735
12358
50000
19308
32973
47976
35874
5570
51340
37242
11278
49922
17352
13773
42159
47805
49420
3026
1221
19665
39274
47607
37052
24563
8627
11806
36815
5814
1790
27175
1208
38002
31879
6979
23239
34585
48466
42416
33705
41453
14636
26004
31183
37877
23430
11322
41728
32748
19756
26158
15179
4049
51675
5763
11399
7363
12206
36018
19588
14718
19283
29182
22429
32514
51165
14899
3638
4938
27418
20639
21589
9926
19304
25391
30011
49806
23338
2340
17101
726
31412
8258
49962
2813
26279
46428
23819
27426
16999
23500
37178
46676
44306
19468
36791
2410
19245
3131
2943
14557
13603
48594
3546
25511
29614
5846
31418
28360
14654
27643
8605
45673
30188
848
38851
23578
44172
25439
31816
4561
24993
50966
49288
9406
29726
40530
167
6020
29163
51071
800
34647
7153
30238
3921
31313
36515
38656
35685
37429
11524
12725
13880
46721
29053
15438
22612
18646
9725
8986
19609
15630
15199
25397
6795
2204
37958
18448
37582
43921
28885
42448
12064
4303
25296
3037
41290
51288
43005
14656
12279
182
37252
37709
126
15616
40213
25185
48171
40188
10387
38662
46776
42019
10485
19669
3314
18433
19729
17407
3288
50644
50397
36008
20277
28418
5871
11066
2350
2398
17733
39357
7200
5295
43286
2570
29686
10791
45252
21618
32220
37438
48179
22770
22006
43543
16360
28777
7113
38240
8552
22476
13386
10460
46838
13042
16821
20773
19955
4409
49528
10015
13212
43262
43256
47205
13022
145
31996
16356
18115
24649
38955
15627
38612
1638
44121
16401
4937
16488
24027
8394
19347
44416
46159
19530
50150
18824
10129
14887
4712
22433
14968
49732
41771
10857
23307
15741
7723
35876
36992
7039
14006
46446
45849
9751
33619
33541
32696
24318
4716
25348
12198
918
12682
3000
18235
49941
9560
50282
45579
3857
31296
50234
14206
18313
18190
40710
8549
21977
5106
13723
20942
12336
23626
11662
23945
43641
39095
12485
23738
50499
11615
32348
12905
38244
3879
49217
17013
12983
40751
23064
5196
11913
17264
48108
7681
40430
9620
17643
34064
4052
46195
2326
29119
34787
4778
18193
28978
24704
2409
10551
17421
24582
1489
1289
12685
7345
13978
26642
12151
23415
4542
5847
5127
7527
14215
10329
43239
18123
38318
46222
16602
15971
44029
42353
44177
17131
2672
19402
36980
38485
43737
40799
4782
45201
17837
9296
37656
5249
17043
15482
12101
49889
12990
45002
34624
31075
33574
11918
12480
20973
35095
40280
14934
1010
29939
687
29063
25445
24493
12224
48247
48640
11079
32543
41536
36380
32478
47380
18181
37572
29527
24544
34771
35399
29896
50335
21211
26281
14620
36055
39383
25261
15009
5102
48855
30250
19292
32877
6005
16615
2284
39359
33628
15355
950
43027
22102
33625
15879
905
5143
30752
39448
16590
29563
29882
13068
43425
44159
39020
37718
51365
7837
11948
14758
13401
12881
11669
34493
11259
47326
17144
11442
30299
10333
12241
31985
9883
26753
13318
10972
30805
27644
14013
8046
20628
17360
39036
36228
49708
5441
41971
26280
14632
50773
480
12087
47149
26655
17003
26880
49091
43794
48334
49365
14588
3111
23816
6206
5329
50389
5283
14086
2977
34167
40956
16696
25325
23603
39166
689
1707
18192
20189
48508
45262
36359
22296
51011
48441
16412
1750
47178
19388
4751
6279
50416
1519
13560
32548
30763
46265
15747
17628
21445
5300
42196
18686
36559
3235
19774
47468
25042
39361
16466
15444
48032
41543
27001
15182
39033
50910
31983
36924
16498
39384
33703
48432
32619
28804
50005
31547
49667
30051
36543
33616
11037
12126
31492
44518
18571
22572
27357
227
32985
7504
18778
19060
21984
11904
41406
49943
42458
42721
4107
41047
23605
36139
36214
35971
23206
7285
26455
44095
14837
8728
30061
5406
39925
33443
6406
23145
44128
20092
16783
6285
38216
28603
17778
49134
20589
18460
49545
12305
6411
17462
11027
25175
35869
11091
11999
7781
38947
11811
46748
29004
50736
44891
21222
32338
20409
9846
35421
18148
24436
44666
14974
24501
46531
24922
29691
46369
4314
9920
17739
16597
21407
27474
29246
32374
20500
26970
14990
6826
17723
27295
44782
23272
36767
22778
50593
22706
12365
11842
40034
1969
48017
37843
34613
9277
48790
23058
11481
16514
40706
12238
22786
1541
50965
29711
27786
19514
16923
20818
50124
48203
6793
19831
21919
3753
34032
47251
19479
33314
746
5034
16518
3495
41542
28436
35366
21184
23311
31044
6152
18885
46974
31717
15643
15153
28049
2070
33933
39473
43828
23164
38768
47745
33002
49617
15492
25367
11881
35978
27636
12624
47875
25906
19156
42373
19456
35648
35138
49137
29674
28146
13697
39079
27968
24464
45764
3374
28233
47096
2609
44227
25125
43823
24007
34542
17060
22015
28152
18035
4915
22418
44843
4762
16015
39886
33801
5195
45512
31892
24760
18611
20126
37345
30107
1817
6814
13126
40509
36327
48782
387
41272
21432
41960
14176
31775
1791
37013
40489
18595
27138
6876
26988
51408
16965
14062
31067
39986
15491
25670
49675
48738
3136
29269
36164
20376
20442
17619
2817
42689
46299
46532
28898
11305
40082
34194
6421
35482
35
28366
21433
28660
4174
32404
5925
8359
33379
46893
18751
30987
43705
9909
51500
8199
44664
9661
18973
4555
38818
9019
10673
20078
31327
10493
18011
6637
35550
514
425
35004
47150
21248
26799
35084
22989
47760
13779
27986
51442
43370
40431
51524
20036
6398
41615
42934
45852
13549
40814
12307
22453
11586
34593
33332
41170
1920
47784
23291
8938
19488
24376
11875
1306
7178
40605
8066
367
39006
46903
18101
8896
40059
10508
7544
30633
42792
45562
15711
48753
40062
37119
38385
35113
35565
20249
859
35506
42709
44696
7315
37267
50113
2219
38840
46740
30135
20962
5930
4798
42869
32854
19274
42113
15045
3974
21516
28791
51182
47634
35441
3293
22987
9002
25864
12940
31849
37553
47051
11153
32190
33474
4678
4549
40175
15271
24517
47940
4134
19254
36280
34186
19281
165
25620
40272
23940
1983
35463
24466
23451
41647
48315
42827
5522
29806
15477
26513
42047
22189
16748
6199
38326
41581
20961
15235
2987
29673
12687
23886
12554
41977
42377
19378
34731
46764
33455
36572
28337
34636
24538
46808
31235
42248
17551
40691
30488
4111
16912
31613
24878
36871
17097
4863
1511
48777
19641
19805
243
8055
16844
12507
16664
42527
29094
35132
37971
13903
13545
8487
4114
22751
50973
11453
5464
16579
18560
39612
48808
3730
36378
5502
29814
8013
38395
8323
45817
23984
47860
22873
15144
12298
30929
44551
24405
3902
38495
5458
32347
49924
46143
20259
31630
48512
14294
42168
9248
12222
9140
18120
15320
6599
3606
21927
30731
13937
46544
977
27917
40981
12458
9021
18753
30311
16775
7688
44523
16568
14798
4877
30064
23154
20715
44194
26943
16125
2091
36343
30070
22313
44102
23914
11994
9827
18814
17777
35766
3006
28758
8555
29656
31343
45814
6581
23266
47587
12794
2967
50573
37295
45777
1596
40982
31857
37000
22027
47042
38594
43105
9335
33901
18021
32702
16512
17186
43695
34183
9461
36285
33166
6891
8727
794
5996
12363
29902
24511
20476
25459
24924
23428
39709
41405
16644
28227
701
18357
43675
45273
11360
14877
21571
16038
42074
27
14867
6027
3840
28541
18247
23202
44461
7596
48332
51451
3748
37140
7664
15578
3092
19731
32683
33200
26871
48114
31104
42680
40139
22434
30730
5176
18359
23509
31215
15892
44289
20763
7670
40356
1099
6253
9370
2786
12455
28871
30187
24723
42201
3381
10547
28582
46374
50042
46732
39084
41434
17506
26096
29317
46949
36405
17321
21303
49510
25141
42919
44883
23345
12606
5508
18599
20739
4341
33765
5003
6949
37453
36822
2176
1755
9188
30517
10177
20369
12148
38579
19995
23244
43608
9578
12691
15319
23935
42219
20562
40083
44387
51304
48733
40452
14493
38480
30435
12105
5213
50431
27439
45457
22777
7437
189
9706
25246
20885
27891
21788
49970
40495
16260
37618
4814
47126
13462
11887
1398
37381
29074
5349
35076
31408
7669
35941
80
24481
49264
40758
43702
34174
28612
45645
21859
38087
2498
49
49072
19243
48136
33312
18556
1264
12541
10869
28678
46530
33416
3738
28156
45169
10887
24956
36661
18667
13184
50347
10423
42265
25106
29166
37691
34166
2
29544
208
4118
33309
20576
14627
43257
9932
1115
26080
12456
35061
45933
23959
40969
31302
10431
4084
41309
7501
36949
42992
27790
46970
46318
15273
11767
13266
48576
2593
23534
33067
12885
35523
9044
28063
43750
32164
18194
23329
20879
40084
25103
44569
20969
15528
42155
7942
23242
16398
10085
27445
9731
29687
14510
1077
24733
33278
41927
31428
29148
22926
43995
29690
38948
38234
35710
35960
14785
33493
16854
22439
43013
18483
31299
1922
26599
38285
18863
10360
43923
26457
45680
17477
50381
11944
35989
30639
27323
12337
47775
2826
27920
40114
40655
11631
21259
31994
1715
48830
49786
22720
27352
21192
46826
48208
1215
24533
13611
9305
48911
22912
9282
21897
32388
34498
50687
24999
13010
1028
35197
29491
47754
15503
38863
21906
18545
24791
44379
2092
35052
10176
50306
38988
2311
3940
24804
44157
25404
17071
33117
27584
39464
24434
23833
41673
14608
31411
32616
44749
38525
41667
47142
44669
6934
22535
4983
42950
23505
4373
20484
20808
6308
10824
6902
29922
34475
37647
24895
13322
21675
40194
36137
47949
27210
7051
45278
25603
3279
23516
45416
5903
6503
20947
39919
42261
10741
36877
1712
24864
47155
18295
21901
16219
46068
14335
24364
29498
23395
24371
11192
42504
8629
12037
2457
14380
51473
33192
14217
24929
37607
20991
10149
36911
24774
12735
5506
43142
13223
33498
4445
44751
39338
51422
1364
36025
35884
47483
27866
26189
25709
36129
10439
8855
17234
2466
1424
34127
43135
34258
10755
5732
43016
19643
42040
31953
18475
33943
12748
28510
7717
29530
3539
13625
35666
50182
47161
20878
16111
20599
49085
13395
33701
25607
30145
31305
6187
1536
777
29236
18989
6558
12317
5470
5633
447
22336
11949
5611
21309
41756
20867
6306
21885
16334
46075
13292
25545
43468
3359
41358
3659
29276
36594
21599
35998
39266
48755
48438
25299
35849
26690
50535
43360
11758
46486
23007
9608
34361
34645
19340
26786
48552
18790
5463
42957
39952
2383
50547
47119
46220
26584
43518
22050
1182
2402
23826
31864
32814
18379
12655
22559
31730
32673
11342
5037
28489
3938
48718
30261
21935
6194
22493
10079
48399
13493
18608
14186
49166
363
21812
9991
5178
38555
718
5574
40992
37079
25271
23086
23243
45890
6761
47229
36221
1056
35034
41768
21522
28925
37870
10204
2189
5045
411
11810
14084
26049
33257
41527
40248
2472
24946
2650
26557
19008
40849
17214
47432
33068
20600
9589
44348
36506
16564
37188
46422
28511
7254
15862
31419
48311
40843
23664
35742
10302
35816
557
12707
9720
43845
34387
28598
30717
49463
43433
291
4821
22235
45719
7082
5260
19810
21411
33762
17638
36290
22885
483
20068
17499
37177
1349
45359
32667
2032
12714
24711
4853
10718
48321
14906
30892
31413
31874
28298
21610
32420
13083
21577
19095
9348
42399
46551
896
22354
1014
11908
32511
22653
33222
30754
7575
3767
12806
10571
7115
31764
18858
39793
47664
4805
21708
938
2979
31782
27600
47136
29767
19757
17791
8946
49606
47737
41975
1062
18309
38274
19726
24266
37473
1095
28652
7732
17973
51146
45368
29945
20819
5166
9491
47866
3622
12638
42543
40650
5399
32191
1736
49360
11316
28318
26136
27411
30420
46848
39839
49153
17452
35501
2874
24749
33545
28827
38767
24850
21218
25456
43595
30739
14567
33352
2648
45926
38294
43155
29642
37749
11169
10241
32672
26350
43626
9746
45574
35157
44986
46215
29170
49482
41817
32267
28066
41108
8779
15266
43088
47676
836
7486
39186
1970
23839
8900
1599
8769
12504
875
6764
3969
43202
13573
16929
3723
20980
43839
50372
17849
50418
13570
9422
30059
33053
35727
14268
15000
41345
16502
4616
40262
15915
17864
15364
1005
5374
28115
13282
36255
3181
17738
42994
20345
21882
42751
34929
7562
47830
1978
42764
27116
7930
49484
42098
33537
47843
33015
6961
46759
36249
27816
4421
1479
40376
3042
20987
49810
32842
31793
927
3664
45000
526
49645
50876
4407
47345
43510
41759
28355
44660
24304
33687
21590
33301
11051
21277
40228
29573
44133
27266
29484
7203
3518
36154
44477
29860
14888
19244
11219
47548
50770
38737
49616
14349
44725
26302
148
37811
43831
44645
11539
27842
23713
3800
32173
35928
8369
27607
36168
14179
5504
2574
32135
17168
15945
5875
11338
29445
23343
31658
49566
34273
13791
9040
45187
3039
31662
8569
7862
45873
45903
35300
34035
12911
28362
17518
41202
8114
9826
28736
42439
14605
46718
40266
17287
2566
8589
11205
22450
13122
50198
29594
33418
25787
50016
29034
41513
45821
40561
38425
31350
30262
37301
48607
23998
23767
10806
26002
4633
4026
22334
41726
41228
45312
28642
44547
22884
22558
18671
46737
10701
16500
39073
15509
4734
1559
19003
648
23687
27782
35752
33914
49329
21504
7064
13754
44997
18127
13760
20736
12437
26834
7038
5241
20062
34616
6264
8084
16482
4127
14383
5910
9979
13722
22100
8755
16562
40844
13770
50608
30044
28378
31052
11930
24120
29288
7154
28196
4499
29479
43610
23624
6385
12795
13977
49743
11878
24077
13892
31521
37328
22732
561
2146
43282
42817
19861
21307
20857
20610
25614
47899
51228
32509
50240
41821
50391
31173
42177
7613
25156
37778
21907
15154
19841
2256
11124
33213
2583
4015
43302
37412
38562
25426
28730
13911
43317
38640
12320
4639
45997
42318
36982
50318
16093
41005
30596
50887
21868
37094
32287
36026
42221
30890
14700
47806
51294
47369
36773
45453
32690
26688
45696
38253
3507
27572
41924
20588
9445
46918
20766
34662
51479
27285
15471
45019
41465
41605
50568
20714
4178
36226
7629
50132
35890
21833
48284
48747
8901
40167
1154
25216
43350
5235
32427
33960
31424
41266
41920
1576
28689
36821
16319
19031
36027
21520
19395
10240
18201
32237
18796
3772
17035
30611
40077
31000
49087
10706
48566
9109
42208
42780
22698
11992
4038
33651
39394
28800
51184
43136
37649
26706
9795
24431
12175
19794
29406
10407
14874
33855
45360
40378
20070
33821
26673
48469
15202
46071
18925
28361
3085
3273
3609
19725
34655
12350
45912
39504
8739
11413
20911
17154
50880
15604
51301
22143
13593
27836
6475
30286
29425
18629
25955
22692
48014
47626
47878
48429
24813
49307
37862
20336
36551
25506
51306
25081
13067
2999
30772
9522
7300
127
25986
11479
3490
23394
8539
20663
24408
41990
13158
3272
22028
7792
41825
31896
23172
31595
33245
34883
11074
32363
26296
37341
15416
26100
18251
42367
9948
51510
6028
26140
23736
36116
58
28578
41627
50366
33036
47896
14174
28633
51649
24449
14745
26198
37796
5053
7120
11577
36336
47847
6384
22710
34538
33924
32184
217
26883
38082
3327
24542
22423
22074
3525
12248
49711
2249
26749
27934
26765
29180
42663
5242
4646
45294
39089
21115
41982
30915
1674
27454
36906
48956
30125
33101
39483
5070
30491
36680
37364
24410
51143
16561
44208
27358
41989
32712
13580
43673
31372
12799
47349
50070
50402
34601
16531
7761
4972
16272
40733
24632
33872
41932
1478
15842
40094
34070
40598
16884
50321
23722
16635
21716
45600
43906
19711
44735
16595
38337
33441
46064
29051
4657
13380
4281
3182
42537
38379
31480
41033
27513
41892
42432
44527
27308
34226
25340
40796
44353
9235
37804
47014
27075
32444
40717
42870
36230
22532
13365
27984
13569
13588
15094
17561
16070
27579
49773
42244
9651
49196
27929
44406
8481
50630
12490
47577
45621
5481
17511
70
38164
29331
31283
32906
43991
21091
45974
10296
30355
49080
30558
13168
4521
39176
23684
7403
31084
7729
39604
40759
42268
18058
39917
47963
51130
39476
39753
1360
51522
634
370
8973
39145
1321
17399
28794
31545
35129
21415
19892
37871
15107
4548
41844
7075
33221
8337
7380
13525
17954
44162
47669
38718
17160
17279
8936
45435
17704
22410
40644
45330
19834
28292
31373
23377
669
11715
7107
22828
28269
44708
8278
12815
30656
44855
23619
12590
31654
30818
45911
42386
29677
42352
1406
34417
2766
1885
41815
25168
19520
47705
31770
25600
40920
1624
36291
50781
2000
3387
24342
27978
40834
39069
8081
21878
125
9911
14918
38914
44534
39889
7863
35844
5484
8382
24452
8508
48078
9251
39103
43423
17332
40869
27913
6001
24313
9616
35763
22644
6282
5696
22385
43417
33978
2931
14856
22482
28008
14359
14839
14448
36578
40929
14590
26269
29316
27977
39408
31452
1665
37170
18078
10098
14118
36284
10566
2598
14832
13407
40784
5340
17099
28228
25068
11050
2396
25697
18827
38622
8745
20917
18587
30130
23861
46598
256
12914
40604
36003
13877
3448
13345
39815
49692
27774
28030
27387
18311
22846
47496
42499
20795
20612
46113
23090
22494
15805
41748
31278
46186
8994
22131
44714
30053
50052
24702
39659
12982
22070
18622
39987
48066
17886
8302
19287
17238
33473
45800
17526
44431
29574
18728
3301
36404
4905
26948
36015
46131
83
10337
51350
6828
46515
37435
44424
6656
44521
24537
8250
48482
17051
40004
31122
13526
28707
988
27910
44252
4265
34684
26220
39904
2468
23108
30519
29200
16996
36076
51488
10625
19992
22548
48121
29794
28712
48944
8328
41876
2632
39617
24406
26575
20731
29750
14646
8971
25319
15001
44216
45073
45110
1187
46235
26369
37281
38463
16591
47839
688
50588
41078
41017
50538
21217
5210
14066
46341
23270
11536
46777
11117
22133
14007
3581
30429
28369
2505
24959
46046
21612
32219
51658
51119
50594
23434
26953
24721
1015
41100
4852
23734
6917
28241
47159
710
7753
19139
49423
29660
35505
887
35607
26728
19541
15815
44603
27335
1
30707
1141
30837
38782
41942
3430
3355
22793
28250
32750
9502
10975
42739
30035
25272
15050
13849
6580
26028
50088
32972
47872
18125
4232
42922
8246
35819
29380
396
19551
25118
18299
7957
5368
38217
42976
20111
37580
20198
12053
14592
10365
12830
1299
38428
44354
22547
25867
7329
19511
38133
38251
50826
40614
6389
30184
43894
26533
18781
15595
43454
28389
10557
27696
1711
41636
30266
21684
38808
26976
22939
8263
43732
44606
24244
39305
26766
21556
35210
37388
31511
17905
41464
12544
4065
48728
21692
19826
15981
18501
20319
16711
9307
45421
18734
29756
39645
34328
27041
17833
5238
14470
34985
1644
38255
25464
36110
22896
4717
9121
46291
45043
44320
40410
11584
3331
39766
19442
11783
21746
13207
31981
4271
22665
8445
1368
12826
44094
32880
32015
18209
28527
495
7773
7032
1631
21146
3948
9866
48810
38974
27342
18065
28076
37482
48173
17125
29589
43854
49820
43424
36411
22218
31086
5229
14194
33833
41404
48877
30709
47336
8201
46885
34723
35334
49215
27340
34371
23422
51654
43181
27356
42923
24952
13737
40336
40527
35189
28053
21455
30950
34184
35432
43684
8155
8743
25453
40461
17821
37147
39872
25993
11864
11923
5927
48970
13118
10416
23726
16840
22378
4450
37282
32964
28890
23209
50892
22784
5535
48270
17456
8462
5985
15070
6335
35290
36109
33240
24913
37404
29828
29418
48530
13730
47979
45986
49115
37918
32311
6802
6481
43298
12901
25610
17814
9233
25926
49701
42627
44135
26680
44668
30329
31368
46400
28752
26582
46203
28391
29764
46879
29222
35133
31160
2937
2475
34389
22375
40255
50069
20709
13280
884
1657
2230
49124
41257
4163
44026
34085
3823
40703
1754
34228
2191
26424
25109
14224
27321
13060
26131
50503
17703
43967
18394
27318
19855
28530
7950
48324
19887
39071
36526
532
32362
43045
36064
33831
2898
6166
6873
25107
40413
252
21081
2559
32139
31164
50420
49061
21495
35820
39279
36397
34827
8122
41578
30728
47499
9650
5366
10880
46697
47352
18312
5043
4527
17513
45004
23895
12917
3835
41399
20017
1518
35980
38652
31438
7122
47989
36919
36851
28638
3936
44517
4609
51359
23327
41313
47889
32941
34592
18903
8170
4151
15552
3202
24203
21731
47552
43871
19704
26873
43676
35287
46170
19874
29621
41003
47567
38203
46829
31113
23246
8613
18928
41157
9301
37881
36169
981
93
51073
47188
25748
35160
19434
24289
3942
34238
37679
34737
48278
21693
16975
40278
24730
11540
25751
33383
19921
45309
46244
27283
7242
13101
8666
13503
38601
8325
12382
15783
33514
22741
2108
15801
7563
24604
33950
42009
47382
4277
23599
812
11895
11005
10354
16987
2970
49831
18375
22899
13081
7229
993
5394
48150
50441
41230
41181
46410
37409
25770
17686
27347
36937
36976
3979
21191
11553
2881
33693
45410
38613
41243
3388
18688
11282
7701
1013
9028
44414
18155
4768
24839
26431
26202
49071
20915
32254
9419
5952
35358
47547
46539
12209
45236
50229
42664
29837
40484
12536
30666
23000
23450
21769
21644
36297
12786
47446
49178
28496
30153
1108
40265
50937
2717
27310
8600
50050
27998
34554
10958
7574
29358
3409
2500
51313
4256
39304
24602
35455
49125
17163
28325
35185
38220
49032
43200
25837
27893
31759
35368
43008
31362
46983
48553
13642
30751
39055
24166
35929
29343
15934
25022
51434
14507
8116
49355
9676
4960
15536
42510
6625
12814
33262
40417
18534
35428
47023
38123
3522
41400
1580
38116
36521
32560
14396
37197
22421
41378
47046
17044
48400
51475
20607
11512
35057
44116
45981
12693
8244
10125
37168
28487
43287
25422
19759
6756
32981
9212
38724
7521
7265
10542
29715
39102
22350
12233
680
39840
7587
15620
32919
42738
8026
44683
43762
13432
46629
7889
49026
29864
6360
36566
42975
8802
16279
2100
2494
25702
9769
14201
9797
9585
35577
9396
3084
37807
17226
40967
14500
33926
39607
16152
27727
47945
8073
23765
30594
607
48882
32608
39700
20631
14465
41702
2773
30217
24164
1868
5932
9144
34477
14614
18469
33405
6144
8374
10777
15303
21564
37029
51349
29897
33484
46871
4986
33302
25154
36296
48699
13910
8460
48769
46060
9973
26046
16621
18242
714
51188
32445
18710
14727
12005
41760
8048
27162
35892
50590
17290
2057
48990
26052
11569
8006
28985
11684
45271
6671
16978
44901
19528
50740
36426
33875
16981
3650
34241
37882
27302
43474
13759
30028
42092
40692
44235
32381
40234
41095
51084
51258
18178
45636
103
25878
7748
7193
8915
13744
40737
33482
26244
5829
37102
22283
49506
48264
26822
49628
50767
42511
38799
4320
12633
27428
8396
25714
47520
18439
30126
33466
5158
46922
6060
5439
14801
33564
14404
36902
9229
50863
9622
45688
28322
30463
1958
48583
11859
32463
6929
16951
4891
11740
39801
44876
8924
4165
48528
36571
48568
2060
12220
29666
38618
16380
10725
1678
27507
32285
46798
38252
26537
8949
31163
39754
23099
8117
6507
43357
1820
34031
12862
23840
27799
43784
32205
26149
34113
26343
24258
28340
7127
13607
9982
33118
28979
5637
38136
3446
11084
42609
8468
46321
22072
47299
6125
24208
4595
842
26088
37226
47923
30467
4640
27625
1866
43332
37443
14820
5407
29986
20796
9260
19386
7819
30692
29968
7490
8049
50248
46354
26856
50743
28265
43613
11290
49362
43103
17080
38568
15907
16109
14152
47166
19592
7676
26549
16322
7170
5030
17732
14003
4266
39780
10704
33558
38095
15549
6161
18321
4142
10841
49997
4240
38287
25553
21781
31516
25671
3030
47411
12939
15823
20192
43418
27125
21267
6347
33421
40599
29295
45466
23081
48522
33294
1685
24018
51712
40327
33323
10014
23186
25953
40588
46323
44006
5973
16508
44234
18478
32154
4858
46308
49351
34122
50793
13812
19127
24757
16197
4468
20002
42463
33298
48558
37269
31761
46189
42865
21817
25556
13036
8911
24752
18606
46630
12919
26918
2536
23131
4182
11287
9755
2391
37629
7915
1950
19829
12290
1455
21808
42885
23167
30214
24716
36564
32134
8853
8796
41362
3529
6003
28305
24664
48953
35359
13308
39933
7025
40851
37044
46554
2720
33158
33783
22458
18789
5560
30002
41547
40396
9698
24079
12643
36001
42942
4478
242
32039
45429
22232
33396
38183
20965
51355
41329
17655
43614
46419
44459
26111
25680
39233
47996
20543
32017
45348
8131
39253
46806
39631
40174
22648
21079
11919
35632
2959
44231
42603
27447
34843
37724
27049
35797
43450
24019
46077
1142
229
3403
51148
12764
5628
41533
10281
51570
40028
2657
47341
10891
25416
29655
46273
18609
13707
49963
38807
4752
48449
9668
43041
8420
31636
1453
7960
24341
32801
731
20477
22071
24252
4970
36959
4722
2210
23827
1698
4035
23811
27742
36059
44590
34200
3440
10848
973
12012
15927
24474
8064
36876
10004
39218
5601
28155
11500
23668
42773
19646
28070
32494
946
3568
17729
46451
25904
15433
50798
36628
51483
7890
36247
15108
26498
14617
32295
3894
41299
46887
48048
41277
48110
35281
37639
16503
23044
11916
13064
45701
37487
6906
46479
38942
36746
50255
6396
50082
26059
46611
4132
3190
38621
2116
51423
40270
50488
33370
26030
43983
20424
37271
42988
35552
22906
6016
10124
33445
11463
18408
11565
49313
21842
137
15489
42194
41105
25832
2087
1339
38047
13994
22248
24543
51373
13546
24003
27101
44568
36350
49532
21452
34171
20726
22642
39087
42256
25912
31323
12304
39776
10456
18479
9782
38530
48022
22402
29250
9213
1488
1640
1083
13848
45744
37812
23721
31012
19941
2712
49332
28583
24661
38867
41749
16868
28331
16072
3614
682
16762
11055
13198
23292
49349
37782
24778
42831
37293
39493
25344
19610
41679
44246
26306
17240
2167
50520
35875
48663
34208
14033
33778
34221
30687
25508
35232
16188
42814
22459
16708
30834
41585
5354
11624
35317
51100
44924
32070
8702
1889
17947
1900
47813
11954
5438
36043
3895
2461
21132
25645
29515
2585
6812
6049
15903
50836
12104
22680
46923
8813
10694
13561
1000
39534
2333
27583
5659
29708
39459
26087
2775
49618
30318
9691
23732
49778
29333
43780
40333
22888
50675
34081
47071
21720
19635
13192
35342
10317
71
26237
22086
36600
1751
10475
20290
14397
30979
29378
33088
9971
21721
4602
48039
18572
43368
17685
9863
11468
9559
13358
2297
7702
29014
50173
4744
49580
20568
11190
442
29637
15748
13817
38499
24407
50610
38608
49611
29933
19876
22594
31955
20968
20832
11829
6221
18303
50584
21773
49646
39201
28287
15351
22962
36870
41363
34324
33812
15191
18044
20178
41492
49990
17221
36227
44766
5100
37234
26506
18784
19760
29983
38018
42190
44429
49650
769
3392
17993
45543
1677
3599
47652
22247
19766
22159
51425
38895
31444
8999
27641
36476
48483
22179
19133
4524
4955
47504
45881
40523
18535
51234
30180
30206
787
50586
38148
18117
39775
25933
6346
37146
1428
38302
16855
25766
46940
50669
28711
35024
41258
43651
28639
45242
49626
24188
46750
25483
35401
43334
38552
32871
26392
44022
6256
27747
38833
10308
4604
7581
35108
27425
299
13084
17402
10712
40891
9326
230
44587
3844
23809
6135
36468
3016
16842
50148
47675
23787
19740
29320
33834
16328
35749
20790
12882
5267
24176
29757
22146
28067
13204
4895
15171
22025
8959
28005
1966
42651
42197
42011
23648
31384
30316
21724
5360
21974
39750
48666
24902
15638
38469
25733
40177
32497
35714
19394
38327
17212
38286
10086
3133
47757
30167
51487
1418
39900
37033
6897
32521
47812
5236
29672
15659
35137
38687
50907
5905
48653
34906
50404
1690
25253
42082
4347
15376
39283
4809
43440
37801
51532
9167
13224
34102
5989
9177
45647
15389
13675
25848
26172
19259
43407
48802
1465
36265
4789
18171
4512
46593
7065
17846
27739
7800
12127
22856
41418
44685
14703
15102
43269
17995
43180
22697
6924
2290
42363
6361
12249
12584
41449
25482
25765
47791
19691
32984
27669
44097
11250
19654
46315
27401
44494
37186
49553
43266
39447
27989
3583
30411
48070
6270
1463
51383
11279
46241
34874
45801
48163
18248
26126
8620
46906
31916
34237
12995
7427
4363
22292
7635
7040
24055
44954
43862
36191
36294
26741
26493
39755
7048
11947
28990
40712
39308
43687
47428
949
42936
42330
27939
17110
9222
39261
31739
26063
45197
36104
30863
48667
39568
51436
45769
30247
45614
41738
28097
6782
13798
8187
45058
38378
16853
23276
49289
39445
7787
13074
11627
13225
3922
5115
41149
5980
22841
10258
30083
18404
4535
29415
48682
11422
9492
36473
36158
20532
16225
25206
28181
15037
19880
25843
9688
43487
38163
44616
8545
15131
19208
48825
32281
13286
31974
13537
32428
9764
14418
30498
42916
45401
37086
14679
26307
28816
30871
36340
33462
6061
35319
36048
3898
19324
37378
23362
42604
16825
9068
43631
27709
46061
42786
42816
50120
38247
16949
44638
19846
45299
20102
38049
42815
8603
40445
7630
27993
2258
49741
6210
47043
8435
16134
40794
46973
34905
41414
46050
20574
9737
3662
49949
17293
41907
42484
29954
48347
21080
24009
8550
22399
40610
16703
28853
2293
29606
26133
23006
35647
10962
35981
8904
28090
18465
41328
3945
45575
32495
4501
48585
15008
44040
19370
12463
33074
26072
130
28607
35973
31914
22564
6763
38151
16041
8467
4980
42951
32976
12071
48267
11277
32056
8776
45082
38444
3035
29785
41084
36311
27597
16294
34154
2688
6775
10279
28016
36964
3993
6807
43078
4369
46638
41112
27270
40536
2887
25060
36940
25590
38588
10452
16150
20377
44897
4121
45944
29142
10369
30572
14702
51558
16114
46909
37846
25016
16485
33094
10389
467
47893
35948
32358
2203
45493
11191
5277
48749
1725
27044
47583
18601
22113
15314
33382
35848
45522
46420
33102
40153
16850
46911
15829
45735
33842
37704
16612
48191
35344
29671
41360
11717
21732
15797
16270
6980
2428
10406
14648
27224
43133
42418
22780
11816
22947
32033
49972
20060
21341
30162
11761
47146
15716
17001
22561
22521
22194
27595
41984
41407
17409
49306
37569
4366
26664
11751
46377
28863
6497
23857
22137
51516
31890
9178
6179
10359
40081
6470
4379
23807
20742
10982
19405
10161
49791
5772
10265
36277
40076
26499
18327
39396
49308
37244
16593
16937
