216035
483688
350351
229332
496326
481594
464318
155442
177103
197213
23019
287780
218181
412621
470702
229855
180606
20673
90867
313322
230374
321814
373156
477647
150456
355464
74722
489297
500433
450615
519057
496915
534188
288577
378704
54665
505297
511590
12680
380035
63597
394374
484080
330204
497637
56335
146610
464510
29639
182662
43670
299372
1867
5463
228528
228662
53356
208948
324291
36697
419884
19730
437493
206670
525900
33946
508420
215201
151761
428888
111370
194981
118756
481368
473933
512660
351446
519581
492708
367444
350108
389328
336772
238404
441624
512616
308433
33359
131442
282824
352251
463658
138248
90808
278769
513825
168150
451887
457084
322083
47170
137710
258845
460521
81108
393652
223284
235315
463460
133828
43639
43681
36764
72480
229738
411515
283862
55718
321615
69228
390936
334296
475758
330781
321982
21879
524586
270742
297664
39006
34058
176122
462275
439746
277194
97193
162236
459524
42001
306623
189400
9487
504527
133403
287895
55347
198871
523740
508566
375509
42718
249377
311767
451988
416002
534502
414136
43190
435870
66379
394039
258548
530422
211084
311090
480751
436863
332140
340478
305732
127885
143766
150543
489790
148657
12472
404991
486939
447836
339663
473648
56538
494945
128004
103133
387191
219184
127967
60071
532140
493365
484742
77006
229909
519755
350083
469903
515622
235244
453996
341965
42566
328608
109630
388524
360227
401403
505945
54539
170269
53067
206074
237798
248729
519963
363751
360642
463799
63514
38768
107046
513716
39867
350440
31383
176919
90168
408067
299847
87438
456777
295539
450937
186404
353887
24021
325650
190701
327901
8313
225677
67954
107497
502053
80339
462155
273716
79159
254972
199832
480359
130608
188513
75984
434634
434021
130141
469773
132795
453556
293950
153111
152699
359348
58935
215841
316801
376502
472690
479221
258524
44225
99681
500058
165090
176308
246993
161916
479538
139393
159244
507295
179250
39860
258303
143382
78472
520067
523898
506844
69898
258476
147211
75626
114784
33122
477818
84834
187799
434383
361879
252073
364899
416573
250338
414177
291822
40154
300453
430520
150727
236986
154246
80823
14822
38485
223438
231743
411687
279270
488177
388417
322487
354604
506731
252757
523354
381495
118731
317573
77730
111853
529001
514887
32650
101419
439751
114588
520124
270322
42463
523845
376054
495487
242711
62236
434809
58768
147049
397619
519820
309359
307348
39953
96514
2478
128815
392744
149025
154899
480831
448815
289165
82518
302683
399883
420350
494983
20486
106353
93155
195417
438875
408805
402721
534909
16008
346878
162644
464113
517825
522011
471936
466250
342439
490732
317458
495991
74725
188047
215772
490145
42902
259327
134493
343563
53086
239871
149583
269879
48089
83539
505224
393035
114440
169172
116561
260637
138050
314559
234756
229646
37578
451798
268233
501689
526905
361930
201309
499281
155457
315223
391198
486821
291683
447926
56859
214919
209036
385223
113088
35705
461961
153476
368840
430205
75413
479309
227345
52393
473943
97103
124538
224247
88496
187521
153726
427353
65295
370035
112040
36691
248955
393025
388978
14601
174023
120688
106249
121821
505518
458148
367775
527152
476489
133794
397672
278845
430754
475742
533744
375845
80875
10838
478627
198778
99291
459844
217597
435300
292717
222404
335056
257322
343000
129208
294807
157899
156401
221827
124629
371366
527805
80330
347679
42035
244056
399131
479874
186177
239027
10313
439843
437018
62418
325004
83519
385425
143450
515555
114391
331081
496343
206796
160858
221292
224442
377058
196286
361349
24485
401892
441869
369951
155422
311028
305251
514003
59156
356428
428616
259721
530707
520037
267173
172181
480652
2021
240670
170913
152222
321736
26978
264102
125468
152480
202120
456048
84026
393143
14584
144437
11764
459567
204676
96008
377112
218695
225480
294383
321890
190581
183272
4589
95820
362530
339011
104310
302807
108806
341200
67551
213101
299663
375009
52304
248100
179143
526016
454968
453276
196648
504873
69963
128392
211977
146851
495981
407832
92854
215573
181027
394827
491089
437954
365222
489459
245243
2379
209204
363964
40220
526586
173177
206344
419946
473385
57988
423776
189657
260221
270566
301976
18087
382506
305454
466738
438176
110379
295310
79139
157586
82465
346632
140253
435891
252339
393820
38907
179722
416308
68661
307957
244451
387564
252315
392159
41489
208063
481518
47762
44049
343076
140636
158498
501562
391018
159356
159026
273644
284135
368876
321746
393657
32008
31032
170923
366892
462818
483514
248315
466923
107928
238474
47704
157326
9473
115907
384572
287197
140201
500759
20574
364016
521461
208518
76881
20062
19379
289364
252222
465003
378158
455061
249995
322759
277805
316216
336060
348674
28583
363392
84252
163813
304322
533530
53842
392383
443131
483613
498580
25062
507597
505017
391645
288834
500957
231481
54327
127498
423246
525252
105306
66086
117889
194138
452934
57354
414650
45979
328189
485905
205831
162565
450701
121827
250261
491517
411745
345064
241297
37940
294663
534475
292659
448194
58710
400289
447323
349248
94054
510234
113838
84585
243195
253264
300519
176013
119905
463542
239571
193787
58501
297505
164871
162250
496579
477474
512954
145953
59736
92572
165366
474509
246523
50544
292560
515761
529591
388005
117758
121681
210961
505331
296302
325258
157599
11255
270462
59598
15848
70578
159879
48680
130747
259999
21666
312530
170396
205970
153749
235516
526767
188311
304157
230422
501112
425333
30052
244384
89889
69483
136904
153273
388361
380921
181502
315303
511204
367880
508723
289630
233440
42593
528119
455887
167298
5956
410696
455927
90229
75321
220381
13792
358280
471847
53491
118913
389923
208458
412434
295044
410050
168673
442334
270854
528446
452508
203121
308229
182577
518853
522213
450428
331619
41274
219953
5939
410727
174613
466100
312907
511986
213636
136489
396377
388071
190720
55929
205733
135974
29694
220453
439391
481776
393756
464819
127061
229882
35002
495045
326375
279574
345436
86558
128717
272964
457968
368159
195493
205411
80098
104841
24356
53189
413436
65349
39160
369515
27994
357905
272091
343588
463158
419667
173345
141074
187915
419059
7424
344722
51606
211721
172863
120378
311879
150118
526308
165933
526236
464900
144401
163353
93003
267003
83207
489258
333492
159110
131313
210581
347971
419173
180180
253542
433492
419153
370946
410597
134784
150253
246185
182217
420477
317468
197094
233338
304346
369216
438089
222481
113636
306921
219742
356242
430111
349122
175151
269101
476519
2920
249434
403839
153978
25618
451230
490799
429209
165777
198213
81726
457366
340321
175521
272955
499738
375390
133279
133549
444925
57877
411251
334150
308059
113999
139808
347772
404984
386372
100829
206795
142792
464958
382676
326914
484435
300343
335171
126317
40887
15582
409418
94486
432680
409882
92659
82785
183847
311947
233662
