206862
374517
136760
421545
201775
522224
150245
127682
394610
395905
22947
478087
23500
287344
475007
66708
297559
210934
163518
450533
30198
472288
7327
27529
55930
103594
416538
521823
302769
219679
337376
100911
238805
160641
413043
526658
533297
118874
449525
295381
181342
14141
136933
26294
168415
22402
358733
43773
67846
498907
307253
257308
482356
199683
377967
42160
200571
241786
347026
459443
209361
408933
520323
325192
320923
262538
128984
259379
285469
135631
169958
15473
433656
389569
132068
56063
21942
52507
86795
294089
293323
524260
153465
288419
346277
277395
321535
484059
92643
369969
351259
61205
417883
429278
213919
326479
165559
460936
216175
527620
81248
502315
77054
365434
251285
129505
455292
56348
398880
351669
317902
150308
486215
144335
412179
343186
515640
54243
235212
237500
156154
310596
148798
469321
498413
487452
425542
73916
210257
371307
171041
107209
7187
316284
129571
407422
485338
146921
412974
263758
214922
169450
502474
366669
176287
209118
271450
351797
460548
328710
319655
41930
182408
75718
469600
308018
177581
221913
248919
442603
205350
360808
272343
130626
44385
135904
309282
195288
413569
298570
141026
40419
310533
223008
91945
85497
8162
157087
232258
16090
111056
138621
380089
20564
477057
219064
419647
524029
180729
267508
445593
209830
406400
62422
409401
123156
434416
158710
338445
387096
210332
414296
285025
379882
193556
92361
126226
85067
397931
423401
256839
372607
170067
494818
502462
86107
68013
475685
110306
222824
248827
493536
35609
191040
192824
213648
28251
462492
392648
265016
297397
65219
337277
327209
217658
308931
519274
100064
180172
405477
527379
119051
121872
140162
403859
229465
211395
97582
180522
226067
106619
358044
299579
308664
522386
474745
480364
504092
346654
81529
354738
5771
61476
161643
209793
475038
369886
167237
304438
255537
333794
198922
410782
492274
260664
22261
79392
431425
142156
222698
452970
329169
359260
191992
216868
110332
215140
30303
327618
147600
530442
189119
174785
257205
350093
282514
444537
250633
494418
208490
120360
223049
118528
445126
284391
69845
58423
459794
236809
453333
187201
473236
191610
4033
32837
148011
165798
61716
377341
351798
240764
339266
129823
449506
445595
19864
234541
94662
388737
364485
238399
429026
138882
81662
378992
355417
342563
288652
41094
243111
410640
348475
291307
516918
178123
343552
111640
22175
203444
381554
490059
34725
70476
149278
93144
303961
110873
60558
244678
152731
495017
505463
414004
423352
189894
475332
31897
266149
220278
213683
19177
288179
393638
304675
360191
205377
371269
270354
24735
192866
217191
210351
231819
155419
469430
324013
245105
284852
300546
516963
135424
26499
20928
471677
145663
188870
517546
365518
478499
328211
192247
281270
144544
527618
323892
222619
360483
157520
186744
491532
306297
122958
43918
464871
423636
275110
434908
34382
468556
374962
26204
435704
216127
442476
71040
479405
347640
513328
95097
51843
457326
421683
207593
343111
415590
66824
505963
419405
100838
185072
48016
153184
411047
454385
432906
159022
334398
55056
24872
347501
180678
323793
377346
145735
478536
126114
12937
515300
530299
480462
396208
117043
140319
105612
418490
140630
61321
286941
372242
199797
142832
241727
483795
435468
318427
161933
259672
124546
29385
210988
478978
220520
238545
268111
151909
253791
286602
240536
231217
253701
191148
336643
251272
270648
17538
182604
259428
523677
417565
76116
527134
463549
441323
14925
26900
109720
380630
199859
464151
87111
112812
32046
281664
289056
75546
97695
353122
44130
291952
327867
29699
435362
27002
474883
473273
467808
180439
378523
266367
84036
98187
305097
189786
37365
254205
348185
534617
340551
26867
472081
74021
161235
499390
70080
41459
26674
371241
222112
250093
41033
213072
226036
150434
279718
185788
176378
427337
337475
222125
207357
342644
265194
96157
533304
283135
425755
110442
386289
268076
16147
57496
496899
64336
237007
510988
396397
242417
434781
391541
394934
416887
322580
308473
189271
273022
220159
514913
431004
90170
339582
63313
269038
474014
335104
296951
120974
358198
201275
285223
520618
125749
360838
519762
171000
450720
435317
294613
13356
174814
116533
249408
245508
234128
268231
451487
17020
400054
155196
202422
436860
236251
382408
176109
326139
221394
132009
208674
235980
455440
439240
292288
28957
355243
474018
36165
457134
467041
336057
78215
227760
412248
517641
408565
262142
227787
158585
107398
311589
55543
476258
530249
417611
421446
486077
111487
213631
61943
111973
457304
204828
123898
70803
200034
442597
6891
177856
165328
158182
102916
22017
436118
507539
60168
59042
173598
467638
205571
440962
478375
76118
381589
277883
59049
199265
103345
226689
283079
96668
22719
368287
44365
34180
515206
485679
1020
105148
196043
343266
19003
212954
419694
9801
452303
3450
129462
458150
315138
469937
446142
347221
166778
371397
40890
211807
42162
477874
333382
323940
51226
53753
9789
346836
11219
256232
27969
331418
273798
505129
519128
117835
283111
421993
116820
46260
473950
523248
408207
331210
448441
150557
228272
510076
187964
277192
445703
46844
42887
10602
367320
334537
71501
181714
490640
225597
115134
488683
198816
478109
486099
242156
2698
38575
232490
451815
116721
476611
234540
298925
437825
358786
304516
156859
327180
532454
73372
372328
195617
440970
336392
170122
432035
111043
477638
198866
472483
397248
273324
174168
270726
18696
460059
373876
506035
316788
450782
378488
316508
498333
470741
344852
59648
185639
326219
511935
385179
464253
439975
93784
520861
318962
399708
222358
479107
222848
107238
342131
153787
209733
279580
169645
78028
34474
191621
223047
173317
243434
277729
147124
285254
231087
386052
148902
487492
245020
177602
447280
260786
68752
78186
209780
325450
202164
494294
66644
5327
362345
364836
244973
356038
124956
245414
409825
43357
57109
259689
161770
422103
84827
195480
202853
379550
196735
161595
195496
376449
128152
283310
522694
494654
140561
163219
448755
9412
218623
269936
328693
22278
366239
111428
220653
182042
15698
83031
360415
18031
75456
202340
170512
15648
37115
262712
256979
496225
29123
216253
30130
374804
121688
218968
517463
47137
197822
433634
268573
203866
151137
178628
533423
133283
406725
455366
454017
111815
405489
241258
389144
56158
74413
32534
151622
111201
258914
7745
378148
42320
137980
435514
81794
21306
136115
526187
516884
413385
523043
180300
269097
11069
148942
521747
120911
452387
243876
289166
418398
105786
351064
130991
472093
6274
425986
494180
327632
62113
98820
151129
418795
341551
6566
359013
20679
28211
92061
301199
220137
394766
34708
24325
301225
79680
372326
332898
30483
82180
495324
69452
369647
410894
269358
156007
160603
27686
376009
198222
75943
443522
2343
442299
73796
239468
389823
74598
399636
466679
4061
57387
111639
33839
526226
439507
347186
323549
423820
342533
179197
66648
110913
304903
437092
462987
230526
416891
162214
17424
396460
40667
516438
320067
268084
445025
15935
243845
402218
168732
275375
134455
130243
218682
512752
34062
415986
533096
82791
290950
11921
240724
161176
368509
494893
58144
246570
117821
8511
30769
534681
252289
483950
201534
369863
69112
203472
2093
361202
389981
159116
401740
355645
22973
88694
371162
424414
485969
174260
241062
282380
182716
258187
112699
432848
404595
461994
11633
191962
15710
131160
202345
316602
447913
528217
44006
234895
463594
251651
321940
184022
86308
139192
352731
25692
148958
505630
81050
158074
251911
116991
268385
263710
462927
161627
397012
471827
514549
360921
438273
162050
54749
237388
107234
81643
228900
23156
222009
425458
122573
186318
225693
324781
315164
356384
420447
70591
439258
171114
288965
333440
263461
359791
461041
253667
487774
245767
130179
210290
342785
471974
442253
533709
362848
201255
257722
344271
44899
373962
435862
529601
54934
429023
455588
246432
123850
325520
316974
193778
110259
42446
209728
243327
297436
504549
482219
378508
187604
77313
471633
160743
85187
457171
17749
185274
32128
501267
62256
438665
272348
493625
122311
441415
312143
316526
438588
225544
312074
354405
531350
350533
208748
148083
231656
113370
443320
345746
522603
200325
533556
262276
100260
286038
492982
430843
156564
300842
335758
197066
292504
342253
371629
80862
251232
275385
12140
350592
495267
519189
406101
534945
400024
360780
479283
87754
345969
1435
287548
174730
43295
440126
499073
377063
126170
515553
363012
35172
22822
334767
345103
246250
225960
190827
39225
374049
400014
15240
243211
129214
411135
185555
187948
131617
331586
8037
487655
138517
5953
331746
388631
194611
238091
360730
148675
400250
193453
275905
250848
172662
353229
523633
155959
354055
408164
254637
312998
164062
472783
357305
14482
400737
40482
406802
429777
363193
197326
97818
238876
410250
385658
105387
415280
260650
142838
116388
134638
233774
82596
460106
509656
155118
194829
195198
201578
228239
274469
257053
219926
3079
89046
230208
488134
20652
100035
248646
211605
294494
171162
435888
338413
189847
521459
316354
35195
391617
2612
142599
43315
336974
116127
205934
426226
380731
458990
329484
299881
184273
452143
295646
191816
479585
278356
507700
419842
174476
470166
158047
408799
334169
376402
450572
524556
105449
412561
432493
452603
273837
135379
372072
510562
219207
507290
104556
218432
204520
472832
196947
387796
237237
283676
488727
59137
53068
230055
119607
307950
334965
180887
64109
279313
449600
68759
265866
215715
41458
75612
35028
48371
489568
215473
389521
233323
503225
502862
442615
174915
125095
460134
528156
522808
23155
275964
13898
169895
27480
286711
364252
427564
158065
117973
361559
163713
441632
184756
118341
106634
429333
113583
323113
427942
77973
368169
227325
273035
13140
224951
306171
383643
334877
233858
347253
372920
323858
250955
429851
94566
211208
485714
197073
99896
194975
491669
312772
338107
408056
468862
79530
490162
420783
292406
86416
535199
159255
454694
283593
506466
445818
6004
376501
248702
496031
302475
167032
195328
47639
406088
195218
277942
523463
6674
248923
302207
368698
465681
501200
3884
37378
197275
292505
154095
329507
353491
400872
419599
300861
380225
244102
254024
461664
315176
136544
396793
256516
3760
48579
175265
257104
86135
482670
534427
7343
213422
503034
15250
319373
123262
90294
477675
377131
348148
493705
15551
240686
102813
222839
49975
412153
101266
52478
90921
342746
52184
383450
112468
373828
170589
509012
89932
91530
26181
375413
332736
31720
506267
238774
185376
439944
101374
268444
355439
162074
417210
29615
513343
475877
233377
233016
84856
163347
179713
377693
268148
511136
130257
505842
199689
310666
309483
319288
376113
239591
165490
234940
206524
187349
508142
531859
129865
41964
367842
72030
311107
96270
46543
317780
423725
501551
476694
116709
60488
415061
529157
503970
242541
470953
165338
29578
418292
436391
446296
417110
251368
412831
87446
255227
188736
277432
139368
205137
207599
178186
200881
353106
81628
76356
452518
170224
35246
216340
253955
55158
46107
17752
27917
220558
103007
518625
292084
455451
527117
291877
50260
275480
459773
27825
453182
159058
335639
259174
346668
249755
419978
262571
171744
291017
341661
489662
414238
376536
79445
398412
415611
7744
137350
217242
209904
231643
263885
116141
401456
522364
26351
290727
38067
221160
348790
475798
285942
183574
331784
5970
170275
15527
503479
457371
75414
24506
125491
286097
193767
346768
161464
139531
73729
143120
26355
374689
490194
269331
478709
374346
296463
187988
183083
2627
228415
229004
294351
371473
315534
526233
383234
135236
337680
527330
189367
91924
203797
352713
272150
12663
442500
33433
220731
511428
451652
174571
302237
523795
203853
92897
91558
394458
14804
73205
16599
508627
458019
508143
174132
394924
158382
487582
487889
526562
43286
504441
158578
473254
436008
334208
111670
423974
301103
397960
47283
286814
150424
150743
399328
330981
72983
294298
393696
381628
477222
483796
243892
204814
434649
464742
202236
350755
347428
147119
312500
51311
529018
15829
16411
401104
191720
476896
84184
297208
65711
257215
349315
375758
277371
410210
233368
187398
474397
148402
83748
394372
86754
40974
260700
463215
294760
503840
243572
318994
401885
290599
317628
433208
126791
187007
437806
408071
267551
118199
281688
243185
69053
101163
170865
335315
331393
434742
111998
75407
99393
79306
77681
367890
488239
473544
126990
29402
222391
239832
265745
403674
523273
504286
503081
515446
300725
499327
476457
51522
488806
206082
31689
221836
79017
117659
373463
180779
473016
315753
435163
391066
370205
518559
343318
520661
336048
129350
394201
373181
206141
31046
295042
497687
373371
509035
423173
275119
96463
268442
493661
163197
185579
82336
409514
184709
61073
155142
440722
82047
468008
140312
94647
249713
134407
274927
509110
354253
133214
119004
55662
153894
16091
430932
128054
330151
55649
199205
20313
98990
233365
501739
505826
447436
12039
495389
444904
520199
148904
41037
175491
179904
106469
519546
256169
191403
152909
419970
325274
135084
43460
386394
328875
410347
276144
206120
361230
380503
388212
291921
54104
200447
214254
72488
431083
449150
187850
472902
351996
198905
135626
488077
143078
136929
443777
20368
510259
241279
88221
211007
439756
5018
244061
463398
82595
532196
88028
189984
379227
396120
320771
441533
163178
359787
367028
198233
510064
313615
62871
327941
441712
375782
146174
7107
484582
221110
117927
39291
16733
370430
17473
214285
386488
394588
457520
165527
4006
43482
281841
361828
315803
326645
438848
291399
34599
297742
262669
333018
320198
45573
186208
4330
359441
307511
123928
236756
135259
175740
305166
451723
493035
510211
438706
52063
182153
294488
41380
318465
252057
237971
43511
470014
119855
502659
56321
523320
359129
446437
296614
290463
37745
241025
238114
509530
472452
517888
131089
334409
233042
384744
88366
237311
530793
405583
493597
143690
24944
306822
38679
304702
164661
192354
334264
527729
189564
125060
126113
253441
50938
149116
340263
232377
159391
521600
367308
402026
80630
198505
396201
457409
13359
111689
230986
430501
514568
154693
431747
453198
21298
181150
532497
328179
53961
485602
472484
251867
46948
81619
55699
13798
2163
298161
228919
113556
61301
420131
451501
502174
77112
439042
192308
174339
513072
190079
455060
452343
525548
40838
440223
527863
96763
168016
236191
328414
115957
99826
374860
485832
44617
333310
135951
204434
162959
449277
207139
156041
29216
463999
292789
398345
199518
193542
414445
249665
305004
49423
409190
278458
440029
66948
452057
71020
34677
324929
346852
130782
390000
493667
57469
183328
181770
44647
272019
42695
355809
109689
492438
228815
113733
173483
461036
444388
11506
28198
294612
310041
339958
522883
83904
18227
123511
205124
397582
424951
335226
201691
511298
454536
390517
348675
26548
320670
269808
272913
317399
358159
486962
73351
38178
426348
420411
296673
46765
449402
197697
497737
348374
49126
17840
449026
22702
139816
124266
401689
225842
235631
514756
269156
57437
154142
137099
110511
357121
341726
62259
390198
28833
414789
179538
267327
217385
46432
148234
487477
251279
157081
330960
131772
342639
391771
389685
311151
515792
191313
32284
400376
340360
7221
35096
378249
261945
381143
97841
389249
327503
461493
521651
205804
275766
454000
415696
428614
196346
510657
376657
163208
385450
105844
302220
375810
475651
38534
411678
111723
316668
12573
228189
456715
523179
50203
455517
219597
61930
74781
415290
415255
221310
215321
261641
357483
39505
39048
319524
206275
316314
288717
129656
389779
455076
347670
446968
365899
353557
489171
373746
330425
237257
367501
474317
191066
209379
76171
297383
227722
165780
151962
119634
232478
219474
507529
228817
385114
93442
202409
23102
294831
19259
186347
348307
273155
141226
139662
134720
151315
196517
358118
12870
141359
156801
446717
375429
34084
284281
523265
190145
184978
124914
391781
469129
143287
334239
477998
132910
259158
324462
380606
191191
505716
526900
205598
392923
308803
127838
341450
433813
445248
35966
410515
165894
186620
185844
425763
154328
86579
235054
217483
406333
335610
471072
399686
431840
134609
148793
309731
420325
415850
2592
23401
360385
134037
116661
7406
161966
259715
327657
292126
324083
229199
532932
55950
406061
425113
29556
518815
229226
395430
214615
283196
522320
251148
195886
422993
379113
200693
366062
450319
108869
533105
331491
201978
8479
258574
199836
477300
400516
381093
446014
220326
83126
177659
335157
460759
92367
196291
280680
264921
469996
497397
326221
526376
469677
182257
373835
282528
192191
31161
246203
136608
171358
395299
394377
97868
141941
345053
233264
211849
61674
189157
277257
472654
345572
280334
182252
101468
262697
138188
114096
174802
336091
504635
27508
179746
477520
535962
53951
166818
474890
262723
150643
426020
111786
418701
91902
58535
517751
282268
102138
177881
526625
260470
527645
450418
459711
461028
491179
63329
456920
284271
158548
406596
25416
239881
41637
135202
171405
147947
134924
502351
214645
183817
243660
47560
271732
164953
385106
28616
405465
134817
70810
228698
397351
113984
485124
26579
51253
495714
297290
336445
377770
456802
398092
194702
213842
518910
488266
492638
57544
377515
411273
183563
73091
9321
109004
243142
476785
207796
388144
109318
349800
293363
252683
80659
495812
102632
478486
186493
329137
420942
204172
496782
475972
120037
121955
77265
456131
526750
469920
332299
496255
426012
111062
133948
531234
343
182431
203616
173659
420691
253323
18484
517394
149594
442178
442757
501932
147145
309016
524858
133783
276104
132285
19311
385798
210269
98271
516907
160937
163387
266910
269413
106879
197511
453141
467357
184215
429790
530606
162673
444696
255215
203402
311618
297679
53340
461400
399486
358379
286305
286189
17094
458285
381396
134984
329993
194475
333799
288548
153234
124665
408874
134226
261821
91612
504843
73808
317116
420245
179151
121539
259339
12450
82423
212325
470944
298178
103139
440133
335557
477909
371666
144527
523396
139103
198533
358565
226837
282659
494699
414121
112035
323215
331439
6218
327649
18748
238746
170015
490110
73716
476356
72586
61549
117633
499646
348224
425138
36587
488555
174786
316636
6773
387138
40648
197706
242990
333854
171201
140886
438115
9807
523641
430238
174610
260387
422937
256576
216705
369048
518929
346699
218763
178281
155888
432343
303538
385823
4262
460318
474082
308140
82502
517661
54738
199979
215666
22311
377660
249247
492775
334998
292493
18245
149493
496556
70301
110110
291213
155647
394203
485859
501225
66569
384051
112658
515219
245000
47673
172570
269461
520504
236112
176671
237023
91415
145125
125466
71712
194092
330337
296934
503162
12055
142566
380816
534147
132302
69134
37065
198688
226611
18162
350673
353494
281433
291561
454979
503609
96233
446662
117077
287811
508604
98833
69514
521419
389051
256070
482276
361531
125716
312017
382022
38821
361075
293746
465938
307639
320159
430802
4630
129678
159548
202064
391590
483029
216904
279753
85014
296317
281182
250601
413373
260312
276849
157076
187883
309863
316262
466466
384956
425783
271844
64006
535063
325439
184941
140774
532666
97735
344310
413920
490470
328162
297768
379286
285358
361982
112836
444453
452662
405599
492154
441633
512740
146171
458073
35961
310504
77617
129849
179589
356258
371125
233390
14927
74424
109154
456337
279218
105222
235884
438837
321138
284718
255930
409732
447150
334284
511679
88993
510516
314314
271295
288520
163874
285917
511833
290904
362209
247199
360527
26371
363877
127889
207557
326399
529196
517094
473872
97091
352847
87824
333431
456217
486697
337256
288248
323045
255142
533915
472995
450326
272213
256399
427055
101915
211130
248066
304599
487183
38449
244037
224906
395758
236259
103920
385569
283339
360458
378451
200418
107912
195960
120059
361103
6985
312156
441794
498495
535641
292430
317243
33662
387311
143728
458520
503174
484685
148016
70950
375075
286313
144609
173092
420487
51149
459445
265522
402845
511021
174794
166441
315137
433253
197049
27948
346180
244231
399341
301809
319423
326340
397399
234780
375015
55459
507463
126143
396480
31401
166300
176729
62112
356248
21633
31522
481649
176620
104875
424560
63131
24263
58276
435955
445732
370974
509325
373175
237445
390519
360886
234318
393694
296096
402268
315329
483707
335238
389988
72815
441181
399313
460193
32959
136170
399413
415937
76212
499725
396788
359770
203008
182963
285628
188330
30509
133094
227758
22571
469096
236119
346115
457793
269294
230668
120462
463317
169681
481633
2769
344587
194594
141646
458492
45705
433631
48754
448772
331952
447691
265402
43207
151183
227039
48933
357529
233581
153485
478046
44629
180065
453948
294283
158607
414946
430286
309691
418686
338527
304838
314191
434271
169058
382199
464407
372580
163769
57709
431693
118680
366507
104127
534410
452487
464835
485186
23727
170125
75211
400164
215619
108989
337768
26513
395710
41273
118672
356214
421943
88308
109302
147808
376813
180044
158842
382469
187953
345865
506842
99241
89265
510501
22800
312523
18412
486156
109140
152176
316720
484001
418864
365309
191124
407128
513221
245325
176080
132430
113862
65041
216559
227679
461835
44708
432362
318333
475108
50115
515692
273226
299392
116856
378347
74174
480065
186329
326768
127556
162288
318586
340210
226686
146586
67253
311787
10275
348466
185677
354234
213370
204462
385738
500059
36806
43163
278794
512198
116812
135284
265702
77192
47299
219555
5548
426570
47735
425804
452719
33636
441788
416296
339363
249030
221013
229803
297884
271339
270815
192718
291851
215125
6694
277340
2754
494557
117661
79525
233203
261625
168765
157237
488563
244676
453620
443715
313080
310137
407415
478092
419200
280309
332947
137407
205866
195606
395744
66304
193272
88469
439479
38179
241960
509292
88193
495864
368830
362453
256845
449405
239000
461045
383092
201589
136647
342864
392846
13947
342734
243143
375165
411793
344633
504606
123582
436061
468295
416115
518187
158122
62811
308291
179473
370956
249728
330008
273877
439341
452130
278552
120778
444157
17715
90279
258104
416697
249561
358611
436761
490292
2608
72647
66449
278807
409999
78594
116625
481678
368647
132973
489587
442359
387614
338954
525431
457843
3613
121159
412911
444281
234654
499633
249240
94225
1919
114131
465167
392144
252957
58339
507603
447918
503385
140484
1421
299257
496371
135797
230333
407386
413747
420723
441003
128926
422336
299675
353821
504484
294483
144436
401285
436857
401860
144420
224587
376243
338499
272648
167208
305208
198598
437610
192416
233353
430030
11944
57858
109970
57310
321844
138099
252605
229099
340444
44276
525449
39019
487341
352961
174850
70307
280015
414226
378537
144089
201134
271710
470880
180579
352544
249428
145005
240233
405339
476276
313325
514554
102741
164648
376
228003
455291
308788
76919
465925
279597
126427
209220
216027
535474
78458
327499
6024
495436
25761
21405
393119
174609
304836
40963
251606
221167
429
521195
425038
444034
424290
330395
429877
274142
497435
204959
242988
448049
357943
506808
498160
359818
101893
318355
285611
65016
441324
511630
454106
64566
31712
242342
205927
98101
112650
56963
293099
229067
65639
207085
440533
436616
459786
280100
203300
330402
105318
93205
513718
163349
314466
186787
61579
399625
36152
509111
383220
506912
535573
95689
132093
12909
380905
189991
200057
428362
54038
207683
121149
205323
100304
105420
476262
305031
493339
219285
63689
150912
258822
310630
136412
68425
459064
217529
231026
376916
438956
65072
413493
459950
40748
59510
378193
366736
247052
40417
329785
332022
400724
448095
280047
14760
377597
285014
185261
333171
476309
339947
95217
383962
13686
69193
50739
335164
7058
363298
400099
289065
101067
235345
389460
237040
449802
291519
292923
297532
223639
508031
190318
354303
514975
299352
280959
428505
55436
31308
225833
169490
234693
345593
207326
338686
268131
390464
373334
431383
173068
60678
491343
455335
309372
127792
246966
349674
529509
164928
162385
390194
11162
209611
279941
525746
395073
231591
107657
404146
440256
413408
411854
221347
141529
496689
198464
12011
80404
415766
534043
408707
41990
343532
474824
126194
387801
424798
395583
519589
6168
430013
57113
331062
16862
300934
486846
457068
333401
534387
479036
170303
319517
292821
133221
450261
46104
226003
206312
237560
166801
497213
213504
57012
195879
20966
288636
122684
408357
224158
115992
218954
162374
171327
227167
275453
412222
136909
428232
126551
24533
31457
486840
156501
273167
87898
268518
534087
379444
358647
292285
335352
378140
133772
411783
482110
428827
92036
329537
393987
194875
214362
346272
135664
111491
22939
46243
229006
108894
43123
26649
155126
85322
337020
27796
464665
419338
137847
432817
471222
267578
10160
32987
445441
82805
3603
166909
121080
94067
377852
51956
396420
360554
369981
491118
517993
28462
181878
383625
344425
349661
187223
6110
271794
20594
384444
396102
36401
280383
166278
232716
405949
300199
505246
140521
41582
117668
32930
90637
290170
488740
395077
222252
426831
488086
144048
443666
510296
337557
393496
25218
109599
476342
3320
208637
123405
312814
46198
232063
339044
373235
320364
525455
286918
214484
388463
6882
234921
228305
235321
332237
468183
229043
435250
70948
425087
377473
290034
414083
498267
234695
10544
439634
54239
356227
108913
180634
336044
420330
86911
435237
436595
6708
90742
439007
282660
446476
310883
401201
13839
127404
191083
81312
459856
227769
162625
341914
337336
526464
493542
482863
460491
102277
183227
422126
296915
266317
267938
370782
253915
482494
299874
326233
411709
487705
418275
416294
229637
297732
341697
13442
429130
100591
453273
43782
199842
174645
124130
354217
499252
491218
353167
163502
529140
182219
204550
360927
46675
304651
219106
333002
43882
126230
519210
175605
276687
403539
364722
383620
519283
36422
25499
317947
298286
93394
379185
181158
296255
292844
445553
353511
150807
222730
294469
444953
181994
313668
52080
382691
34933
277195
366644
44499
302541
123301
468758
78073
493430
384274
467321
205619
519492
105820
504313
404198
455172
123541
406050
361369
158332
157814
114063
220911
372085
359858
390965
250121
359182
409932
149089
24386
160657
386264
42947
280763
514476
492976
10978
436992
277553
251922
120478
83449
57861
190852
305111
121394
42308
338333
71381
311782
232092
286834
387050
270157
201048
54250
382834
228457
34492
79253
400713
203087
420017
56012
97374
122734
232703
119422
228789
222517
244996
128159
437504
408458
220615
54781
273768
94270
332236
71090
510153
336960
199611
136994
386418
217404
521211
59368
486159
106964
133212
165081
90477
332003
443272
49518
443475
439757
473958
76238
518547
318685
441010
315502
42457
40677
459340
29703
356437
400911
394432
465544
398369
313891
371908
144035
51922
469837
313604
240050
285290
38126
88178
355399
300995
330375
260752
501028
504295
137607
198074
351663
477084
500085
81120
368979
29200
344553
57745
202158
133564
258234
513899
216783
442117
532931
4416
125934
367375
84954
463150
262942
355548
414243
401045
10470
84569
132427
430624
243722
108659
81365
286833
101656
372603
132014
90631
353798
356987
232766
522888
315173
486636
117019
114353
391169
254391
416475
458181
515495
44627
277217
352618
453879
326563
120954
187540
17251
493277
449296
178531
128608
231463
211986
289403
431850
207574
151397
501145
268166
391647
435384
262903
522218
211782
17605
511283
271954
468700
360097
492092
255967
257071
350588
84958
509480
88644
413304
129884
108999
57910
63963
397723
405658
214834
368718
411116
170234
509536
111767
203099
141724
59033
127653
293353
310313
187573
76859
437168
462853
24898
355386
136698
50180
464699
247956
325986
461893
441519
226504
298375
297039
348287
185160
398973
49513
437205
187051
505059
39201
355505
381757
88392
287622
343520
67036
296723
275882
176050
253308
50329
312604
170765
154355
15062
219079
76620
256227
70837
97737
148073
158472
250433
417807
169995
515209
34885
304598
358022
37070
175135
534082
319092
489640
348054
227065
110471
297469
430663
445938
229
349573
436427
216173
436078
67972
293316
253613
454191
358509
260189
461134
67438
95801
385962
409729
486439
414410
264142
95713
521353
8924
164340
422055
421119
226520
440837
238986
313395
184681
150257
108109
159595
356699
433832
233334
316831
278656
116865
516447
447882
332280
402995
47470
60321
30201
398023
126676
462617
23048
431863
307186
533816
426426
384937
205933
214890
167619
421517
24597
146614
128565
279786
27396
500003
385724
341982
455669
527431
299578
90185
444048
377900
126583
306162
479236
159400
443751
75444
421846
134976
343374
171002
78118
262376
183171
64791
36405
412538
235029
228338
52918
69853
168220
160674
320760
32222
15363
173224
14535
45279
126004
151095
58569
218252
87254
489565
507887
166319
476815
294895
222092
134818
427133
405181
278547
184270
201872
186852
279237
300345
57311
267090
473060
206981
58379
59065
191848
36365
481174
527734
14144
239851
40009
98251
394165
183802
192534
149459
264877
394888
458219
45335
207779
296523
523169
512269
141843
502965
362570
278548
289654
438707
41002
296597
228124
215445
53846
193814
318077
100394
8594
113909
411651
231139
118469
526859
125080
122350
26473
276549
441454
342281
516751
232450
30621
420045
416657
18736
399874
122392
188584
379749
350699
21251
15078
376801
320274
242601
390656
470872
145485
441809
184389
355560
240828
157269
23273
135386
16306
25496
493008
365204
319966
502603
339068
532240
334815
81079
97191
283165
46745
299000
226110
450904
70607
62513
493904
290514
426258
28623
370826
319594
379517
39534
71031
317205
179885
372173
426217
433151
207701
200015
26232
15296
431261
76646
16376
198297
358936
457749
527235
111770
273642
430191
67318
483564
198320
459510
206719
293159
143490
478435
142767
391226
473895
326065
306438
105182
178490
266312
316114
58118
523561
273422
277007
62693
325754
43267
373451
459526
116266
385289
286010
415772
255745
369199
103168
106686
187184
271808
161361
455241
147512
393261
516475
322433
22848
382521
313338
69331
272973
467559
198620
248736
164317
3797
300913
509029
320922
258026
346674
530706
461309
509190
187821
176139
287361
308722
169919
448646
509306
172522
78948
125103
360273
22035
64891
220224
283571
362156
295932
3932
377716
313994
518812
200103
396931
195478
12366
377819
438023
107023
191377
375631
232988
119574
417877
322015
354
517375
65864
145141
463096
220000
151891
496377
324969
49805
374278
162612
388824
128421
532049
529808
162348
82301
184208
469116
524111
100024
262400
476438
257566
204529
153663
466799
226720
175643
342885
314512
369251
254254
125929
102226
174611
197006
496742
20500
511261
274434
377866
534523
192077
177432
168127
425902
516324
39094
174269
56658
401640
353252
475889
526892
328989
230297
8640
497645
195935
395679
345727
369145
451836
121887
288010
401948
451028
43400
254167
226270
16866
365762
175431
328477
51033
64318
503633
408126
164226
411330
308030
36335
155811
113616
231422
406169
307384
10528
140169
285787
286016
207038
142362
34371
65978
39213
271987
245528
180912
251762
147645
296628
144787
289974
140292
304946
127439
264033
70051
320683
372389
530230
309923
374862
355744
298317
279935
532743
261884
215622
99958
484537
365263
73419
62877
287647
416614
298190
390722
420545
403139
89571
264819
456707
86851
79695
214894
359789
265854
194200
464359
203654
117621
125372
272810
77316
176904
104423
419731
125203
113488
108439
215192
203215
229133
398010
90030
501667
497333
399597
237666
416388
89489
335219
293853
286288
269863
496374
196331
180891
139397
132247
116470
465666
32478
231958
492615
90183
228286
433292
10426
207066
309682
144716
423791
405012
2047
425500
474559
426457
257047
444551
99813
31900
147199
346046
63735
139055
511752
244994
162531
127496
352666
449299
279793
429625
76249
56113
84725
762
109495
382531
206128
446764
311410
335632
296504
232246
308891
218502
318700
67799
458737
128385
129298
200876
135413
399803
382208
412830
250769
136326
324233
172800
33798
41548
394920
223517
2009
230799
25592
325124
1719
40894
348714
430001
104943
62757
212443
521584
175871
291107
57449
151552
275377
353056
193000
258433
198728
30023
435689
297879
356344
257612
269377
163400
465597
115427
522528
379587
480622
532395
443617
257657
401969
66018
485639
140621
70872
203161
83770
427818
351614
297574
365739
10049
312347
513743
471906
361427
380140
85214
163377
291738
90981
246890
47482
263121
13482
469944
219939
326175
251860
200462
300250
247863
249076
126377
174135
423884
86121
503554
279884
5416
290301
212984
42649
318015
284080
49468
472615
132853
487441
431031
226215
277665
304821
494038
108340
138001
380093
5881
263475
232180
304911
157051
179229
32623
148033
529312
257875
209922
410852
436289
364202
125786
448997
392844
235711
183136
147336
322363
421040
193313
364682
285237
355682
423954
278577
438830
333412
220587
377333
513373
323781
187712
263487
51713
236962
170143
420550
246387
291764
429295
343190
506601
231553
275667
33231
334328
518628
37466
206665
16179
446421
523644
204106
28830
198153
415271
203517
318915
444793
59615
278235
209605
460983
160583
287231
226425
158906
391526
178481
261495
27444
8434
399240
280840
431115
403257
32849
165292
178732
504440
490545
392006
504093
221131
408269
480810
424836
199496
219660
420513
355185
390716
318249
329037
244765
462494
224319
376012
131099
501219
113858
371928
532564
503224
116939
129576
120467
66558
325067
503530
276548
92416
432199
276250
154256
95051
238530
513632
107768
59578
309147
374063
329273
117129
380220
42838
405955
370707
266464
316981
277484
497179
199871
451796
116498
505409
156888
404588
160951
71413
457190
509966
203809
475173
372486
431498
476622
137908
65735
81442
518054
185876
457868
470553
527749
244492
193183
56607
80683
340990
125596
414828
467862
258880
237075
126674
63751
9109
429316
312722
321433
127577
46708
351623
301244
225176
163548
269437
373683
56889
224362
77888
333920
14674
304737
322808
43541
280450
498258
315302
294879
479320
492052
331713
118928
340609
84999
391698
247608
349863
502040
473070
526558
314416
134359
155094
282843
191262
221713
3114
73720
246442
2677
100014
212753
164174
341399
199445
495326
387159
214705
486286
100070
97301
162215
67343
29260
477027
477175
436194
484229
70425
196249
209431
168776
389571
105654
422812
318794
330089
29678
384641
103260
164532
268457
