27214
7681
18884
28096
24226
14932
10921
102
17886
17413
15339
20261
6397
19710
29676
2458
9859
18112
32338
24711
37375
22932
12815
4651
29042
34106
24981
28715
5728
19086
26024
7568
34192
15607
25274
15293
28691
12125
27403
18759
30037
19943
12251
29355
25284
29759
5356
32498
3843
12594
37463
25232
37589
9796
7849
24576
33875
28570
9998
3500
31154
10927
11775
32864
4944
6685
30603
22952
14608
2044
8889
33142
36515
23119
4126
5547
26522
5380
35323
13201
14723
34541
1961
27866
29561
1722
9989
2048
6539
13626
21966
15365
35482
5890
14601
33647
769
5789
32483
5480
