37019
3165
19932
27137
14477
11508
13765
18206
37250
21163
18002
21030
30119
14865
11378
7135
19355
2224
9360
12564
18384
14353
24140
17571
11037
32621
32041
3386
12659
31516
4301
35712
32084
1421
30301
26812
30547
13041
11821
15674
3769
32597
8415
4286
37396
16741
12181
30614
619
21535
5659
2887
5074
13737
34929
28983
12671
31845
34952
11392
3714
29549
16419
15392
26463
19377
35890
37421
5498
4481
7057
31947
15371
4921
4102
35520
23125
36339
8280
32976
24629
11107
10255
7068
25847
20074
15197
20208
20775
27265
37544
11046
1604
8215
13192
34610
6375
27202
15421
36214
1997
29035
31740
31615
8654
26639
19269
37078
25703
15679
9140
32515
13556
3867
17012
7913
37507
13928
33855
12955
35835
31278
20927
11641
15301
10637
25177
4199
7419
37372
16586
19632
7871
30939
29614
17479
9849
15705
27196
13049
11314
15098
2126
11384
17669
996
36255
4975
12223
20403
8937
23149
20935
10500
35852
27993
12470
6421
21406
14290
14128
28552
6171
13909
29757
5312
10011
24786
23343
5893
18902
30784
31425
13874
24749
16854
9128
6522
18929
16436
21001
3421
35879
9963
34692
32762
27837
22493
23156
19135
30528
24819
27408
21873
4099
29437
14672
34242
10230
30490
32442
27666
31812
3777
22378
17862
14637
5626
23927
8103
2894
14190
5866
20373
33968
32177
16219
5324
9559
16948
37435
32363
3420
28884
33964
2768
16825
15960
32974
2929
4771
20632
17292
29532
4547
18445
7259
25688
27367
29734
26101
29788
3794
31983
26409
22883
2487
14225
23499
16844
20547
29602
2070
31621
19813
10883
5442
35202
24306
17308
8065
10723
20146
2830
15664
16171
12534
16199
12911
7176
11844
2982
23120
23948
16311
30805
27852
31171
5117
16738
11499
30001
5077
32782
4251
24676
25558
18657
24518
6054
21845
24341
3541
5000
18040
1869
19565
7667
16212
10651
34195
12384
427
11094
6371
24386
28926
23735
16270
8117
23193
22391
30879
27053
29303
19497
2932
34823
29927
34458
9975
36518
16320
5883
29339
3690
35197
18008
11395
34085
34207
16639
5535
4936
1057
5192
34072
1070
6752
5211
31074
7227
3613
12237
17275
4908
9157
30613
31310
35907
17003
24590
3236
30678
11866
19344
30422
32132
2813
10026
24980
25561
25445
12446
24536
34461
15153
34364
25934
33793
15256
32568
17169
2913
19132
33121
23267
35030
11948
32848
30732
28175
8514
33103
15897
36265
13915
30041
9081
15883
16200
132
1203
23003
18667
31161
18132
3411
12022
10508
19950
32223
25165
26511
25098
22411
20630
519
24448
21092
11573
9540
23313
37583
1980
5596
5887
19232
2888
29241
29493
37466
16129
35696
9137
4525
9480
19705
4334
29557
36899
26834
35711
2269
26155
19959
6163
36801
34182
6670
251
25282
35848
35996
33525
19620
9264
24649
15912
25648
32048
25016
32285
297
3695
4650
9491
19562
15617
5511
17440
19187
7052
30361
12328
4861
11702
5631
4453
24027
36651
23629
8396
27368
13828
35195
3332
7417
21074
23217
15091
20515
11634
37550
34160
17150
10897
26763
31248
11153
14326
12465
34210
2302
3470
33547
11516
10523
26924
34954
3219
4389
4524
7817
29261
19640
13281
26676
26344
25256
33516
10905
12913
25582
28736
6384
25684
20210
32716
25100
14126
33136
35780
27956
7952
25607
22456
20866
33442
23461
1286
37425
2306
6105
33966
9221
22757
2246
26889
23618
35389
17968
3370
20779
9608
31754
36727
3691
5183
30604
35722
2702
14771
14681
27665
6090
4219
27289
29357
11498
164
3190
36118
37166
2740
21268
26929
12043
9774
5892
18296
29993
22189
4744
8676
18019
14435
21447
13151
5019
34197
3404
33173
11040
32592
11241
31306
25964
21466
9427
30646
37672
13650
26668
8629
32185
29959
29153
4662
20620
21552
31203
5673
304
21243
29511
10057
34553
17196
25270
17985
26830
26295
35993
19780
19758
14464
19467
18644
14920
3468
7959
30163
35978
25415
27162
26188
7844
30760
828
23133
24687
30539
25923
6094
33038
25136
18178
8265
11165
17272
15761
7338
19246
34447
12689
35116
24253
15201
15785
27083
24119
30738
6711
32339
100
15545
808
31698
11774
37280
34657
4927
5907
18750
9824
34529
4917
29975
6542
2599
8747
31448
7504
36867
29899
20354
6981
29609
37073
11700
16123
17502
19070
6909
34191
32033
35152
37360
34181
33830
18910
33021
34450
7327
21834
27694
29639
6078
15944
9657
694
20152
15432
17361
33515
10006
23642
8430
33453
9433
3570
33230
8079
6093
24653
13708
8174
15750
36660
10410
29360
34774
17611
2130
23406
21085
9589
10271
4667
32107
302
25417
862
31358
3154
31146
310
1239
134
25258
5591
22247
6741
31825
10225
19752
34902
33412
27949
20666
31389
34271
36461
20610
5417
19571
9759
23783
21622
7895
36148
27678
36398
27498
27986
27407
22965
1872
37308
6210
36024
34687
33991
580
14992
15682
1949
13532
34452
14493
10434
36332
36958
24334
18849
1295
28914
31864
2883
9124
10032
2823
24834
18425
30747
31482
5449
20694
33077
37095
22269
9002
12730
28209
17185
7422
879
20395
22407
6524
15956
30336
13668
2151
37335
23266
6482
23549
14008
16579
11603
9626
31665
33082
19866
18559
10788
34396
13040
36927
6518
15616
27735
37227
34971
4896
19863
385
19665
8057
3744
25010
29246
7934
37636
35918
22224
25367
16432
34136
11765
30049
29836
10060
34794
11080
30378
15252
22937
13571
32145
376
10381
26160
21219
25107
13848
35891
15900
15230
36055
6563
2168
14199
28307
31551
10103
23548
36462
21968
386
30202
14527
19936
33728
24791
15931
3460
2203
5609
31678
1407
36566
33289
6750
30394
25883
15572
37486
25439
29525
21417
18537
28483
28069
13435
32836
4036
3301
15452
10
16972
19734
15829
26804
11806
24545
37342
23033
14853
5655
32884
748
16648
36500
18515
22945
5642
33733
17348
13261
20203
12093
5689
34562
7645
19252
32144
176
25482
13523
33039
33005
6379
14057
24945
19111
32466
14716
3640
12857
11507
5426
11991
33555
27034
4282
13343
21122
35307
4822
434
5991
28711
11232
29031
12752
26510
2474
31890
19469
15733
22754
26799
5955
2516
5663
28817
18130
29638
23566
35362
9996
21504
34513
11789
9000
35715
9961
15413
28141
676
6011
256
5235
21964
10866
20062
10799
4373
26796
544
13332
541
25490
20975
12421
8448
21825
33864
15411
20112
16709
15479
17422
6589
36275
20690
34034
28658
22888
2731
28406
16514
21634
24493
10865
14240
32063
30417
37074
969
18976
25511
16488
6457
16577
33942
19079
5585
6633
1359
35140
7905
2836
27624
23942
16064
16366
36427
13939
5650
6071
30169
8414
16623
6276
23879
17726
8326
23633
27784
22676
31272
35549
2546
1351
7900
28765
27224
33033
3672
33693
14092
11763
7927
32251
31542
8191
18182
13493
10455
1969
27448
16241
37555
23485
37704
32219
2321
12207
15007
17988
2849
18074
3016
12323
16007
13756
25722
7282
22164
10189
5710
25105
1796
35469
31308
37026
19183
27221
36987
1595
18228
13483
33326
31880
24296
20858
18831
12657
36800
20110
19743
27967
32799
15905
17481
13976
21114
11986
8763
24746
21314
8169
17883
3424
17784
35423
9320
15132
12683
31520
33894
17987
7462
11320
31085
21134
4005
13272
7384
3136
31927
18724
13115
357
18885
9799
14281
18172
17956
16386
10015
32878
37606
32586
15202
15280
30466
1390
28278
26561
24113
24875
33967
22229
35851
5822
23079
30886
18506
21591
4352
7708
16097
18639
31710
19748
24553
27877
29044
6946
4364
15289
34139
19611
8066
3481
24787
25932
23921
33132
9308
29481
36889
20761
28419
33455
33045
37559
36064
1698
10158
17452
1764
23053
24163
7090
15812
5384
7020
13260
29669
18804
25794
17042
16142
6251
6445
36413
24388
874
15558
26322
684
11008
27502
26206
24258
16352
26068
5462
18967
6766
28960
4427
36802
11447
30909
30757
25571
17660
20047
19061
25294
36123
552
31958
24089
25424
25419
30963
37491
1633
6577
13131
35892
20108
37424
2344
24716
15513
25212
22347
4505
27442
12399
4070
30606
19121
16024
31010
34105
17624
8631
24056
2223
13335
18476
17700
34597
19561
15493
16934
1518
2035
29480
12006
12880
35985
973
9138
27206
2862
15593
23745
20691
12798
27753
7326
28225
33697
5700
24537
32508
28264
28631
8923
29918
24914
10726
4442
26826
3179
2192
3008
17250
7454
33193
13005
22559
6491
9910
33672
34674
27501
30472
391
14694
872
32163
12170
4464
16524
5895
26365
1802
892
6080
32108
20167
27067
20358
31519
13697
23064
14609
1678
22315
12863
33348
35911
27518
2783
12541
13232
33062
10766
14046
2793
28986
20337
30979
8196
3075
9162
15988
9284
12472
33974
2667
12828
4687
6651
34718
6073
6179
27135
417
14653
814
33978
7938
3981
10540
2349
6258
16005
29004
5873
21357
7804
28461
2184
23009
13413
4438
20025
24096
2442
29315
20938
19308
9617
3305
29174
27402
15774
17777
16017
25082
34685
14718
9103
15553
10033
6516
28450
36389
6690
31497
6655
33644
7446
7017
26166
1441
22185
22162
19197
7772
16500
13496
22496
16951
10308
10718
32222
30997
29363
7915
6746
30220
8203
6701
13013
30445
13911
22994
24970
9333
29168
36281
6975
20862
12527
1958
20573
18420
3276
22779
3894
11811
2611
22311
9494
27146
22509
26146
37119
21499
11534
5139
18616
69
14124
23983
24758
9377
11645
19878
12735
2388
2710
15890
19495
30618
37575
18736
9325
3511
32018
35388
35809
35976
31629
34873
32455
28021
23717
4595
25296
934
35681
8334
18419
27846
17142
6855
14235
6281
5006
31988
17920
30992
12547
24413
12568
12204
1648
1335
3117
30593
16023
2107
4078
29668
10220
14209
37001
32770
21143
9327
21923
22259
31132
36228
1071
36565
32829
16074
13180
31819
5611
28122
24328
12253
36999
20586
25118
27180
30184
15592
15088
22709
12999
35023
13520
18339
20874
31210
21962
7642
26154
21247
24990
16527
21676
10232
3648
4238
35328
34093
15460
16772
33055
16536
22977
373
12748
14746
4768
3173
37197
24442
28083
145
11748
14510
28456
897
30434
25704
13906
26734
9125
20714
8275
23086
7466
26838
14664
20125
350
25700
6025
2089
17149
35070
2051
34427
18729
27684
2940
8229
6187
7944
36884
3270
33808
36882
14946
4893
7518
8302
26584
28562
18591
8692
15884
20758
26623
28548
17425
28434
21376
13625
29746
31796
28359
36077
37218
52
1480
35489
11221
15045
22639
746
12392
9766
25128
20641
23778
10082
25775
15399
20974
7498
37255
16547
76
36464
26550
15194
21711
27845
19281
14732
18742
486
8325
7160
15605
20980
19634
15024
33730
4326
28882
26247
10844
17623
3115
22505
15724
27823
6639
23315
5368
14801
9609
8809
26680
21578
317
13598
27731
19014
33860
16013
10137
6189
1020
30856
17750
28314
6283
12037
10325
32751
9857
30388
17170
21887
19913
35526
21426
11278
8032
21892
10356
30803
823
24400
27519
34436
8261
12345
25120
26035
19826
214
20604
16707
46
32567
15478
13547
15924
25132
25289
26995
10945
22059
15140
31560
14074
36325
2671
25593
2012
23388
15511
17630
21574
23744
28105
17817
28847
26535
9348
25679
22930
3694
37270
19017
31941
27805
27169
29130
35825
21049
26192
18576
4296
26372
34771
36041
32531
22342
26135
19816
14121
20640
6972
17565
37458
28007
21904
6317
1383
31391
6687
18792
30135
9447
5299
3863
12773
1186
25188
21569
28115
2758
20793
34626
23675
22228
27478
35876
21495
31634
32402
13615
16889
22385
17942
12134
28016
32453
9334
27314
23442
21975
27812
17110
6613
35977
20031
11035
6061
32302
12443
36304
26325
12302
34663
33935
5031
32400
1947
28347
20437
29430
27334
24404
34535
4684
31721
19292
3122
13217
14600
10301
8751
31343
36321
36951
23957
27613
4026
10199
17964
601
3235
1207
11191
9472
37709
6092
2292
1538
36143
17581
18499
31467
16682
27918
3139
19586
36798
4463
33564
27297
22268
20478
11316
5134
30942
29595
1672
16336
34350
11671
6976
29527
22670
31535
1299
12897
8993
32183
13790
4068
26726
20679
33502
14251
35542
23575
31383
12413
34485
16056
37485
9958
20548
6771
3477
7725
12827
11047
1172
24431
10173
29227
11456
19864
17262
26721
26797
31728
27955
18473
14748
21176
27459
21195
17747
26709
32944
670
22665
3558
22511
3671
23330
2945
2560
23763
2194
18181
16637
1110
19254
19875
6907
3982
2484
22512
32854
9248
29322
30411
11527
1752
13445
35036
36973
24115
31972
1379
37496
9094
9534
6014
24729
1570
18385
11082
2839
35751
21697
19004
32872
12916
30880
16626
4873
24763
4630
10041
33447
21985
35056
17161
29552
2358
35525
14963
27482
5813
16127
33680
10759
31989
18021
28566
19114
32666
19834
16153
19971
35260
2338
29840
1022
14066
17864
3040
4730
3249
17730
1832
7550
29273
35079
26853
31798
9474
30841
17733
31021
2268
32037
20061
32201
12981
216
18283
27939
26681
16091
24563
3802
19102
9789
15442
24616
34759
37205
9362
5424
15694
337
20085
28554
13134
20279
28826
2831
22152
5392
34934
6856
28949
7794
21813
32475
21952
29702
30532
8043
3661
19373
31352
14176
13193
18805
8452
32896
16564
2872
30278
23625
32746
37579
3801
17501
5254
32981
1105
25846
20558
6713
25666
16915
31287
34177
23221
11169
19899
12780
20826
29629
14864
9250
17391
15065
17039
34653
9233
33996
4496
24974
23743
10557
8810
21277
7807
30854
32560
31451
18127
26712
18364
3238
23115
26912
9346
16569
31159
31057
3180
12277
8897
7435
15980
31850
13644
7252
20133
11756
8644
11424
29923
11190
19317
23376
15347
27815
27772
2851
7436
31585
560
15656
33544
20158
37299
32933
7610
27940
8581
22061
33890
353
29591
19226
24917
6857
9909
1145
37667
31666
9976
17279
33388
10930
13680
30059
6964
29379
6646
21188
13950
13063
824
12039
1369
2367
32816
36765
11011
21742
34151
34175
20578
5961
6072
21837
8648
36175
1828
1920
34346
36574
3109
23877
33532
37447
8001
25756
8388
7204
31956
11670
14667
25758
8646
21457
23284
5476
7911
27922
20852
1851
14417
5935
30936
21124
5249
14731
35750
16722
27584
32424
36144
36533
25
14663
22215
12641
13337
29947
15101
32
31400
13904
30335
3664
26451
34434
11132
14083
21793
1635
24761
21488
10021
31288
14237
9001
13522
7889
3961
35705
4155
31265
27122
3892
31285
30868
8647
24209
5199
1451
28613
33365
8454
16198
18911
11223
6575
4299
26599
6225
4092
17319
10094
20322
6891
3054
13488
16731
22649
33263
13039
27717
25168
13800
33350
1948
18694
15676
8753
4041
36758
24989
7893
13925
26417
56
284
30737
10634
23435
30960
30158
35222
4871
17373
35006
4067
9917
12544
36419
9021
1464
8276
27527
4677
14550
2231
7440
9943
24548
31120
9654
14047
4516
37373
13351
32691
37581
28707
37437
25121
26771
30137
22944
6143
4446
24997
36504
6760
20693
26871
36402
33803
20265
6681
27312
4217
24073
32555
18886
24987
16303
14616
24120
529
1632
17974
25396
31506
21437
5173
12813
25938
25340
28034
16434
24592
33673
17035
11621
21442
15768
1876
10648
30568
28647
30564
17870
24894
20081
18399
8041
18730
7697
31733
20725
20317
11787
37430
26642
4635
12305
5098
27630
33518
14152
3475
12533
19260
15356
7775
30914
29404
14134
10130
26243
26536
19505
4625
16939
3571
15404
31701
22934
30469
31750
17566
26438
2628
15219
35736
36179
30425
35214
25692
9619
6029
4404
13856
13128
1012
31314
5840
35886
4455
32822
24622
19365
27370
4420
4142
11239
15041
10745
14261
2417
29612
10059
20223
29027
28242
7395
22831
3821
10593
1461
14327
27231
17385
25174
13065
14036
35178
6099
32283
3708
10215
3288
4702
10396
15337
24354
636
25790
20946
8611
8408
18185
34286
6376
35981
4172
3035
17738
31168
3864
15579
21280
37502
36354
9711
30416
2604
15589
13427
26778
22434
22018
21192
13189
11434
19903
13423
30683
10863
2162
25942
34754
29478
1995
20397
36337
30602
37325
35241
11481
3509
28491
11376
2038
27915
10203
9324
12312
34157
31475
23643
3785
36673
25186
26291
30969
12538
11244
27154
20187
16038
15557
15755
10345
9894
11953
24304
30366
34083
14840
24177
29325
20890
26132
12502
8181
20272
33099
24281
34585
16686
26608
36208
19986
27280
4158
9985
21340
5141
37440
7261
31784
27659
36815
28500
21214
28624
36642
19703
15968
17076
24856
11487
794
1327
16920
12927
37385
1914
13580
26866
30096
23403
9098
30380
16175
33186
34637
31371
12887
23563
6020
7646
14027
25502
29377
32579
9263
12823
30006
22946
13402
26944
13827
13685
8754
18007
22687
10341
12090
7637
32143
15520
33707
21002
6211
27234
18221
31276
31191
18314
35011
29066
26612
34905
35933
25021
7962
36677
11777
25237
27520
32986
25081
28176
19629
36205
33410
35348
6751
18173
18146
10815
23145
28071
20523
24767
25068
32207
33737
3060
15334
4910
193
17412
2176
17924
37036
13303
5421
20648
10039
4046
5218
36165
33640
8815
28610
755
32722
2415
447
7335
11569
12145
18547
28863
34861
35859
25005
10389
36475
24156
14215
18357
15422
23715
5857
4292
18633
23308
10928
27934
36590
6985
6392
33408
25638
30042
29267
27208
22114
7941
35912
20489
30600
24790
10461
18717
19363
28339
28194
8645
35798
18844
30114
23356
33032
23749
26360
16438
14129
21221
8289
37107
34276
23631
35133
19652
11155
35134
24679
5168
13237
25623
35572
35139
8548
29868
7366
33843
28517
9925
3705
27833
94
3107
20813
19658
18974
12680
25537
23139
30138
32122
8941
35403
30671
35337
33988
30850
32558
10828
30988
7319
14706
8502
31484
7469
23576
9795
10221
26085
12473
24818
30553
3174
29774
5917
36318
14007
24475
23502
26025
10847
3625
35505
13525
28316
30183
25662
30377
17342
34337
36783
34272
16808
13313
23243
7279
14795
2756
20165
6810
24734
10007
2472
23111
6624
16191
31606
18811
26849
1033
5499
33700
7798
6583
12603
1024
36037
34300
31261
7197
31980
21290
20760
24010
35169
12535
18354
14593
5061
16012
5278
26688
24926
10947
26919
9790
36215
18516
24772
26450
24462
24598
6045
20884
30166
35158
20230
28641
30486
35655
19805
25563
1839
36030
32992
32331
2361
16799
16122
28422
11743
32695
10970
35838
2146
20876
32484
19093
12774
7265
23300
32497
27738
3698
19823
34701
18860
31937
19937
19885
22327
14669
1044
19952
13415
27062
15295
18673
2985
11794
9874
1066
11421
22781
5672
11213
22388
12905
7774
7908
25550
21847
11850
1889
8795
18036
17887
5024
24754
22963
23460
24132
34884
20906
30457
24845
7777
29777
2
9782
20496
24799
15444
17592
20818
21113
26240
19032
19867
31070
36897
11334
21274
13989
35945
36706
32900
7449
810
9507
15544
23584
19499
33742
4529
7555
5953
23385
33060
34099
33800
24912
36459
30357
7551
13671
27098
24254
11464
36358
11055
18921
7104
11838
25413
716
37533
33294
32781
24271
9126
8680
4064
34435
36383
4104
19084
35999
33851
35684
23306
10496
8208
15739
23110
34920
17904
30036
12758
20168
25993
24737
32316
26126
26019
30468
19720
608
16271
24434
13823
14089
9319
27260
7105
20805
20543
17530
35109
24456
254
5230
32348
911
37660
34189
25680
9207
15020
7764
27799
30893
12848
20070
14565
11366
16945
29269
31755
27299
16156
24399
16135
2881
34244
33110
15056
13712
20870
431
21559
2225
29367
32999
33011
34544
2227
30964
27617
15737
25917
23720
31857
18725
19967
5776
16750
27633
8230
11858
33848
24149
37221
8031
5327
6708
31219
21413
34404
17652
6001
11156
25633
24840
6879
22310
16028
3581
28852
16111
5715
9269
18377
1426
37211
20030
31028
1266
22924
23829
20514
37222
29350
35035
23817
28469
18067
23734
7563
29735
30089
14249
33228
3201
9879
21766
22728
24866
20371
24843
17677
3868
31641
18292
22783
26284
2781
24287
26462
759
33203
11467
11088
34555
21770
18187
10684
27925
26883
21603
26923
16354
15172
9349
8703
22022
24313
9819
36438
27232
786
19924
2777
25192
24722
3548
1716
13868
16677
13253
37009
15962
32241
35475
22241
23952
26903
17044
34392
13021
35190
24775
4589
37590
24272
27325
10784
6638
4239
35054
10680
28787
33314
21349
28413
19152
10116
27882
31409
5233
19701
31643
22159
13524
955
1656
2201
21812
23905
25280
710
32580
14035
14875
21981
21913
21886
36059
19350
35820
18355
37378
12528
3900
32186
23447
14899
33084
28669
19664
24773
35804
29897
28788
31808
13996
20014
2481
14313
4129
2603
24662
5624
25788
9123
27471
37264
14859
16628
6783
12488
24000
37125
36268
19961
19075
17798
27275
23417
20916
27651
21857
13356
5329
8493
33888
18534
2375
5777
30558
26282
7062
7429
24588
20124
26311
15630
33980
18183
2186
26047
36956
17234
28518
12226
30030
17213
13111
16282
13997
22263
26746
35042
10188
11257
12926
5816
21371
13536
29462
24467
22174
3755
5938
30173
33850
12280
24488
11071
29769
24886
9365
34791
15746
5243
5695
2585
20856
22990
9097
27166
36827
28779
26572
16553
12522
15508
3316
11673
22404
25290
13024
26976
1758
11212
17615
5036
24124
18000
28077
22343
5370
10747
8259
17241
15985
23727
34941
3177
31268
20638
9702
15264
29209
27466
20944
8567
1575
35963
19806
32486
31875
6310
21967
19965
12112
12914
18028
5464
24719
26540
31207
17966
575
12739
9229
12341
22560
7170
15443
35460
21921
15481
15521
20347
26835
18981
27760
7032
14945
10163
30442
31929
19934
32605
24036
3307
24019
14917
25383
37114
21817
16295
16823
2492
1824
35216
4519
4661
16864
11802
4680
32659
37382
24618
15305
16377
25454
17816
8246
36873
4100
20615
3176
29658
9973
25875
36473
19029
18998
4681
8314
33211
36386
33283
22076
36721
15273
396
29142
13585
19781
1361
8273
25983
15882
26493
19273
12613
7828
27556
28245
29988
2327
9410
25202
17251
15813
35979
8624
14807
29388
25031
19030
24593
20622
7014
36657
14264
1992
37183
4846
25567
10609
31945
14658
23391
15745
18934
16137
37304
28660
34724
6548
32324
4403
20977
31749
14997
33819
27333
6965
8138
8256
28946
15590
35605
6912
21116
9216
30496
2669
10498
34940
21331
10536
7072
36250
36778
1277
922
33114
33423
30506
34315
33162
23020
30433
18685
18571
5067
33721
4911
33354
1667
2284
26013
29199
31840
22252
10141
5699
3557
6433
26705
26142
19
32030
23019
31994
8896
30549
37391
11620
10448
1305
32269
687
24723
21788
2128
15196
24222
6628
30102
2684
10643
21717
24005
25762
23397
6625
35553
34961
29964
7593
16773
23366
33309
36508
29108
24420
29673
12460
33471
8960
11615
8587
12600
34331
34937
24571
21553
11287
24766
3451
15871
7613
20720
20134
3803
20107
17392
8994
5501
34075
4887
22200
6723
24725
335
15192
29249
1903
5451
20470
11242
12833
22398
17396
25214
8679
15212
29145
20462
33104
31858
2255
11154
11511
21253
25629
1912
22400
13846
31067
31180
26651
8267
12637
2110
9458
10439
37324
12554
19491
26597
14318
26328
24614
32544
23014
10592
37557
35786
34808
20021
17504
6041
10876
16852
1852
31031
6415
14415
33638
36134
30251
4058
22535
10855
11306
33189
2199
7516
33191
33780
15271
20647
21147
23586
6313
17692
15429
36954
19167
33227
9764
2453
6148
3508
22706
11029
9750
20307
34149
9179
36131
21659
31140
17365
16202
34784
18715
2342
36628
32949
21108
12807
17975
33822
33574
2280
14063
28921
2064
19612
27746
14077
18813
28387
17370
33054
33649
9008
2974
25329
15941
30530
9049
19716
17214
9644
34166
18739
30689
8728
1454
3171
37149
20326
7960
8075
21347
11495
2422
36108
35306
20282
33046
30289
28835
28543
28750
12118
22469
9855
18512
24379
31478
23870
37088
9574
34113
15796
4462
37616
22123
3333
28477
2541
23739
16393
7787
12855
25569
17696
25861
25369
10716
29114
18301
30647
16084
27099
10734
12317
35345
22145
7629
32116
21061
4629
16701
7786
10555
17545
15492
11152
19057
19478
33065
36581
4584
21779
3679
27229
15781
19982
17180
3192
708
14625
34419
2890
15713
37063
17195
32416
478
26204
11894
21972
14965
35773
20600
36437
23211
32292
29789
22919
19264
18814
8671
33820
13539
10023
12479
31499
21806
14207
30171
31992
21544
33743
8370
8139
24219
26563
17008
27887
14073
17659
9296
22597
22298
28894
6947
36379
14940
4831
17147
25046
16747
18531
24991
2133
11696
6851
21204
24919
3346
16950
26343
17470
18758
13096
5552
37084
12537
4801
20361
4599
35540
26392
31044
36880
10735
17872
1930
27017
23136
24788
35735
11851
36433
1112
35144
12066
30192
11073
35338
20251
11381
33240
24090
7689
6209
34391
13912
24367
6261
10010
1487
34063
15469
21194
6405
35580
36529
23946
24126
33122
20368
16075
21293
2158
23514
6311
6608
11890
24062
10753
10169
20542
17941
3552
10862
36644
12565
27025
8926
29690
34355
14967
80
30235
36346
11031
10426
6264
36087
2092
10859
31403
15535
20619
33908
15228
22010
24844
28888
33846
11466
14436
14567
18595
23192
15487
8025
14139
15522
19268
13835
27995
24332
30711
14136
1235
15255
7814
19304
14019
19312
14111
3314
33390
485
2554
29941
21415
37423
30499
33659
11243
33237
34623
13914
10612
14833
10830
30055
19160
34579
36238
1403
33430
30714
2394
12471
13762
17525
15274
20614
21431
32099
17178
27015
32487
10573
22855
23536
4932
20336
37467
33366
2864
28904
4708
8324
13875
91
59
22397
2365
37682
448
29978
27390
9642
20190
15079
35205
19958
32249
6585
26845
27401
1990
29847
16688
16159
18818
19400
24756
7141
16590
1038
24179
16545
20710
7832
35603
9886
37003
21709
12259
36442
32425
28283
19789
14494
4948
8205
23126
21492
14263
10084
27817
6159
31515
16114
21449
35533
8021
21843
14232
33320
27058
23710
9483
26217
19210
5490
17996
8818
1877
23769
26667
27041
9290
31727
22036
28808
11059
17377
22495
16463
34016
7848
27270
3178
15627
11012
25538
29893
30352
7067
17454
30705
12864
36297
97
4338
19175
12645
36187
24363
33904
1401
2248
23515
5957
34390
33178
23591
19058
27155
22344
12579
33150
33324
8797
6915
19644
33092
1271
19893
6253
30739
18004
27921
32953
23346
36848
32636
12762
34956
5414
8702
4232
32656
4097
3963
25836
249
16291
4758
13850
20235
29237
17609
35366
26250
3417
15057
20191
31344
22580
8717
35003
35092
23597
4580
23078
30244
30809
13610
6213
6867
2953
36555
33984
6297
34602
23939
23405
28617
9149
16940
13448
16325
12513
19647
16535
11307
9627
32563
36341
7248
22974
36588
10369
21637
3783
31442
28625
25461
27186
19357
36072
13175
25422
29617
6063
35923
2323
29726
18779
32479
30655
25203
35782
6623
31683
35137
16001
28349
23318
27905
36618
25251
12496
33587
22743
6167
9659
10607
14635
13994
11895
6235
10207
35881
24546
25823
33336
35138
2137
4555
8845
27091
3471
1005
20703
8603
14764
31696
6373
26087
9781
36649
18517
4175
25317
34747
13772
33687
23649
5841
27511
20789
9453
34729
33008
11390
24025
27788
6938
22789
32202
2451
2992
137
13653
5059
16362
23154
31454
8657
11529
17187
34193
25261
11797
27250
10162
29917
13940
28539
27052
3225
8132
7513
8122
22897
805
36421
2610
20119
11463
29155
30917
20052
35916
17206
23891
22426
463
55
3635
15125
17970
7556
34363
32758
6637
19119
20718
11782
20083
15199
5383
29013
2290
25350
31256
17614
3622
21230
37105
33292
28811
28674
43
17114
25204
17212
6882
35645
31925
18467
18545
7955
21866
13863
9358
19416
36728
13993
17386
28003
25779
22219
21496
1719
26939
8160
35157
13591
15131
19868
15753
21470
14320
24975
30769
31100
24735
13293
33732
35691
19005
18578
3946
14272
21168
12195
27130
1746
37180
23183
27620
9864
12506
16600
6333
19490
23558
14671
37243
10126
31258
19279
27059
24516
16257
21896
18889
8875
17128
34326
21315
21908
20823
4185
22264
26631
4607
18409
33241
6178
18603
18144
25382
13549
28292
22936
35129
37188
19532
33165
11054
17839
16150
8102
22088
2819
14582
21524
1679
22876
340
11234
22539
23279
8346
8735
14354
35
16670
15063
21218
13942
10738
33395
4004
3112
22561
16346
14628
6895
24061
31183
7076
37132
732
8850
4570
13459
3187
3425
28739
30670
22964
17136
21220
7241
24881
7405
21398
936
27096
10269
29541
884
8674
29140
32998
8486
20300
25362
20039
16426
6959
5989
24406
20396
25106
17294
878
28628
33101
20181
32767
32565
15857
20939
10384
12901
26145
37377
8946
9470
35200
11900
28127
19548
29957
30157
21184
7149
35566
3135
19927
7771
16737
21326
25224
5865
36543
798
29503
33386
8225
11599
5042
3633
28130
23166
3793
696
32846
5023
18079
14991
6691
14018
19331
18363
19242
25411
35692
26837
30324
27734
3155
5595
22978
36490
5081
28440
280
12433
16909
31532
27900
28845
17549
34976
9032
14455
4247
13136
12266
21940
12802
31447
18806
18549
33944
28714
35331
23102
17709
25657
36168
24745
26502
4622
29725
16624
9168
24121
15435
13508
3926
3662
15843
33299
33146
3291
13476
27167
18771
29691
37034
26696
16720
6083
16181
11818
26500
6506
16090
8484
9706
29178
34098
37408
26078
30915
6572
24581
36416
37652
10226
10200
30181
35581
6477
20073
30565
21231
5359
21044
31392
18053
8012
6886
18201
16837
12954
25145
27539
12781
25039
34634
19182
22747
36584
18451
29479
10212
16187
20506
3927
23394
5232
20474
22674
34138
11337
17518
23716
18510
7354
9301
7937
2058
36480
17353
10275
33495
27255
35181
7721
12890
34880
11587
26195
24232
35270
19136
9262
23570
5397
29429
29772
21995
4405
286
5065
4380
2700
31876
6791
12943
26777
28108
4979
20315
28701
37674
3237
2439
21589
22492
7800
4943
9004
21820
31768
12766
36712
28659
16269
36369
28478
20968
23423
10379
9896
35226
26001
29149
3517
21555
15433
25084
22660
28094
12866
15015
25545
12292
35728
4591
15026
26178
1718
23802
7734
31948
22988
10966
34518
11373
30222
9800
12959
4726
26241
17045
13941
34051
24797
22808
20546
34486
2936
28520
14846
14925
19858
27553
9497
11749
20128
13876
5154
36085
12514
4401
2797
6184
15223
6315
92
1551
33119
2672
36411
27743
16698
2143
31032
21440
9828
23918
18702
20848
15270
14004
14710
27978
272
2127
12487
32280
23527
1528
21160
2885
36128
25398
9928
839
14059
34511
29295
30280
20383
3729
4974
21527
23954
16924
236
36823
19325
19822
19153
18959
37356
13491
19509
8843
583
33569
7459
10420
18737
783
22672
19795
17781
13228
8411
26161
22446
18438
36639
24922
9277
24936
16118
26382
9846
25236
5805
33202
13776
22286
4343
21173
32921
16
17885
9839
12850
6245
28633
121
34515
18231
33231
31767
21308
17030
33079
7917
33602
29925
18901
18037
3851
13092
28828
22121
15800
24670
23378
1727
26850
8594
354
1911
27941
25595
24110
30783
25129
3798
29166
33821
7758
28267
6868
35557
8686
23011
4306
2469
18046
28544
18634
33346
7258
10471
16208
9059
33128
19706
37217
33885
26574
22798
29465
8407
25535
23640
14755
10206
4762
23241
33601
30827
8450
11133
26026
13885
36910
11305
22804
25754
35642
13786
12197
27417
26899
9261
34360
36606
11576
17496
26277
10909
30489
24003
15828
5687
22549
22841
34832
15277
20849
17205
2339
19538
6091
5488
16604
8178
34174
23285
706
19510
1386
29618
31921
23807
5927
28048
24327
35617
7767
32960
32713
31470
