15864
35004
30810
16667
20463
28926
19868
5183
9798
1926
27034
27911
33885
36987
29703
5584
18069
739
21414
24897
31555
11843
23252
11013
31822
8415
12255
25348
24227
19496
35770
34047
10372
21147
24303
34427
25867
29051
11850
36686
6221
19805
31575
4635
389
13796
22059
7325
8952
10121
3185
12412
23899
21851
28978
18085
29396
19022
2342
33183
21524
20590
28863
3854
668
31845
28825
14125
4135
5187
24343
2949
21804
22532
21640
26111
2845
18533
29394
33771
23753
2715
16715
16914
32312
37599
13698
19173
37427
8065
5373
27102
7512
10101
23715
17959
32065
2393
2515
32415
6360
34634
11896
25668
21204
35557
12468
25299
36834
11390
9419
16439
27162
2555
20553
31746
1661
32993
12081
20563
12833
10621
23605
4556
11244
29453
25801
12366
32079
16564
1222
7166
40
2174
28175
11111
9693
817
31020
32675
29841
26662
15765
34902
27716
27924
25245
470
7451
4720
33818
18943
2089
32858
22089
3600
4381
10549
16841
8400
27974
26769
3515
2354
21412
20655
5991
34950
90
1431
4257
11829
23175
36579
14334
15969
10125
11382
29426
8728
5261
4020
20272
13733
4108
10943
11341
33229
31285
20474
1609
35290
887
3852
14026
28541
12066
23084
25703
20583
32832
19232
26489
23710
10285
12386
11320
27227
31220
20788
31661
17621
33611
29048
4771
28076
24384
5299
19111
5655
2520
32267
10021
36877
8548
32216
11367
29754
24995
17228
19183
35810
21904
11253
24812
1747
23115
27074
25525
25116
37044
20207
12491
35985
12810
16236
33791
22815
23761
27548
14100
28994
18499
11657
37656
26681
36258
11053
1425
25183
25760
18239
30237
25639
35268
31974
17455
25240
23316
12352
9475
24193
8156
8304
21277
22195
15042
17985
30370
12287
37417
143
33808
22948
15879
34204
5360
24018
13128
11464
9214
10468
11939
12846
14589
8375
4034
4653
9826
26654
3272
27852
9197
16394
31308
6145
20624
4681
34903
12474
11594
27887
17947
1100
19620
32189
31620
2576
23546
4930
30090
37188
2978
20240
32395
25730
25627
13475
13530
23954
14453
24789
33285
3756
8735
18825
5847
32155
34607
24623
16138
14274
3276
1977
11633
17664
22466
24777
25972
18234
3230
7808
35746
28531
24489
27089
29728
3023
32141
8693
5903
1907
32129
24646
3176
8153
11548
22229
6399
10954
27519
29553
4268
17249
1326
28993
11468
31583
692
21707
23670
29751
12591
1476
19793
4228
29561
18672
33314
29263
6555
27147
27958
33896
29077
14247
11153
8075
26150
16427
21656
18881
13192
19355
22247
11112
671
28034
20501
26367
31694
24557
30089
16981
33086
10307
1586
8069
12210
3591
27927
16361
13500
224
2851
30120
26874
1544
24142
32186
29647
36290
4209
13016
5733
15074
4247
6899
30128
13559
33202
24872
35454
34842
24509
28436
6598
10858
21954
5432
17968
37257
20711
25740
25449
16630
3415
18724
3293
32571
3463
11632
459
35159
5293
9551
36071
17055
22903
28092
15666
9020
15963
17393
2110
19044
37023
32891
33432
1955
1626
5364
8523
21377
17552
28938
23420
22722
28648
17586
30561
2423
2516
19586
30033
5689
12891
32134
4262
24998
