30595
6582
6572
27938
12829
19549
25753
11145
17332
23537
1883
18390
19306
7592
31727
14497
4790
18814
37582
1959
20774
28735
28378
31132
8953
25213
33345
2007
34835
4585
29615
21363
13004
15022
20864
30433
29696
6989
10929
34440
18282
12645
3648
23444
22013
526
27584
24023
28183
17714
11480
27687
37010
27366
19956
4100
17241
16190
35989
17955
27920
37556
94
7806
3306
25246
2328
35780
9970
12480
102
22920
10653
5517
36138
13568
9743
32071
31134
35987
18126
19430
34164
16910
1917
18748
19587
19682
12392
11909
20163
11257
12098
20585
20699
24359
7279
7331
952
7024
34554
21279
15585
2511
15437
5812
16728
17470
35648
21334
11715
8972
18185
11663
15536
19679
27040
194
5628
22184
32097
23982
13444
19417
13902
13988
14885
6740
23242
23017
27663
6023
11393
28852
8706
18074
32177
8429
18103
19140
21711
123
5607
25078
10513
3516
16390
23390
14436
28064
5214
28798
32515
13829
22500
6151
37159
16605
27782
24189
15293
27893
18362
7103
14535
32910
15659
11312
28790
7200
3412
2011
19794
19853
28372
25976
7746
26612
28881
3686
16311
34529
26070
36377
6207
35425
24206
28270
25343
1829
32456
36982
10375
21479
15381
23583
17953
5048
33981
20551
11288
20808
32446
23463
21335
10350
29193
6594
24021
36329
30087
35758
2205
7579
856
30620
3947
1909
30562
13947
7652
6789
8869
8014
24288
27551
6040
31634
8637
12512
10139
13348
14245
72
29027
8648
17785
25060
9948
1456
29803
24747
13578
27758
16204
33567
8238
9993
30648
19349
9587
30709
10665
30999
30058
5462
13786
16542
23292
28742
36483
5918
12594
35065
13075
14818
14074
37124
26637
5711
33697
15056
2041
22190
8377
1245
20356
9622
6612
5979
31926
15750
19958
3486
27039
19260
20386
33620
10731
22081
28305
35828
6336
17466
18047
11426
13811
2114
4374
20595
29721
36670
34176
19193
23265
36641
25369
15337
32898
19362
13409
28903
4614
4159
6778
31818
17852
27068
25989
36162
33206
4283
3280
22943
10906
1623
22676
17270
3246
33773
13284
31084
32376
36962
27843
32719
3929
14961
8999
25924
30321
8522
10026
14906
26203
14490
32660
16751
2901
31673
32721
32283
2396
5809
26632
31535
14651
1189
13085
26056
303
19381
9506
10250
17029
18718
33144
29790
10153
10439
15764
25948
15554
28912
29959
681
16016
25192
25789
6824
9683
2697
454
20151
21609
27524
21433
20576
5254
25754
22266
11260
9438
8044
25759
18184
26317
2377
12230
12794
27253
20672
10823
6112
2008
3578
11017
30185
18515
1323
25630
3884
9986
626
25582
294
2518
31636
6143
25927
36568
23483
7385
9734
25719
24053
16207
24913
11269
22494
2649
21060
9194
19915
18061
20948
4953
32161
16300
5993
10297
31843
9383
4372
10884
27135
31962
1146
37283
25601
28616
32943
8665
32202
17895
24859
5095
31795
21234
22854
27093
3613
6986
22259
12815
23257
13406
9293
31616
19365
1688
30767
34701
28443
36047
5956
5974
20814
6054
17864
31554
20002
9907
27624
30475
23755
1771
6761
36995
3322
2073
36766
34717
27964
28830
26945
8441
23334
7008
30560
19249
21198
3589
5190
35306
1338
5530
5687
33266
14994
33921
1765
19827
222
31204
2896
31865
10773
27064
23293
32728
21619
15718
10582
10831
34194
8097
2931
19212
35877
26484
11134
36131
27577
104
5096
36476
36716
18310
1082
37204
35317
7915
28794
8083
28549
18302
5547
7849
1690
21019
22116
9303
18167
14041
28452
21563
36815
17479
3588
14162
12529
11967
14752
26089
25739
5605
26994
34134
5558
21219
677
16937
23495
32707
8
29124
12962
15933
36623
24110
36442
27685
22580
19008
23782
5224
12531
19448
36600
33041
23237
1169
28848
17459
6345
16221
32287
24274
21100
17924
20476
26988
29869
7459
29006
10900
2305
748
21292
12124
19296
33741
4671
2461
28236
27462
29201
8021
20381
13338
20925
35823
35423
31967
30426
14097
20662
20572
1383
16417
37206
14170
9914
27108
37589
3097
4780
26096
347
36682
11115
27218
18850
31319
23375
23613
14424
505
25455
11808
11493
23661
1546
3443
9290
24250
34659
2417
29661
7864
23612
35251
37224
15795
13205
31336
18112
20411
9283
33621
28697
1944
24483
3864
6929
17344
22677
17153
17936
6603
37252
4369
30885
35069
35009
7454
767
27737
5575
19446
6215
14901
10316
14088
20746
9780
35966
13311
28411
33965
1119
7049
6523
36684
19789
27789
31933
2819
18891
9052
18255
5805
33173
944
3005
25519
16650
17906
8130
24606
1867
9831
36209
22806
20164
15515
17214
20486
6942
13237
1994
21354
21288
9485
7351
24658
6813
25672
36819
1800
23865
34590
22846
33210
14478
490
28946
11021
19118
15822
28318
28771
27875
7778
37685
11655
26198
28184
14044
10057
16348
2311
19949
29042
22526
11414
17359
35511
10563
25312
31088
5753
25334
14113
5490
8080
3099
22945
8986
11685
28284
20989
20874
24607
29294
9546
14953
16878
25073
2778
36950
8457
23479
16268
26006
1900
252
19788
20078
18220
17993
26014
18222
16458
33657
26000
29328
23547
29050
240
37226
20857
17224
22957
2682
12997
20547
20143
31551
13750
573
24516
25660
11795
34632
10919
24966
27167
36026
2431
32825
12197
4015
15595
1523
18808
13306
11755
14795
16199
10198
1415
36705
61
7614
30851
11552
23057
37624
35100
24947
19392
5221
18444
25505
25190
19634
10006
24697
28750
9059
11310
14407
5161
12004
16868
8121
17118
36977
22527
17681
22320
12380
34540
19339
4394
24961
4416
11250
25368
13447
32618
11917
18459
10145
12864
16131
6378
16791
8537
22044
7478
21106
3320
33367
6911
18418
28843
35619
12043
4191
25774
11404
11050
16507
33071
32095
11919
29251
13927
23225
12319
20126
36824
22896
31357
35230
16932
5298
35834
31615
11371
17377
1478
22113
7419
21126
27356
2580
929
2024
16864
6856
33974
12403
24319
5774
5316
6522
20973
29161
10420
23461
22305
36005
12014
13571
5866
26827
32900
20166
18882
21197
29714
23176
916
11592
11465
14493
12893
30095
26351
10164
15903
21772
30137
32471
3796
16411
6738
12133
26
13622
29236
4740
35711
8888
14034
33942
31112
36846
7045
16761
26870
14217
8675
11032
23345
23859
7289
1448
36091
2054
9607
30336
31409
17999
26248
22261
22368
28428
24413
19814
36797
30594
2635
31199
907
28069
33655
30654
12338
15348
14624
31982
4916
37137
17693
16506
9429
27554
30494
17416
34290
21943
31893
6772
9213
25736
12558
21459
17157
9200
36802
11704
25065
16711
17170
4430
931
27120
21696
33044
2830
36812
18923
26865
22185
31181
29104
21984
18592
12220
9874
36876
13380
24167
25632
16461
5361
5419
34469
24700
3659
13175
35184
20136
23269
26731
22162
20625
35400
16892
2489
15149
14180
29118
15615
4124
35279
7976
8682
24930
9223
15507
10685
13393
18620
37373
22372
30407
16829
10521
34731
5184
11412
33156
17072
20103
13166
19934
14140
89
30760
6413
14759
17386
13987
28924
34930
24048
16056
19855
25251
31512
27414
37402
31045
16927
780
32054
31797
11872
14089
13595
22224
23918
29157
10726
22756
16079
12283
14166
22805
25083
25872
35435
5527
3047
29474
16582
37477
37676
28253
37650
36226
5723
4596
20179
11638
36177
20344
10932
27347
23426
18353
8919
11235
36792
26322
26026
367
4976
18509
34192
37470
26607
23501
24871
15454
259
10088
33107
25888
24750
29937
30947
6902
5652
6279
15013
29028
10783
869
7147
11121
31611
18089
23936
12218
12289
22898
31517
20073
22496
10752
20765
13525
8948
29917
29823
6926
32102
17173
4417
35785
25325
21497
10137
8716
6823
13466
23650
27441
31744
34408
1048
20258
6692
23433
24611
18308
22606
37553
13253
32196
16349
31897
37523
21630
19876
20988
24164
37456
28777
30319
5123
29022
33145
31775
18648
31736
12530
24462
15155
27424
19506
26035
14177
3151
25638
1062
6898
21073
27728
13855
10216
34986
8036
24394
1645
14036
1461
12699
25350
20917
29667
13867
25482
2704
885
20888
16223
11039
21783
35442
31672
21692
30984
21542
3445
26846
23787
11730
3143
23563
4754
35111
5961
32183
22720
24563
35999
8257
31107
34657
31879
35969
3336
26448
26080
21543
9635
17677
28297
2852
16764
25476
10244
393
27686
16343
31883
28357
28977
10928
1510
4775
29387
15170
385
3959
23007
13211
26951
18742
36896
23533
23411
16466
4599
25918
32500
9487
27742
34439
26188
30471
3641
13997
28594
36644
22077
9571
29752
17666
2434
29162
33373
23857
15945
23289
521
16897
17191
33136
27489
29740
34411
24833
25114
32971
7514
29951
18030
14539
16150
25085
26341
27248
34768
29194
24312
24024
1490
78
29327
4318
13999
13868
25553
4952
33882
22501
4973
34376
13745
1331
21672
33792
12211
18180
28355
31078
33250
19800
13396
24576
13625
29461
11899
17553
25956
18726
21588
34910
365
8761
8205
16376
36696
5287
12316
7006
26631
15044
18361
24424
23934
31657
14269
18737
5465
11978
36251
35913
980
11627
8922
26555
25252
30468
28855
33049
27176
20338
36635
36617
23047
29775
18758
26858
151
32486
15228
14321
18605
9934
22872
20586
33539
30741
18182
19065
24772
6206
22946
874
7238
36059
21427
21801
24517
6731
35469
1288
9515
27606
27661
37643
35538
20077
22503
26255
16093
16729
20518
18388
18438
28215
31230
8560
19371
19882
22234
27928
15206
24813
17655
28842
1777
21642
35765
11884
35171
25418
21392
12679
24168
13248
5237
26801
14417
7740
34744
26382
25186
32932
7705
24273
34585
36038
14287
26918
22743
32411
5176
3957
16409
21499
24385
12507
12268
37123
6828
30512
32694
31442
5797
11676
15113
27776
5716
10515
20663
35150
25590
6430
10257
6993
16744
20616
27417
2909
12188
429
33941
10710
17631
25435
25212
7322
27650
17424
31438
19234
20243
14848
15163
23682
2286
19739
13978
24601
28351
7761
37461
13028
9684
26390
4805
8396
8950
15009
15573
16575
31343
19491
852
16275
28174
23290
25998
23730
30693
36646
10693
8390
7153
10904
15076
31116
15927
6486
28103
19047
28718
25729
12707
21835
35522
12322
1904
6155
22855
6417
4523
17008
9596
10717
17878
1596
15781
1607
27936
5777
2741
6935
23585
17245
2805
24414
9127
24014
14084
17990
21498
6953
17367
1022
16000
31330
7308
10528
14941
37328
2372
21172
27885
2120
16603
10076
1992
7965
18207
10014
32288
36354
25338
22900
21213
35331
19318
20865
32280
3233
24436
20977
15503
25377
37145
12675
9504
4345
7027
7458
25819
24187
2938
14434
26798
18632
13413
12870
29722
5203
35199
22557
29397
18763
28944
124
33754
22775
20170
3000
897
24668
14281
9180
36863
15300
17987
27572
33164
21654
25546
2768
20195
17373
31886
34422
22823
14300
31813
9306
9870
6227
7469
24026
32239
20734
31869
19694
24140
10131
14095
21779
33776
24402
4644
5688
15509
36017
37385
35953
13720
6191
31144
30067
4954
4408
18218
270
25263
27359
19824
5502
22925
27289
20912
12535
24544
7259
28165
24334
680
7060
14607
34351
8392
351
31725
7133
17299
24761
10730
18070
9823
1025
14652
6992
20374
25786
8711
2801
13247
24846
5380
8896
19192
27238
20368
12654
31428
31880
8512
788
269
11623
29152
15709
3703
2217
23023
27229
32933
6264
32072
36327
26411
13592
31833
17024
32842
26884
28143
3658
13523
37180
24080
34653
15761
16521
33752
34582
11440
5854
26792
17919
121
17352
3896
7638
27617
21282
9440
10424
9620
21157
2714
15836
15336
25984
5151
1915
30572
7606
34147
35046
7050
25592
24198
30598
32073
16566
15199
4157
18350
9433
3981
21401
23482
11228
28078
13954
32390
33076
26287
29121
2154
25295
14272
22358
37087
27507
1851
35437
20194
21709
17259
16085
5343
7440
26736
18646
1321
2969
17821
18168
33199
15802
7551
24826
26808
31826
2014
20606
1151
24796
29588
11321
27123
31375
31895
7382
4388
19315
35086
18674
1659
32023
21272
7140
30436
19526
13888
17915
15871
25109
33133
18600
19455
33089
19819
16323
6403
2977
11497
16191
394
1099
14508
33056
15333
35450
8423
12548
25611
8831
13351
31494
1735
15623
7068
4977
12693
33161
2351
29287
33658
13142
193
30948
11985
29767
23302
36142
31849
21708
15987
21249
7338
14614
29171
18753
12867
14784
30363
9709
11446
24070
24310
29611
14828
1002
22916
2496
4183
22469
35190
144
18538
15263
32123
35011
9384
17364
28900
29981
31296
33305
13838
13242
34203
31141
6875
27127
27525
37465
23147
21171
22968
11295
504
21560
28822
517
20965
20721
37189
17566
24007
4597
13095
551
35316
14400
30015
14374
15633
4325
22109
882
30238
30056
34577
36154
7659
13577
31756
12821
33187
10605
4250
27826
11529
7788
20893
29576
1450
11451
13532
20159
13039
28062
18858
19912
16211
36801
25289
33847
21207
13153
4929
278
15815
34205
10688
5086
18969
27231
30312
32176
11901
28197
2506
23445
4889
24743
9014
12637
21034
18700
15182
21826
3469
254
21411
4319
2771
35696
14349
705
25687
35121
584
21255
341
15407
29222
5098
30301
9695
9665
31835
35322
30039
6400
17700
24604
17338
26579
12945
1457
37186
8702
32360
34260
4821
7785
11765
10249
22092
4413
20184
37678
13883
5438
22405
34476
21750
12136
2917
31543
26926
23000
20890
18965
23502
28406
23645
29635
36191
31102
2426
30503
32866
34795
36052
22408
6781
25429
33799
35672
27483
29569
20362
4489
5668
29384
18502
17022
22201
750
20632
18874
9954
17665
9883
24783
29491
1868
16396
30847
26274
31607
33923
25678
9421
23462
1334
29995
29592
3652
35555
10187
5656
14157
14492
11946
10182
28807
37144
23672
35303
19575
263
11328
833
14794
12653
26469
26397
21327
30239
8811
25387
23219
25421
24842
28096
9015
37680
8313
33785
34154
30051
19303
11968
11213
21528
22866
32385
16048
26991
12581
3002
2585
35101
1078
13214
6511
15746
4320
1706
15811
6591
19389
14484
35654
7146
26843
22630
5430
4083
18560
2509
2847
23244
36114
23497
23779
28050
16921
26789
8943
17111
28483
32972
16106
23211
13478
7165
28327
27237
31777
24252
6818
21444
22758
31710
10532
11839
9251
34751
28712
31724
34847
30881
22524
9470
4014
2610
27056
15367
8322
20177
9786
19186
14967
33859
24093
28696
31689
4846
7745
37701
1501
30005
25697
1360
21567
3315
26550
22486
18842
8293
21227
14545
37655
11600
20833
19453
30149
31573
12017
28038
25579
23467
19281
22122
25899
27805
28493
19383
4055
19959
9725
7793
30551
4607
1115
26404
5354
10235
12564
36273
141
9229
7657
25606
1929
18907
12142
16989
30189
26169
91
35878
31791
35812
562
32403
23603
5210
21270
34239
25327
2198
34280
28261
16256
35594
21046
27429
28781
7149
36312
25415
27943
30202
31658
13060
19092
33547
16087
34551
6878
33225
32331
28540
26567
11644
24464
25340
10547
30431
2738
16206
36480
12390
8345
26651
33555
6073
6945
11315
34801
11230
29088
1058
615
18982
825
4037
28445
12936
5902
17432
32548
26493
17229
28383
13671
16938
26430
15858
2597
34834
5440
25143
12050
32018
17511
24458
7423
6923
23282
3282
11376
3693
9136
30523
1956
31840
21930
7983
19574
13001
20172
10402
15365
27343
2268
25211
25940
11249
33766
29215
12630
26386
25642
5570
28395
18631
10822
17592
37346
7209
1942
10596
2115
14606
464
631
26971
13513
1406
2767
19165
1351
24841
32066
29867
22085
3447
11838
14449
30454
7402
8479
13002
21580
13876
26366
19967
15269
22493
27812
17668
35615
20679
25623
30330
15434
9418
23270
1442
14750
34302
14382
6105
14362
2026
10692
30611
24594
7226
37220
13170
36103
4815
6615
12559
6747
12569
25241
17122
988
24197
9836
23132
17738
34970
17890
10895
24532
3918
33350
31580
1701
30188
27830
33068
11622
24318
14973
31626
27371
33884
177
6709
31770
6274
10072
37351
36590
26608
15340
26336
7118
12126
5251
12661
9298
11385
20069
1380
27613
15024
12058
27818
15569
1277
19799
10689
4205
10853
7232
9008
139
14633
37081
34217
15558
9092
9199
13933
35292
23773
2381
11999
26013
34762
6315
16643
34966
7838
15556
2827
26837
19687
17618
17493
13120
16678
24043
23374
32938
11203
14739
26085
21882
1173
12387
30153
7065
30833
15073
9760
28684
33481
7565
5350
13741
19743
19581
34477
20895
6120
21484
7044
26418
32295
26327
34503
19564
33422
16753
1088
8417
31312
8427
8334
24059
4026
16288
34060
26119
2612
4496
10557
30804
27999
24449
21449
22425
6016
12189
13169
22545
17672
7080
35546
14223
10421
1648
3506
16387
24217
1513
32588
27244
11365
22983
15151
37018
10412
20515
5617
23212
6290
455
37694
18437
8250
3699
26486
11956
7157
31556
17694
1005
30907
9885
21638
30372
35550
8005
8713
1219
16832
31171
10570
21477
2240
16485
14489
22300
14542
31827
7973
27560
10380
35591
33606
18400
27847
23121
23624
16818
8478
10619
10628
15648
34867
3608
13609
3248
33530
1405
13991
5867
34642
6077
27786
380
1378
9087
37393
6990
16547
30920
21799
1665
31683
31113
26739
18392
30554
24157
19928
6101
36069
23033
26822
5834
5137
7078
35583
8608
34410
3915
34028
22546
10212
9772
28785
21784
632
12090
4810
21322
16622
11776
18566
15650
17871
15330
34268
37644
37557
25991
23933
28185
4598
14333
9344
3091
9572
1640
19825
19970
11243
15399
24355
4592
30682
14834
4792
20962
2793
4803
6764
8240
27628
20315
18316
21304
22213
134
2857
27724
22653
28746
21175
24943
22313
3773
17527
22512
28953
35467
3744
6830
36531
27373
32844
35807
30946
18821
9467
23569
29835
21915
18037
11556
35229
15285
7067
34790
4425
23188
2352
28281
7720
25598
10080
4655
34057
10471
32663
17639
14782
34544
17081
24905
9525
13315
31809
32454
28337
24984
36737
36347
18676
20247
29185
16089
31182
12834
4289
11514
11815
29146
11331
1433
29158
9375
20008
16186
15189
34804
12524
28615
13152
33315
32118
23709
3352
37232
26436
12036
23912
25930
36540
20990
5310
8184
1709
29307
12024
8490
14976
7286
13961
5049
26663
24291
19113
6174
24507
13309
3398
14716
16086
12717
5117
18042
7572
30387
22899
13481
6887
6635
10940
6701
2257
1869
13238
29457
28333
33374
36731
18998
26259
9210
21508
1625
33637
7204
24078
18264
33189
13823
16859
12578
29817
7794
2249
18059
8556
36822
1125
14629
11864
3406
9032
13495
24016
27114
5783
4891
35726
25454
28575
18208
34133
28514
4013
3730
4458
23992
10099
11778
33201
13957
17179
5136
3122
7515
13833
31187
18764
8621
31240
37536
22567
30530
27214
16436
19369
3661
15478
3825
37441
5908
22471
31644
19231
20949
28839
21189
11707
4504
13977
16029
29371
21011
34313
18569
23066
10955
12555
35276
32525
9165
26835
19091
26313
32917
33691
33898
9026
21740
31876
11155
6063
13784
21822
9894
26338
35945
11936
2628
321
31440
3629
26871
27635
28983
3574
28546
11757
26748
14815
17146
6334
10633
26178
30647
31491
4467
36042
7482
17316
6186
6372
18788
28257
27340
9998
21885
20984
19691
15358
15045
26138
29671
35416
17169
27608
27357
17798
1174
34888
30275
15934
20931
8199
36688
13815
265
3271
343
20306
6746
14116
27178
31180
7543
35045
28304
11119
17855
12399
22117
5040
13810
14052
22228
33549
5659
36909
22316
13668
13273
32629
11820
13057
3238
35050
9422
22284
36818
6851
9208
33802
8935
18647
23492
4911
28225
31493
25621
18431
9940
12703
28892
10506
37435
24558
10323
4248
27310
12690
25062
27603
27152
15429
24587
37414
10951
14915
37208
29596
5264
19115
12807
8758
14674
4389
8614
31953
34784
25264
12878
31396
1529
11105
10093
28107
436
10078
264
31434
28694
32448
31060
7814
18689
20185
662
746
7520
15146
30152
25608
32383
567
9680
26804
2684
27846
26235
17615
4613
13414
17435
26220
9779
19860
17061
18111
3963
36606
23032
26152
15247
22331
23189
16021
20
29676
15834
5893
29701
20296
21127
10251
14444
32337
5748
19902
6055
147
25128
10728
34478
32657
21068
23706
20652
32182
9075
20233
19642
16099
11780
2532
27902
4142
23008
21813
29633
14897
13387
20767
6637
37019
6619
128
15665
32211
23346
36241
27734
6839
20544
30234
28699
6960
19728
37688
3987
20772
3782
10815
1164
29173
3016
17233
36468
13179
35289
21505
15377
32244
12408
15681
20456
35731
35422
7316
32059
11259
24547
1969
21306
3684
9209
11373
3066
35130
11610
23443
34899
37634
2313
11944
4377
33848
23114
33905
33308
7442
2958
27538
5535
36402
9742
4294
10568
35076
29977
35651
13234
10600
10354
7083
20573
6
33962
27514
92
30250
35031
14884
16518
36870
8882
36739
1113
15843
1187
31306
10999
16949
776
26747
8821
25385
7631
9919
21016
1322
8060
8764
31504
35959
21381
1624
12620
30919
18203
11605
12650
19171
14964
35122
35403
15938
4714
1355
17376
3728
26179
28083
36843
19275
34113
37494
5745
20637
37191
18656
15345
27517
19863
11377
34613
34328
25842
19804
2986
2291
2625
32251
440
7598
19283
18313
24992
25403
21155
9806
6916
720
29175
7034
8438
23632
28745
19050
15207
22351
23425
18027
14571
27298
31815
10500
22360
4853
8227
11479
23904
4967
25742
21751
1260
14746
18626
15759
32937
13131
10771
32849
33812
5840
33597
29094
14996
35951
20413
6519
33986
9698
11302
4035
36522
11711
19926
8583
19182
10291
735
34741
25588
22082
35739
18333
36106
1517
27376
21633
6154
15564
27211
203
9114
13869
249
20554
37585
19372
3951
31333
15095
20722
24827
9567
12631
5491
16420
8344
8200
28346
7186
12759
4605
22071
6938
22944
8582
322
31536
33626
30411
19452
25542
24540
3367
15943
23581
27443
18553
1365
26933
12688
11345
33396
3422
6799
17125
15059
11700
15545
5984
37040
13661
21828
35356
20248
36423
21610
11084
15209
25614
33313
14538
26992
17
23910
22674
9217
5543
12914
25222
8970
951
7981
29653
31873
12245
35575
2361
25392
11026
5256
20608
34908
15687
27434
35239
20730
3375
7996
32736
33895
30287
21309
21518
22509
11986
10580
25917
4111
37296
14948
12588
34978
18835
8712
29563
26245
28967
4851
7656
19121
11912
25221
10207
12737
11361
2283
5622
34729
20531
36598
3733
21960
5248
24692
33142
20914
604
5898
11359
7077
14810
5072
23615
12763
1882
22976
15984
35811
24793
21770
25153
3955
24433
12513
32214
10531
1768
15656
8640
8385
10328
25593
19360
35090
13910
3680
16471
11543
30830
29072
11271
21931
17106
11963
19708
8352
14357
25587
13268
13114
26277
29871
418
19151
32528
12906
5468
5113
15085
2560
12709
4058
19635
28512
33616
25663
24748
18130
33809
11102
4705
1375
10384
8017
7135
22670
32518
25291
8294
18461
3277
8364
12975
12158
14270
10191
29450
34347
20649
3943
6814
33750
16108
18690
36776
8666
12602
25096
32019
16877
7206
11123
36836
17502
10509
15474
19490
25706
16767
33738
28056
5420
27939
2260
1629
5344
14296
37039
27183
25102
14280
24903
19390
19599
9833
10118
7178
31861
1979
7020
33673
23435
15132
4996
3048
33778
14211
31252
23448
27743
30229
15733
20775
462
24410
20132
17151
15794
31026
30788
28949
12965
31905
20058
18193
10819
21503
8509
20270
33020
9179
30004
24265
14124
12085
19716
37198
3022
37248
7791
10234
26931
26330
4222
19004
23500
10356
34104
21971
32317
11601
12621
16690
8926
20669
37135
31372
1340
25797
36906
34794
6234
37163
15662
10670
9700
15780
15392
27556
2870
5758
7539
13445
2459
36785
20206
35491
11186
116
36526
34901
24153
7790
2118
1597
4234
26062
2545
36346
25684
8528
15915
8358
2782
33067
5879
11528
32279
9682
22952
36654
8164
36527
285
33628
22354
7117
25381
25891
15280
24495
17315
6468
24673
17503
26306
12293
12107
34032
35832
8742
4827
4558
9147
14721
32918
31589
4917
12295
36555
531
8487
3084
17114
11744
26151
15539
19817
2128
7577
12514
12902
17085
11952
8971
2248
30281
14298
33354
14570
23158
8224
3467
21336
14691
7295
6246
15521
4276
21469
26023
27116
25581
14111
23112
11386
21661
30409
28468
34645
877
35751
6589
31802
16896
19462
32250
15448
22323
21603
21239
35752
10142
10428
18326
8519
8715
31907
22367
34458
17891
18847
26935
25752
18823
30138
33820
5207
9605
3975
11812
13721
6867
22516
21419
13402
33441
16627
36060
3270
36090
24981
18871
26337
7404
1686
28279
4107
36110
33233
6597
9413
27304
3019
6425
7612
36426
31169
37057
4886
34501
6819
10632
35819
13680
32981
27941
24154
26813
23062
26008
9961
30603
34106
14077
18048
4303
24555
19892
22001
15037
156
16631
36945
15678
14313
32637
32475
8727
34740
18879
17375
2517
10373
28339
3923
30478
32770
17717
28310
7181
6973
32698
19583
22145
12385
27987
30096
25812
29150
18166
32635
18487
20530
33055
492
26348
5669
27367
35329
1283
37174
10894
19715
10388
30327
5829
28876
34177
36754
37358
27641
9405
20139
24011
7247
23072
32778
8412
19791
14356
5236
21673
993
33535
2259
821
21123
15679
10950
29087
10401
17602
21922
31730
6561
32309
28472
22662
8539
32510
35484
4768
13548
21347
28269
21343
17066
36129
23389
36072
10910
30961
26783
4398
6927
3561
20755
16310
2329
8096
28698
1136
23825
26238
29625
31080
5362
32110
233
8013
33858
16928
19420
33830
11566
23450
14747
31253
34735
33032
5057
24506
26932
1244
844
21396
35160
1333
5068
9341
15400
6783
18251
30175
9082
10177
8832
19329
9436
15081
29645
1165
1
32873
292
26965
20680
3264
18623
10301
18036
23803
34352
8873
3024
31356
32995
18254
28390
29226
912
34837
36743
3995
7424
15046
17598
5526
32864
25423
37100
18575
8169
19123
33166
21652
36309
22256
28882
16671
37705
24864
27049
12628
19133
6167
21247
23043
16601
36221
17143
11427
15586
10490
30540
35578
11988
36467
5532
34496
24643
16770
1086
26019
33217
15422
21611
14130
8269
7501
3417
18810
24682
19075
30339
28736
29091
15737
6356
36794
26135
9455
18299
5406
7456
11116
32434
704
16286
15576
6134
32848
12888
15256
23208
26402
7267
36492
13557
36417
23094
25725
17729
22648
33782
22377
9773
15755
8561
1888
24210
31223
15196
13292
16453
29136
5757
10248
23383
27495
17079
2106
20360
36744
13312
5690
10060
22318
2123
6569
10876
2072
22163
25569
25050
34524
9864
3829
3577
18010
26294
36813
16755
14218
37101
11973
8133
34314
30254
16863
3188
28637
35054
37151
29419
6636
32277
22904
25724
5523
9109
31612
35845
9690
8894
19437
9792
32276
11620
19568
17938
11151
12414
1847
34091
16636
21926
10309
3865
6510
13601
34872
3941
3438
7182
19731
26446
18754
12019
28138
30720
14971
32344
3364
28788
27991
32341
21193
22327
31033
13178
7107
942
23385
34776
20717
31464
24765
30542
22847
1157
29535
12201
31745
3667
18375
21555
16019
14119
25655
14014
34972
20970
36007
26042
36054
19472
21519
13685
28020
26855
14276
20238
5910
27190
27396
1398
23744
32840
20311
1144
10146
19656
16347
26671
28797
21832
20352
5579
28186
22356
7883
8204
22700
8964
27886
14329
10051
6139
10179
5782
34085
12363
22543
32521
21296
36608
21190
17755
4086
3114
8983
23088
31984
37488
23931
19086
16395
26562
34294
6854
31370
2953
11534
34112
16758
7367
21623
24256
11343
4979
16337
17562
2097
10934
34814
10271
27777
20673
9921
16430
7992
3425
21210
33300
15602
30800
14949
4617
7804
32946
29967
7645
11741
24403
18984
8741
29038
30616
19872
13217
37125
16673
6752
24038
5650
20223
15743
16572
16135
18666
4195
3983
20107
2911
4338
10821
1536
20851
27817
20974
13708
7015
37692
17779
8418
30586
11263
11254
28130
31500
28027
30263
17305
23957
37168
31864
34830
10161
12989
30643
17093
13421
32577
33286
26101
7813
25122
5506
28824
7724
9681
14409
2443
2596
17354
7770
6975
28727
22283
12178
6219
28692
15351
28702
14622
7079
29944
3110
37408
20341
22269
20905
4258
34467
18348
18159
9640
13565
29079
21057
35424
16777
20145
25016
15069
30861
29928
10978
16189
25328
13754
36330
37286
3824
24008
35075
32578
11835
28455
5626
4197
7908
1782
22629
15700
15646
36649
30796
20133
12851
2420
11542
9262
3560
11161
26291
9347
26807
36436
18376
2178
21540
18856
36155
5311
15517
10166
6937
4180
6229
10794
31461
3839
3914
496
8043
18629
35523
16055
24577
10696
13199
8348
1179
21434
37032
24411
27382
14693
31104
14950
21133
12082
5296
33661
11880
25074
27888
37653
30019
13335
12035
33060
3831
12266
2504
18031
3033
5403
9717
8442
25152
34870
14737
9710
32650
195
29141
23770
35477
26818
14303
3201
8879
15025
35964
20262
30886
30049
31176
3488
9483
24548
4825
28106
33510
13173
5328
27813
20736
13803
16919
27582
5170
13932
26683
15201
29777
24800
24058
18615
1126
31501
7138
19623
21220
30439
36864
3049
30817
19916
29789
33406
25434
5635
12148
36969
20235
6685
23311
15847
5731
28603
14552
37074
22335
29521
13848
1482
10157
6136
18667
27302
37651
22499
14040
17576
28431
37249
34474
31903
24230
192
15788
16422
2051
30884
36574
29238
21271
20589
6955
21121
13499
11895
34522
15496
25544
34040
27204
6546
10119
29216
3429
2895
37355
20167
20286
6562
24010
21409
29681
25516
9269
36488
14392
26416
33099
32488
4105
26535
6414
24145
30976
25619
30323
12125
34010
16267
8659
10581
35876
28193
10721
12540
10743
19166
6639
16565
9185
6535
857
9720
15520
2271
19013
36006
3894
19561
26356
31423
33840
32636
36135
34575
27662
8783
1939
4021
27383
8820
23669
14103
19149
34201
31414
28042
8997
35787
8595
22861
23299
5561
30106
21512
15770
35703
37527
11434
21075
1228
27865
22978
12894
8843
12668
4070
36257
4393
28498
7969
5859
10890
3882
34437
21595
12397
591
36013
36150
23866
30194
14692
16736
31000
24047
19684
27319
9977
32238
27409
4670
36828
14608
26759
14268
11766
32550
32064
29508
4188
14383
3381
3650
32374
10544
29061
18770
36699
1669
592
30770
29750
28412
5808
13650
21496
25376
12215
371
22529
5930
18439
13551
28221
26772
27838
32935
15537
35628
184
33074
4355
11103
9844
20631
37334
31602
27636
23446
36791
17209
23801
5820
13286
19030
16723
22488
28462
36362
18920
36956
35519
35848
1393
8573
27935
6087
20140
7766
3153
1594
15741
15288
34859
4311
25365
26155
8766
4329
17051
1204
3510
30805
36533
30209
10042
5654
27471
4169
14461
24002
14325
6883
10886
33372
26543
11777
8587
33695
35871
10603
10074
19910
36179
10623
21744
25182
20924
25980
13342
6397
34369
27451
7062
14049
334
22659
34150
21766
4207
27597
23847
28439
14378
118
2676
4291
24650
10925
23798
13958
26380
31561
34988
28470
21849
37015
10461
13133
37310
36450
13769
28306
3558
12872
34695
11690
2572
21229
2690
32505
10020
16214
32187
24962
11354
23256
30659
37071
1826
5129
24619
25384
22052
32905
27878
33163
11691
8679
8790
2492
30172
25728
31427
25965
35725
5035
15033
18802
16325
35253
20193
4600
16514
15236
29010
31532
7431
27021
15096
27835
3465
8808
7115
13579
11436
28033
10769
21912
35732
8067
27128
14636
35305
7984
22625
36547
13874
7937
34144
23127
6832
6503
37160
6810
33111
9787
21406
34752
17563
10371
16964
27369
16500
35618
28597
3294
17427
11172
36390
34818
25746
8827
18840
30133
11902
12034
15771
25912
15941
28087
26426
36077
26442
12327
