15352
3910
30870
14775
948
9548
155
33971
19234
21961
24977
19790
27382
20120
4893
11618
19037
15643
35783
25057
12054
36209
15168
2713
24249
11531
36272
13186
10590
7438
8394
5873
4918
8081
30539
14020
35664
18290
12007
29067
20067
24854
22012
29923
26594
13209
24491
6413
37259
4263
19786
5596
33182
20307
17598
19235
26243
5334
18172
22581
8965
11899
21313
24961
23948
18327
638
21510
3689
23522
17229
1751
22530
33665
30369
18789
18075
4657
9186
30951
30012
7508
4119
8043
30286
29104
11008
9814
6383
10057
21402
10559
10001
36281
25685
24019
28173
13865
28615
20698
33893
28954
30960
3074
23514
30117
14246
22072
25171
17635
30829
15571
117
34040
5870
25419
14990
5115
25538
3044
23310
9902
197
29595
32580
8795
17968
20116
3450
10116
3030
9302
18076
8760
23080
311
30138
15081
23775
12649
8867
30764
5500
2588
26771
19567
12415
2196
26139
10552
31685
16314
25834
5085
19531
18699
4078
5468
12655
25257
12819
18391
29175
33223
12526
24478
29443
24740
36731
1649
13239
36546
7788
17786
2732
15695
10430
21960
36599
14050
29261
22013
20474
22803
5192
1080
1717
512
1628
9746
10676
16271
24237
24990
27715
18017
22722
14164
15761
21429
15234
26205
20220
18427
14290
18843
24259
2030
25975
8395
19067
8604
25680
29677
32048
32767
2243
32780
32487
5413
31375
19484
2265
987
36918
10660
24973
9572
13784
27617
16193
34608
25868
19359
5491
11563
35327
19128
4904
12124
17775
27915
35375
6158
17717
6325
15936
5096
8518
17693
21237
23201
32735
23268
32786
27239
8539
14068
3867
6549
20958
12470
30480
17129
11363
7433
1811
11323
16969
7564
25554
25738
14098
8466
17464
24805
22649
17302
16665
13663
7714
37084
14683
781
10428
30483
11614
5243
32887
3297
16846
26657
13469
13917
784
8355
24273
26196
36181
16610
33352
21198
27712
35173
1424
15642
9277
6517
22376
26620
15597
24774
26653
26129
34930
8827
31193
21105
19806
1354
2676
26240
16897
13565
14049
24258
5667
1431
35420
2066
8276
8627
110
808
30917
36679
3320
23278
16207
23753
31766
119
15068
27392
37159
9049
32518
22909
32719
37615
30047
21679
35056
34965
12892
9299
9648
25917
2238
7401
23595
8524
14937
32175
25657
8351
9121
7690
33097
20600
33726
14904
21678
29952
11450
27763
33810
32676
25394
20620
6717
16661
25778
24905
14067
20464
15668
1218
27420
3595
16240
11929
16266
35387
29537
7352
26768
21499
16023
929
33848
24750
2574
36898
11361
28112
26941
6585
2307
23623
31011
29166
37128
35368
11814
2192
34295
32770
17253
30271
26088
28065
1605
15655
11705
31645
14496
11400
16133
10347
12766
5520
31797
14525
8682
35292
12696
37281
7394
2512
13142
7761
14988
499
14504
35107
1871
22616
22081
18568
17735
37515
32537
22305
15933
20269
4671
24283
35979
19101
33683
2195
33228
35273
7249
34777
12573
17813
25838
15513
6964
22143
33632
13750
37066
22875
21
9666
4315
15256
18720
27655
36978
20301
24881
35488
27858
26194
19123
1537
16020
16433
2819
12778
6547
15157
14564
3312
26930
32892
10314
23778
31773
22058
7140
23101
35171
23090
21944
15667
28514
33599
19451
35884
36527
21562
14126
9434
20109
18816
33230
18529
20222
30254
3637
17008
16510
363
5306
20275
27653
29840
18402
24789
31078
11813
36176
36515
22435
6436
32448
9948
24051
11911
19907
21874
18513
7541
16809
30765
21851
10736
33153
7459
35845
19965
11149
17699
10658
33874
10560
15123
28837
35869
27351
8503
35968
19541
7921
31552
2711
24095
19114
5921
21793
21138
22769
12244
685
1786
18810
22456
19937
8046
29008
28705
30941
14940
23319
26254
12180
31304
27349
4777
13507
19127
310
113
5739
22417
1483
7039
5579
9991
7036
18060
4277
8310
27709
2202
28062
15307
31162
14986
11678
21087
27371
16632
2882
1958
21808
20488
32367
12329
36436
1098
36881
19001
19233
34483
33982
29696
5480
18889
21170
33901
13420
7990
22154
24791
2165
10576
10526
10458
27004
20625
34137
27264
32142
5004
23831
742
13597
20598
16642
18373
8214
34288
31259
2086
17372
13149
23962
37679
15335
20721
10113
631
28744
32848
30193
4177
31190
13936
14429
35577
23247
14023
34098
313
26628
29600
36632
29691
7832
324
14210
154
32069
5324
32731
956
2451
15808
15287
36865
26472
8045
16059
18607
32386
8469
14065
37099
1646
27163
8922
30032
8698
17781
2371
27550
19681
9132
12748
35796
16344
33198
3537
12142
2396
4269
32570
6846
7558
32556
13191
23523
25422
36217
26335
173
6259
11570
682
14568
7949
15520
24012
8942
35641
33117
29329
11003
891
11373
7705
8126
21323
27826
6898
35793
33473
18463
4834
31681
25933
18763
20238
5328
710
33568
15482
36574
27918
5952
12081
30131
23680
12022
18339
9829
5183
26565
34983
27698
27029
5264
9129
2326
16504
744
6406
28799
23921
13487
29834
37269
24981
20489
17210
1833
3882
13619
799
2361
37325
23655
11872
13417
2524
16956
28976
29787
4064
22763
20682
20795
536
12624
7656
5317
7065
27194
14655
3073
22538
6338
21722
12603
13020
18944
31390
13586
9583
31350
9028
29614
14766
18198
29275
1236
20409
15781
4417
17976
4945
25882
14281
3781
15104
14062
32773
4431
34623
5020
16237
10864
26440
36052
459
19228
36163
30274
7741
14817
22029
19080
29853
30377
31835
14919
33587
889
7288
18799
37483
8406
21407
17892
1050
5598
21414
15156
5322
27539
14961
9255
25333
33305
31129
37604
13044
17653
6805
13994
31631
19165
36151
21984
20145
20156
35204
26367
18285
17447
36791
33404
17005
35538
34090
6894
31792
8686
6636
16393
19771
32561
30227
25611
35582
5287
20765
14623
36518
25970
8808
12190
8291
36566
2018
29585
26555
13016
9854
3039
6798
6644
27123
29167
31429
23072
6404
23793
25859
14361
11805
19983
18834
9436
36752
30606
35887
13550
13972
19193
30463
1857
1268
22057
15211
18629
6817
17912
34501
10022
10524
6672
21178
28504
29725
8417
15883
21620
12275
5098
882
648
2205
22883
6345
9022
19093
17807
27590
1540
14187
11645
29785
11763
34159
31321
19227
11710
22917
17102
19444
5763
16974
34099
11846
33872
2015
6996
12052
3566
5003
34656
2595
31611
24937
995
27823
15388
23625
13326
31984
28771
12011
24690
7850
23413
12738
35490
24427
13651
31095
25578
28081
26217
25177
10488
18329
22631
1536
17124
34309
6832
33053
18317
16069
30605
10730
11987
33466
13095
23953
25442
35430
16041
306
8118
25461
9972
37279
8520
24115
9732
20300
20190
1562
30282
32894
35329
27850
4757
11893
14492
26686
30237
14238
13178
27357
33377
34695
13347
32143
21253
26230
37666
32452
28515
6296
26125
12925
18929
33507
3568
7214
22920
31520
12631
29747
25532
8336
19679
25305
2707
163
12521
29211
25048
33977
30211
23600
36598
6297
7754
31817
6178
34527
22918
6023
7382
12143
17649
7701
25806
34968
9856
13760
34184
34318
7037
8919
20064
19590
11515
6848
4455
26181
23517
12692
18935
18771
26550
9425
10492
8688
172
15602
6462
27938
29108
1670
31991
3574
8231
2009
14385
16170
21916
3014
34963
35537
15624
18642
12915
22904
15056
4739
13043
506
3896
29969
24685
3019
27186
12523
13739
19045
30039
37183
28848
7186
29583
23849
2667
37362
21820
27777
2173
14484
32722
24028
37667
25598
280
33719
30017
27227
35423
10111
20827
9256
34647
17925
30502
5417
34967
37512
17342
2816
24919
24385
32650
4589
22291
7199
34081
17881
37448
36745
20287
23313
8072
11184
33591
24823
2662
20626
27327
34792
3721
33284
12503
28817
10869
29572
33338
9944
6774
667
28045
24313
4867
34411
33530
35710
31815
29236
8861
20214
34373
21114
13227
21449
28269
15469
12950
33543
7196
35345
36477
28345
4031
13864
24387
3149
8708
23042
13677
22956
4268
19443
5114
700
15644
35961
13872
1548
9169
31288
32331
5083
17830
14557
2111
7127
25470
5266
19337
365
1971
2323
37076
30508
36017
18664
29222
9461
23347
21155
17282
23870
14660
18395
13362
23379
36891
15189
35270
22051
3407
20286
3439
21057
21575
8954
7786
547
19330
5611
23682
19979
31188
23100
34349
1494
26515
34522
32888
24882
14446
23133
32281
27027
9564
28367
19363
21023
17409
12392
923
22422
37597
36057
999
28859
13958
31538
37650
22970
25800
13927
15315
12714
10803
35343
18250
14820
36334
9777
22478
8879
7651
23145
184
15760
9801
37318
25410
18602
14469
18074
5189
14994
17206
2810
22669
35027
18063
32748
8664
35784
27768
33967
27874
9978
35440
29687
32023
15041
12527
26105
28383
27962
19840
6570
36764
5889
30893
15204
30445
33792
20279
32097
3118
5230
11666
1002
4086
835
2929
4280
20069
22686
12197
30226
37624
17713
35232
19843
18303
12170
24374
20577
11067
14193
24936
11127
18455
14418
37519
1909
20587
13896
6129
13666
7982
30955
13248
30384
29925
34731
19904
8545
35638
31226
1258
20283
30513
8568
24263
5273
29305
34360
15514
19758
36179
26386
30966
7481
27221
4792
19488
30316
11868
11957
19393
35149
35031
9623
27428
6114
1697
37360
6997
30912
9813
9761
33237
26235
12671
33077
22363
26152
9332
35486
36265
30280
21680
29739
22734
8048
16181
22462
26001
3189
759
32685
21543
31790
1741
10828
16046
7759
28768
6305
34377
6494
18570
37358
4369
3110
16275
30979
12094
18324
29356
25824
15427
20230
25199
37639
32908
37338
17416
33577
14876
13792
20618
11366
5223
35542
16260
12549
19935
24825
19417
25963
32413
495
35761
1386
15654
12673
8248
34415
34390
21990
34890
21964
30054
5702
25716
29727
17418
12701
30368
27514
10872
8904
10030
29303
27721
5247
23049
30009
33265
11963
35895
11033
5714
30585
37323
1330
6059
23862
32060
17011
5728
15401
26226
11437
25204
29935
12433
14573
3190
20497
1177
35757
10313
30217
10599
36453
21071
14185
2942
1568
36359
13106
28430
1732
34766
28722
18122
1819
31495
27169
20658
2580
14893
11732
29698
4722
24971
21453
16883
21668
36485
24965
37151
6522
26207
35565
10283
31417
24951
31590
13670
28237
28348
1957
17218
15071
9197
9420
36734
5720
26346
21326
30056
24442
15139
27043
9784
10080
1213
11905
31969
37482
35788
36683
26642
3525
37346
29786
3577
24330
14389
19022
4662
25893
22700
11928
34463
3265
15462
22908
24449
5366
9995
8156
18316
8436
5828
18322
10045
3720
5007
34862
11693
14055
34343
11834
9218
24543
30538
29960
32571
1759
31003
26394
16290
6025
23498
5236
12025
26090
17954
18606
8474
3769
27300
20088
6234
6233
8631
30768
25361
8866
4716
30296
17287
32931
35189
15086
4172
21495
26655
9053
32581
11486
26274
4985
32089
27801
9810
26800
27563
26464
37212
22069
26192
18545
16592
31233
18043
9139
5198
23724
27736
15311
18722
31610
8862
26500
34696
8740
36724
29014
12610
31279
34208
11541
36726
18291
14167
25
15886
32559
5583
28138
22978
33624
15293
18896
7178
30360
13967
30560
19463
36091
11639
35372
6623
11881
25221
23648
35944
2227
15410
20378
8177
33102
7539
13516
9474
13874
19789
35635
34942
10546
19139
4585
35720
8363
10802
31730
37628
28544
11612
31667
36507
7234
11977
3151
26678
33486
20839
15968
3919
16229
29433
14170
12522
35775
23889
18295
21091
37516
5695
5494
33829
22124
3157
4324
22107
9252
31665
16418
6722
17855
34372
23982
11088
31695
29970
37642
22172
33526
8889
17159
34338
11551
35547
23328
13499
19852
29586
30700
11586
34031
28365
30679
20719
10331
25313
16587
10529
3131
24603
34292
21744
15113
19586
8554
29538
17030
1360
1294
14356
27695
32458
25017
32455
20496
3684
28980
21771
32655
25676
20002
4022
37704
14838
4841
28871
25055
1685
13485
29462
9522
35510
4720
7123
19892
15028
33998
2648
35532
28447
22445
12659
564
15070
19360
15844
9025
21738
31047
37291
774
22966
14221
37274
19296
31221
22856
23548
20897
25910
21696
2530
31075
27353
2674
33861
32734
11448
4003
3237
7313
25272
4822
2522
1996
12431
17289
18011
11985
35356
3656
34273
28304
9865
21122
26894
308
17483
28972
13242
6008
30678
23151
12623
5732
16304
34047
3101
31370
10805
12543
19711
8854
26957
21483
26016
16732
31378
16866
31614
14064
22231
21765
29759
30922
3702
479
17161
24164
16879
19265
33725
36742
35050
390
27044
20775
17933
18841
28489
13306
17745
7925
22890
18835
3671
15631
24452
35568
18550
35663
10839
16328
11672
19851
6367
17200
18712
21670
34468
19291
23662
10886
28693
22502
13226
