15570
13164
13265
1239
26011
12869
5050
15428
20439
8825
20686
20843
30119
11160
25527
27259
21618
8905
16285
9153
1939
1478
30714
5852
17971
6650
1308
29765
4530
6893
37370
6276
9147
24700
33313
34272
16360
31446
898
36536
32224
32957
31062
19915
35949
10311
31183
21050
16262
33793
34320
22273
19785
22358
28030
25162
29477
1735
28873
10290
30357
20119
33799
22046
33346
28617
36078
6452
10883
12480
26516
8629
24926
4063
12818
21413
7917
25152
23524
16129
19641
35844
4219
19817
9873
27839
24180
35284
9350
17758
30954
35519
26463
27741
35967
14565
20459
2329
4002
21756
1497
20416
37652
11925
14999
11049
27035
4855
14422
795
22675
9575
33084
4608
37582
34019
35010
20878
20960
7819
17585
4798
7119
25913
4203
32990
29237
8479
10641
16182
3375
25465
3584
7735
17202
22930
21868
9929
32123
16899
19767
18243
29760
31824
14382
12223
27153
9150
9362
14536
15939
12554
12596
36968
10550
24979
31230
7510
35269
33078
25337
10240
34385
18881
7364
18184
6904
3437
10068
9670
11543
7493
376
17022
1159
20334
30057
34334
14284
35855
28358
3031
1855
21941
16481
2063
33768
30345
14516
2019
219
4118
26063
15586
24125
14171
16072
23106
7042
9207
29048
16024
3787
15153
7298
35794
2356
33758
9825
22138
14388
34874
16093
18020
34143
36563
20264
31992
4493
14779
23538
34984
10781
13193
37024
21763
17390
24968
944
24705
29978
7157
6324
28207
9818
30706
11648
10156
3999
3906
9707
18726
20666
35839
840
21226
4636
34651
7756
6294
35460
16381
14599
2269
17761
23418
32958
10436
36640
11303
10429
7981
26850
7992
22183
30589
2552
21896
2875
34633
33563
676
10629
2333
32081
37530
23284
31554
32369
12939
10582
11468
19305
11020
29757
18096
36191
12994
28249
33013
32312
2679
9748
5567
7391
20150
9133
7476
29716
36325
36696
133
21796
17683
6948
35309
8352
24175
29209
31491
35226
5029
22932
19423
15094
14765
14647
4169
24556
16151
11578
34719
28900
29020
37056
17620
6372
30401
37209
27958
13952
16865
27071
23583
6801
36804
26884
19798
17292
11773
6382
9296
22573
33252
6977
6386
20060
18139
29741
1629
19914
11114
12539
26537
1007
13355
36418
275
15395
10547
12472
33633
3266
35760
5869
4949
26971
22594
29731
6350
11222
16277
161
12785
35216
35199
9597
36510
2142
26584
12203
23016
22514
25982
22062
16320
12281
7795
18693
15033
37060
22912
34699
33775
22726
17176
1767
27930
11294
22342
9233
14807
18933
35624
24590
6075
23844
4285
10179
15680
26420
11894
2022
29369
31346
13730
29767
21276
2346
18692
8202
7834
27609
16793
35037
26520
28655
26121
18466
8774
4360
22127
18164
3768
2117
12509
5365
16125
2893
14586
27452
5032
28532
5047
22596
29458
18405
26838
23675
30858
37670
33709
3507
13568
26746
31961
8533
12136
8290
19917
8364
22840
20483
15103
6642
24448
31040
17072
16917
37559
31683
18222
35675
18520
2360
23913
33001
9098
13158
8165
19778
33231
29176
3377
35089
35110
36467
36903
14809
29809
7296
31167
9662
34928
30315
34044
10612
7295
14183
7929
31048
4186
34929
16411
26049
25844
35933
17692
19949
34364
14090
11312
14569
13287
34635
33738
2579
32238
2709
18897
28353
23414
34234
28323
30327
27508
32468
22922
14977
2708
593
29343
19378
3176
23751
3632
27885
19112
29924
10198
31267
28512
37140
28096
34877
31687
33472
13404
14387
11512
13611
30683
28714
34506
23896
3879
30228
37383
12178
25236
19768
25243
36338
25317
27676
17709
36428
30276
6256
8787
36608
6170
11599
37491
27007
6375
33062
22945
33074
24764
8932
14613
8594
14518
14687
18984
30862
33612
35873
2538
27282
24804
37578
32781
1202
7223
20296
17910
7467
26568
25444
8201
7317
5052
15753
471
10686
27678
3941
18032
24055
10263
29635
36095
35984
23344
32670
30385
14490
6245
8930
13308
31594
20656
8661
20149
13692
28530
28484
5466
5295
22601
29289
25937
7355
6602
21884
4372
16575
8385
34093
28091
30716
36605
24587
31725
32980
17031
14702
30208
25373
32629
3669
826
24021
8997
20662
2032
7177
15507
8878
25010
4651
34299
30709
3299
24522
147
21531
35067
25697
37028
12146
3618
31771
30154
36647
20003
15351
7863
32090
2655
3103
8744
32897
770
25708
28703
5635
13190
20744
22206
30615
16669
19438
6664
35476
25335
7828
9348
12207
4872
7536
8019
21625
28659
3943
27534
23152
16692
33038
33751
19971
17164
23964
33581
11031
15608
22064
10418
1851
17189
12873
1747
32849
7354
4231
5013
3512
37184
32599
29134
10242
9166
5759
4411
22901
30153
18572
1792
25379
8458
7747
10953
18773
21232
23376
37116
11421
19637
18488
28194
23236
13899
29224
5729
9651
6335
26792
14642
24484
27640
3336
16772
30565
34538
1695
13521
17172
3564
215
17712
34325
9823
33663
4952
8036
12871
3685
3790
8398
19555
29093
37271
22599
2704
10774
21076
31850
22472
10611
2502
31019
13101
28783
35150
16399
7345
25929
8143
24225
10698
30071
14101
22843
15562
418
35102
2251
36166
7395
5820
20634
10320
17932
16206
31946
7011
9069
36252
36565
24140
21278
12826
26742
18387
31678
1563
36848
25435
16783
10291
10463
2452
33661
36611
35991
27934
126
15788
29335
37107
9193
17122
2069
27668
32149
4912
23894
2007
29116
1275
21773
35618
35927
5473
22810
33299
19435
10690
26504
9262
26681
30002
16776
33381
35222
12135
15230
6620
22551
649
21480
37390
10267
16613
30739
5503
23453
14114
21063
33495
1785
4294
5453
31179
10762
11270
16518
6816
30771
28816
36620
23592
6778
4217
33896
17877
5653
8125
31253
9961
31424
31247
25218
29883
11265
17722
25012
24498
6127
33100
31088
22467
19746
22238
18260
14987
30200
35792
8221
27322
8756
30358
1262
35473
28360
33131
16400
27266
23800
684
15417
636
24367
8733
6699
26399
6455
33139
21467
8442
7086
10944
24389
6168
9819
1023
22886
27985
12463
5410
18845
27623
32324
1105
35875
16434
32622
6892
12315
11960
7890
7723
12395
19518
35677
32782
16060
26922
26481
37444
37503
14855
37187
776
12740
13778
8608
18734
12912
14533
16566
9123
34995
20467
14799
16843
3799
28401
1552
31315
32844
2865
15729
5040
25822
6552
19069
34412
5275
8982
31876
24396
28056
9862
18422
23574
4072
31981
7624
32717
27141
2104
29626
29119
28797
17446
4843
20056
12264
16508
33229
5122
35477
8557
16143
6604
24011
24466
14412
24200
25409
31564
4288
14494
31802
26044
9335
14898
8813
15690
25466
31262
7279
25718
16329
22160
24458
23375
23941
32904
14483
26604
11198
28010
22786
34007
9478
9481
4267
22188
19944
12834
16839
37304
2445
24246
551
34957
12319
7606
764
4574
21383
8462
9224
31555
7867
10295
2821
4626
1435
34643
24930
25736
18778
16567
18849
28689
25457
19668
1709
28005
9081
28078
25308
8810
16489
4251
22408
30845
19160
4017
24044
14910
25891
11472
5690
25862
20466
23094
8580
30256
9465
4997
17798
8404
12482
33505
36122
26726
6822
2132
15609
30179
4680
21772
36837
31231
7038
19825
27048
20602
20934
16740
11722
16933
13803
1801
32971
31833
17066
3277
35877
3969
26310
37493
14500
22868
5817
35791
30398
14467
1401
5944
15686
19111
1117
4157
3635
23014
34293
2435
8789
32474
34038
15671
7947
27857
11921
13202
26749
23945
18847
11039
23431
23566
31068
22571
7360
11623
28767
32068
35081
14575
19131
5887
19998
28708
16034
2773
1592
28115
6701
21539
31813
7626
33815
28716
30938
35780
30019
24049
17756
17474
33576
524
2308
9562
18502
13028
5084
22477
31546
37514
16066
23117
34016
11267
36586
10026
10672
35633
11006
10731
6492
10932
15012
36540
2357
5670
30816
29826
25531
10737
12002
3662
148
2774
29425
8987
37148
20455
25256
28350
13637
23249
2841
26978
30147
22388
37198
18595
35187
15984
1704
3639
24241
1918
30567
3459
5800
17458
17163
24045
18725
4457
2859
27776
14734
16205
947
13419
25408
28322
29215
20713
2901
35195
21189
25212
15678
28932
5888
30537
656
15344
34886
15371
14607
13731
8952
32761
36994
12941
19704
28682
32307
17147
33363
29495
300
20282
6327
6414
19038
23804
18248
20562
32768
14137
35305
35185
6108
22980
30916
32494
5505
23252
26720
426
5814
21241
25318
18434
20176
3456
21436
22142
34030
18893
34867
20622
34476
15273
11029
3616
6000
17814
15958
11657
31693
35899
29570
34100
12879
23289
10237
6615
35823
18858
11241
2312
432
21850
13985
22866
9740
9925
15367
5467
16521
33674
888
32872
17006
22923
24962
2421
28832
11557
13777
2558
11708
11859
1974
32585
6143
27143
36832
21686
1337
23251
13169
10597
6301
15207
13719
20510
9438
26614
640
21184
17118
32973
31703
33666
20792
16618
21073
24355
36333
23089
13977
28695
28893
17993
35521
4866
10368
248
18000
15239
2789
5179
23244
24606
3051
27248
29415
12528
10632
8189
32623
12292
33347
6194
33536
19896
27726
9214
1820
51
25743
3192
3854
30849
18691
34497
10912
25164
9963
34383
11420
11255
7135
31772
3033
36493
13845
2
26476
18379
24710
217
13173
18839
7601
1982
123
35937
6103
6611
23687
29812
26372
7946
12423
32217
9395
30861
32503
33005
36774
33376
16157
29842
5508
20338
28748
6187
37598
29504
9702
36136
33127
18086
33487
10442
19515
13853
24419
36415
12478
33783
15451
9469
32563
24001
32012
9747
15163
35192
22383
24063
1472
33981
22677
21349
2652
34529
30641
15178
18804
37567
5793
17230
32810
6371
27824
27876
26308
20218
20801
34354
6270
29832
2309
16106
14886
11357
15296
18901
1037
16898
28102
304
8198
36610
34840
4828
32893
1309
36465
28957
11862
9552
30080
33729
2705
17212
12224
7425
17278
4558
3821
25181
14240
855
26904
23337
22471
5844
32426
36553
15182
11213
2106
34238
19259
20885
26801
16774
35501
6876
25662
7393
26123
3604
19562
25614
11193
1293
30030
13372
25615
11658
29726
16280
15229
18731
7595
7822
3966
9440
3597
32249
13598
9388
34127
27487
15813
8447
32663
14324
1657
675
27162
28449
19221
19833
30529
14903
20780
29401
4613
2060
14767
10211
2129
35900
15723
1283
8128
13826
35929
35249
6055
5423
11343
18685
20379
14244
21016
24465
11427
1840
35239
571
22737
14008
12690
20133
29252
28704
14834
4470
13488
22315
8270
31763
34610
27505
17380
10289
7050
32423
12095
14590
5956
23208
8477
16164
10979
1141
17800
33983
4536
14391
12422
16541
36708
7188
19569
24414
27862
18702
19173
36919
1872
10398
14954
14920
24717
1163
17445
37546
25791
26200
11386
9071
33705
32110
689
33748
10270
5409
11822
9604
6340
6272
37245
28166
1888
27003
29375
5917
20886
1927
24148
7775
22646
5370
24261
15893
20557
27156
10415
15836
36294
9586
26094
7849
28061
24441
36462
27356
35727
35562
11588
22212
20579
12068
15532
37449
10329
31327
32417
25558
14010
16154
13373
1544
28614
31680
20112
3167
8240
18900
31559
3491
35726
8254
34441
13323
31947
18658
29455
29944
22003
35011
28042
11665
12137
24782
5803
22885
36880
3315
7168
34892
34779
2607
27207
21651
26523
1342
10127
10701
11949
3231
5251
28683
29802
7277
29601
12681
33234
16123
3206
26225
10315
19404
12648
33298
12609
1935
30328
24950
25699
32952
25083
37293
18880
1305
23161
32867
10527
36946
11959
29256
3641
30306
28666
8486
22895
18219
10444
12525
7389
27295
24047
35161
3851
10528
2224
22170
4668
24288
29361
14366
35800
12213
31855
18287
30461
29864
4142
26521
7680
34536
25183
2431
4560
37446
30325
4467
6908
35338
6336
29828
5924
6951
7470
2048
17536
6655
33840
18492
27688
4764
193
28297
35665
36307
4857
13951
7702
11867
4462
678
25856
15240
8875
18423
26066
14646
37541
19375
9367
8401
15175
12429
14079
14156
584
15820
13223
31312
8941
32406
28773
8667
17840
20480
25355
27662
6772
22491
24558
18543
18419
21755
31670
10233
22965
2718
31515
6357
17365
19801
35817
21125
18218
12866
14822
2792
20031
35990
8031
5196
9157
32206
2425
8396
8426
2419
29873
25312
20079
25536
13216
15042
17663
25999
15174
881
862
14722
16962
33590
23565
14895
2726
36863
28103
12723
16625
7888
10278
21174
912
29407
25222
18633
9785
13591
9019
11017
5644
35407
28616
4130
28154
19647
26020
30828
15076
26989
21177
24761
9982
21382
34352
4237
15142
30471
20585
6842
36755
23335
2787
9447
11866
21277
30044
25647
37659
15728
10394
4349
27785
3092
30064
18634
18450
14497
31573
10483
22289
30668
29011
2107
28720
1972
10457
35167
14332
20638
26277
2021
19346
35712
78
19255
29639
28412
1122
15675
11484
27307
20337
16691
22439
26419
31270
20867
10104
24899
13471
9817
34327
37626
33180
35993
10351
18600
24278
3628
7953
6024
17193
10784
18782
17660
37545
17088
29279
9471
7664
21236
33985
14262
29444
2093
26602
37108
19925
20701
25884
23626
4378
8288
7796
5403
6768
30098
17972
16332
16030
19091
31524
23780
28099
24401
2739
28713
25689
15541
32597
31124
9468
22321
24145
31335
11877
6236
18643
9232
4992
16322
27973
18715
15342
36108
8877
10719
14440
11163
4489
29624
18890
32032
24541
7868
29162
28733
13903
16895
6854
32702
19388
21836
1843
27991
28070
2344
15389
5238
5900
19162
31416
32863
4512
4363
26043
31441
6844
8225
27189
5584
10055
34751
35848
27386
35114
5091
435
30686
22341
37649
18340
23463
27171
6736
1043
28357
9598
17986
31522
21602
5227
9293
32879
24231
24027
2764
24464
26560
17328
31034
9904
33167
15265
10704
7769
30984
20239
229
7257
25182
14858
221
18972
26087
2806
12581
22317
34514
21518
12743
19224
30125
13215
18388
4759
22814
20731
29082
30607
14532
24970
31222
6019
21396
35317
34587
3544
5540
1966
28796
24467
830
3619
30899
3214
17707
18296
5932
32419
13567
22399
12288
25542
18916
7860
14997
36564
7326
4540
17165
11218
5782
1590
35230
26284
12251
19201
15009
29183
18400
4691
14905
30843
18695
17868
14921
6227
21825
27187
26705
27146
20252
13950
4590
37137
18943
11223
5298
15931
10478
20936
4861
671
24327
22295
17117
19408
10103
32327
29240
8277
22746
37591
15333
24203
12403
25759
14690
34541
37681
30099
24708
3996
4963
20526
30687
19800
16896
26616
20090
2242
6896
15651
25581
33879
11426
15805
19691
31181
7302
32037
28250
33111
23468
5785
36188
29539
34451
26854
34717
23541
36275
30958
7864
28179
8244
620
24208
11810
15073
15583
36777
10185
13156
27754
23996
36915
8416
13206
13058
33380
8745
17607
28031
4948
17615
11465
2639
34778
16759
20054
16716
33687
16225
19829
26388
28296
11668
6689
1099
4581
23965
1215
1126
1633
36717
7446
34710
32764
33771
26590
26543
30151
6600
3193
24254
5169
7250
7621
8897
10968
36921
10970
9992
26541
22935
36775
1086
2294
19303
28107
20189
35756
13411
21042
22145
18989
37349
36882
34776
15301
3414
30779
27158
20961
28032
37357
21264
18212
34347
8646
36636
13532
9097
23512
13753
7309
7155
35705
34339
37386
7379
27665
24796
27682
17398
12029
24280
13030
25788
7030
37154
16907
4422
23851
28902
10724
5061
18458
26709
8863
11110
6292
14087
34094
25306
15117
1172
20764
22655
33830
27739
4533
5565
31692
10266
2408
15466
11124
33032
8620
3252
33806
28979
34400
26045
31609
33655
3883
30726
11932
34669
17181
2220
24542
26128
25054
23221
13117
16696
5541
11748
2866
36802
14498
17495
6906
16102
946
35008
29331
29015
2958
4000
831
19901
31894
20748
6471
4972
30736
3586
27204
11383
26468
26969
31362
14973
24167
6883
36372
3856
23617
18245
20396
18119
29371
11461
7549
11215
4340
22242
29250
2778
13772
23391
12843
18061
12698
16479
13459
23832
8719
16145
34286
14132
14309
4705
36669
24689
19151
3658
34443
20876
13898
29295
3062
27466
2914
1796
525
16913
7716
14527
21083
22302
8233
15645
26229
24358
23253
28895
1539
24616
9037
7548
37094
22680
25079
1672
35827
36223
33235
13297
19219
13008
35809
4348
35606
8150
10391
10138
20122
23998
10350
24673
17542
24954
26347
36529
33701
13013
29481
7583
7102
26501
10012
21279
15432
30481
35036
32463
9366
6065
34462
4665
4630
9158
36835
25571
22871
34086
20657
36474
4699
4559
6497
16994
7324
29340
24624
11040
6266
22782
28069
32711
23782
23954
9211
2494
34904
13224
17115
20406
5182
10831
1388
2629
37092
11802
11233
6121
25755
16786
22168
1678
37083
15720
16943
31338
17997
34063
5217
22433
7100
2219
23182
8626
27299
335
13690
33987
36561
22819
34863
18341
3792
14567
31280
3593
9866
20643
30308
20935
20740
30676
23390
12228
26954
36779
23160
31588
14942
27417
32949
4248
4059
23692
13423
6080
17988
16054
34768
14811
22174
26597
5787
22262
23141
2683
15439
6942
32115
9526
3460
18168
29410
25389
8141
20148
5432
5600
35285
9393
16317
25667
6400
34728
1217
18098
18008
6950
13418
29057
13816
31731
34767
8293
28753
6282
28999
3737
24850
31970
11134
16547
30594
10915
706
12152
32750
14881
18498
9544
35223
21927
32311
23983
20946
16490
21196
2397
33928
33849
1062
19591
16666
19250
27799
4848
13712
17937
31461
23242
17734
5469
30751
32374
15099
4567
1379
8587
33744
4345
28308
185
5529
7410
20231
28235
35594
11469
32700
16063
23925
29099
20030
34069
33255
25237
17067
13617
5245
37630
36690
13933
19794
6952
30112
3960
11014
10738
29330
9258
36056
28805
16581
13443
21462
15724
30279
3915
27879
30981
11389
11431
32632
24158
7353
13484
21121
6175
24564
14146
19317
1758
11345
16426
27553
29800
5986
12805
29409
14556
28843
22884
10172
35362
33311
29286
36859
13749
11498
696
17137
24124
2833
2665
7314
3418
5118
12847
15715
4027
7589
34268
8893
18677
7937
5093
25921
7858
32882
25475
27231
4681
26879
12726
11636
14790
9891
32869
8480
16432
24510
28818
31508
31311
34824
18482
6501
4819
30355
1057
27551
29959
22202
19989
16398
18335
16267
11982
18446
9384
29282
25346
3718
34865
4021
17697
13589
20506
5489
14399
26866
4258
29804
28046
5424
20987
2402
26136
30351
3624
6543
27950
11242
14488
25732
29395
19952
13993
14097
24013
31603
1130
5528
16941
27406
344
15557
21784
16549
23262
15166
11698
26309
35467
2074
20844
6691
5027
8216
27149
33210
25706
7160
30340
23838
5588
16283
11104
31506
11246
21835
36839
33894
24878
1373
25251
10587
26177
23361
8382
22699
22825
4425
28603
35484
31657
3440
3859
26563
10376
31581
5024
35529
20248
936
5905
30890
15910
37013
10049
17049
16256
30670
16185
9529
16542
11235
9712
27515
36401
21683
3012
34056
10712
8467
5442
17305
21339
246
33724
9629
31565
37518
36555
25739
20294
2389
28359
16557
31330
9200
20929
14301
29194
13711
18080
26178
13051
30647
27115
28674
12334
3885
13536
28488
5441
19597
37248
29300
36878
30160
2772
21440
36688
30134
10865
9610
24943
18217
5474
13392
15270
25099
34241
11981
32322
6141
21033
5336
1276
8606
2834
22053
36872
16837
33232
8953
34775
14512
31634
30792
34703
19026
16346
1242
37453
34214
10985
23318
9444
26786
30157
32076
31561
34606
2567
21979
17213
29293
34429
19666
31071
9066
26764
3162
11529
22987
14902
8324
11652
19815
15777
27913
28458
24859
29914
4646
29012
7396
9638
7323
10941
36239
11291
37045
19871
33243
9044
14371
31479
10230
1133
7935
35766
9752
4622
19085
27774
29534
32937
9457
24812
11935
36525
2176
17562
30874
29414
18368
4272
5371
36386
5718
8799
21055
29160
33280
36738
25767
26576
10603
25674
23496
34734
9338
10662
3698
3514
33121
27064
21911
30533
5918
4202
23329
8
28933
30879
1976
34537
36364
20219
20151
24578
27844
32905
3794
2917
29454
31393
19473
25319
3354
3534
17985
27697
25507
31142
8820
33930
16422
15179
33951
7740
23712
17491
3556
32492
17158
12050
24716
4685
8543
11741
8120
26985
33682
24891
21933
12183
18636
21079
10461
24771
27602
2325
7460
24046
18235
11733
8419
36107
21026
10791
19724
10414
6735
26697
31027
36097
8650
33304
31024
24628
8658
4347
2204
6937
22338
15807
23034
21163
36927
31277
37087
22455
5627
21761
36544
6087
31239
18040
5172
30548
16477
33994
8433
1639
5781
1580
15665
12974
31928
23978
15879
10194
28758
29634
11035
36860
37091
22109
11703
21608
7138
17528
30530
5885
24807
22311
9241
26758
9493
34880
32383
18156
885
15232
15131
5582
25556
10423
24555
8226
31299
6638
3049
13254
20001
24174
20983
5099
2246
18930
14801
22259
6761
24506
5650
21344
26146
17627
16775
16589
16105
406
13987
356
36920
8868
32520
5645
7469
32994
11756
28220
23352
33177
34252
22428
15517
35785
11517
33319
24887
35840
18962
12309
22431
37404
26186
9941
23968
3811
15444
31740
2557
33825
32300
30496
12204
16086
14896
1364
5810
16760
26092
22165
8677
31409
4687
35776
28563
25121
25883
36575
35013
20471
25196
36830
34918
27901
18748
1528
23426
6133
1383
15508
33059
4988
31310
35740
23137
29894
8715
33372
13003
33554
16247
144
8811
18202
33026
34418
8531
4890
30167
27992
5234
13259
10852
26900
20273
3536
28
5891
19399
13350
33677
2379
31672
10538
19527
5041
2347
25407
12404
4143
16552
27497
21204
1584
27807
3498
19149
212
10298
22704
5437
26412
28378
5011
24337
34944
14806
1942
28298
26046
35276
34101
17453
31202
10247
13415
4436
37364
30526
1627
3527
20428
35576
30971
6192
19138
28887
21685
33803
29986
34116
35735
6464
14125
30711
18704
20647
32716
14689
3705
27619
9975
20758
15549
35897
27318
25353
132
19608
29306
25703
29516
33606
24901
13752
7034
20445
10723
35578
25916
19934
4061
17105
28975
1607
19238
36787
36141
33023
22023
37103
22778
28255
18766
28289
5210
28992
14092
13001
5348
21160
17355
36618
6574
24947
36826
22948
19985
31278
4550
32784
27797
21951
24784
28942
17486
7018
25277
30864
670
31486
23990
33550
8030
17270
35246
10354
17400
19420
33470
14304
11909
32620
13393
31976
2839
24837
17529
27525
22595
20879
33011
14426
28772
6167
16194
18143
14272
24497
6625
26934
4095
29366
15873
22507
1813
15656
10076
35941
25640
12327
6696
24591
31566
7439
9729
19223
19941
16298
34753
20336
22316
11524
28321
35392
32148
20357
9794
23110
21094
17992
12057
27828
32019
36875
20390
22139
11955
6405
10706
28918
4342
29199
34986
15590
1147
11283
23087
18349
21061
9913
7417
14716
26529
24806
20644
16471
33288
8532
30448
17599
9945
23890
7024
7346
3005
6251
10753
17155
4979
6891
19551
772
6734
17743
19320
34723
34722
11891
25812
6724
16231
0
28971
10647
23179
19603
3793
31427
1428
11429
30093
28439
28019
11590
21194
31939
10891
22322
18564
24953
15722
4208
16942
30114
22228
21261
4015
21953
14740
9723
30964
36912
37571
1263
4765
3820
3814
17249
1847
4344
13213
32127
16220
24493
1176
7334
32624
18770
35409
16334
34189
36973
3579
1012
23330
18345
34887
32914
28463
37263
17885
18739
36139
19370
13129
20034
13889
29140
25537
25563
34027
21711
31021
9051
34823
14804
18548
4984
4953
27984
7862
18976
14144
28934
4110
2127
20558
16876
12402
19105
10286
3163
15516
11637
22432
4433
24302
11230
30221
28324
2703
26345
36269
29617
24972
19092
29921
16001
35203
25659
36268
32152
25209
33533
7294
34841
12473
16454
33595
35265
932
2804
30968
10147
12943
21315
15314
12694
17093
17437
17298
28865
30682
11237
13421
19260
1550
29976
11153
29070
3408
36582
1339
23191
27310
17792
24445
7208
18589
20794
10710
159
12907
10379
2392
14419
18497
13871
23551
31629
24206
22487
35444
34161
17273
25490
1912
30857
18680
34760
32682
8223
17640
24309
28185
35888
2577
1803
33993
12760
5339
8634
36766
1264
6706
1480
21589
1854
28747
21286
8114
24325
33135
35835
7285
37488
15767
31316
34668
4776
35108
37673
18840
35250
4684
7204
11550
16745
33270
18277
22991
36538
4594
19030
16914
18039
13947
9175
4092
2777
27097
31537
27905
1677
35125
23697
15014
28597
4438
16405
20804
32806
10388
29717
5067
28785
20108
2450
6716
5392
2784
19633
25382
20326
18651
29503
4333
22500
2740
2391
26268
1899
19830
4542
24014
2941
24967
4917
35046
6399
20456
1692
2443
25931
16512
22770
32999
30240
12566
8951
35432
6503
32366
33351
35615
31998
29031
22484
28570
17720
35653
7035
5015
32096
1241
2818
27233
9824
27360
6730
35670
32230
21658
37081
26024
750
30021
20458
10928
18024
17871
6113
8366
30281
4188
35321
18333
3897
33274
29265
30983
27660
3036
25515
20572
1766
6970
24303
27755
12008
23275
16920
19542
23474
8747
12514
3818
2353
30761
21442
8173
17219
25471
20158
25944
27305
34991
35129
6504
11757
27088
6934
12015
36743
10671
9029
8133
28020
15376
23696
9126
24886
10106
23138
31517
34459
26439
2267
17319
28809
19439
26755
30506
25871
8335
4216
15776
715
21409
33017
3261
26988
13183
2518
24906
18985
32247
37169
30921
30403
32658
36509
26824
31636
719
31148
16801
35795
13174
29911
28680
33365
26527
8618
12678
3446
6867
21270
25498
13910
21092
35267
24492
20875
23611
3230
2572
1052
37526
13990
30268
29618
28919
6763
23048
23537
699
36314
7144
33524
20399
736
17540
21280
27025
6438
27696
27943
3243
3532
29512
11137
6490
6159
14764
35970
20327
6648
24552
15747
1457
2299
10059
16215
5167
15325
35194
9283
7623
1783
33539
13431
5661
6042
18165
1665
18797
33886
13907
7854
4289
4191
13218
32104
10033
36604
2339
25259
9076
36706
31285
16099
5933
31225
15661
36046
493
24081
4206
1860
28867
18517
6018
36799
16612
31474
2455
11627
13059
37196
21240
20022
11158
2747
27969
10751
4741
30535
7513
5605
23178
13862
3405
20969
32788
25675
29700
37703
22269
21777
10000
34294
8175
2156
17168
30599
34510
16243
26106
24096
27474
5045
3510
25964
19010
8575
3371
5804
16295
19251
17183
12810
4599
13838
2429
6491
14909
8935
30835
13145
28694
12724
24946
25798
27654
20864
11820
3061
19894
8718
23146
1868
23280
9505
5783
22230
6463
15613
16560
27121
31677
4977
24214
5126
10913
15383
12268
27704
29678
9959
19908
21629
2184
21697
4244
35006
19943
3284
23156
10273
37380
19486
8333
23799
8771
10521
20152
24211
2441
37121
58
33187
27316
36736
21671
36512
4465
35137
15303
21123
2937
21263
37115
502
31869
25412
23237
5854
22515
6828
2604
20726
29207
7344
27833
613
36165
28036
2385
27615
23377
15063
4808
13783
14292
4091
37007
3158
22758
5842
7657
21741
28960
35441
1024
31414
26488
22925
21353
15942
31921
11842
7924
4151
31447
24912
36790
2848
7753
20051
28411
4454
12584
5771
16119
24086
23038
21101
3458
5881
11375
1902
11976
7085
22216
18199
23406
20037
20863
8345
13137
5422
12838
1745
23134
30994
2398
23532
6882
6960
4185
26503
31219
8018
25728
9225
23461
34631
15572
1223
16460
37472
33746
16272
25385
17041
668
7773
7871
23918
20575
34129
27641
28644
34818
31382
9848
30411
3830
27866
9080
10687
19622
12412
6560
9322
30339
18856
2870
4754
21807
15449
12616
36523
16593
19540
498
1669
1273
7814
28272
2823
9802
14981
8991
591
741
19271
12913
19814
36916
16096
35044
15518
19721
3774
26174
6279
28770
25286
26112
3293
10769
13588
22390
37042
20303
18983
24378
22960
10654
5682
22068
17381
32652
4851
22461
22239
35350
37179
33451
12767
16049
10823
29987
17245
7811
33610
4717
21361
6189
19120
33515
1690
21161
12813
12865
24692
8015
6356
37494
1429
2693
20308
32839
23103
17862
2853
23350
1638
827
23521
9473
32155
27206
32501
26032
17737
25509
35478
6601
1600
23528
29391
11422
14884
2666
26117
37278
22049
23076
33463
16889
22090
13761
21659
30033
16940
37506
34008
22576
7131
21230
28789
2012
27581
16098
23619
10847
19874
16007
1839
6752
8595
17523
17527
32462
22312
6945
23853
21692
7840
31975
34310
20016
17087
25948
30245
1060
34922
35466
26732
5025
20573
9981
27663
9849
36380
23699
9528
8582
30959
32349
1490
4271
24839
24855
13766
26635
26055
16191
31184
27708
13062
10714
27994
6931
17586
6149
25842
10849
19264
8765
27238
753
31804
6731
16037
10602
5539
8727
9221
23969
8113
8274
21997
19752
15603
34618
913
7722
22650
9770
22137
29920
5717
23980
30805
8870
7662
12857
20270
28422
37542
26810
5811
17020
34423
22266
36689
19736
7667
2128
2314
33483
3436
10002
36288
36796
29248
7739
30611
21967
21275
11194
25016
11340
21043
36985
29682
7894
34584
1297
27423
19215
19779
28869
12795
5684
5388
18147
12140
6806
28476
11873
23562
27329
18991
37343
19816
36464
25969
31796
8785
12416
31271
18150
9431
9576
6257
12783
7870
5562
32071
14989
11759
32852
9292
24916
16853
5721
31301
7958
15051
7556
15257
20245
20776
6713
37610
21734
14768
34235
13857
23336
37485
12814
6714
6789
23888
32947
26057
12614
26744
439
24099
29075
3047
12401
24940
29307
36161
29350
30767
7515
37366
23147
2960
26869
22939
26319
20608
27756
6207
4014
23882
12010
4180
27442
1375
30449
16778
5131
33583
12027
15225
29190
5998
9229
5411
9334
1381
1406
37340
6646
25074
8362
6760
16176
29644
27630
8791
18117
18546
30420
16299
19053
24742
22767
12788
8640
26679
31203
26037
13554
23323
8029
20207
17521
19604
14511
28343
14684
5974
28224
34461
13083
19142
20478
27513
31244
10973
6978
21538
2336
26573
5749
24418
26872
9872
34565
29379
12066
16173
36230
30492
14793
28969
35881
34551
30702
12716
24018
26947
36344
14908
1136
33124
13966
10397
33016
2565
13232
37552
16605
35038
32418
37437
24731
18025
35685
27920
24526
22485
22625
23874
5357
1152
6434
30856
19619
36463
29794
18701
19449
16584
5457
14821
11442
32610
28620
4034
14968
37486
16996
36263
25194
35737
4849
1997
35219
9594
4460
1623
22706
32396
10935
10974
6070
21356
16948
4781
22512
29206
8242
33267
25898
34026
25101
31036
32120
21654
9599
21665
35433
35483
27117
11376
15553
594
28834
13710
821
33937
17936
35033
15226
6056
8883
5039
6965
32573
4664
6936
32728
14013
33174
30667
35393
32199
13130
6146
21612
23232
5166
35818
25198
27179
18397
10359
36130
4879
15505
33264
9950
29671
12206
8851
21609
10927
11290
36577
25073
22846
1455
26179
33152
4876
4543
31585
14155
12421
27122
13574
3742
33660
35535
18356
23686
26227
21757
12083
2296
32160
21059
14680
6318
34102
2964
18115
3351
29452
21915
36431
19669
11440
28712
4105
27032
50
4768
20770
26984
13331
10190
33190
21688
7047
2752
36099
33112
21090
11561
30152
6661
12171
36902
36730
37195
10205
14782
22397
37592
16658
1271
11789
3847
7427
31977
29659
9347
8956
34123
7260
33339
25757
17073
24165
11864
7915
89
29092
36300
25605
25901
20310
9735
20709
14459
16036
7189
36332
14580
27724
32122
34946
25633
33099
10743
18761
14458
30290
7691
18649
33175
21245
3929
25315
26271
34057
2759
3956
20655
33542
12940
17578
23883
10151
455
32223
36162
35023
15422
17796
28129
5051
13657
30037
32853
33021
1524
16406
11355
28389
4604
2637
30631
8343
10432
32499
24817
5200
14258
34690
25780
33378
26997
21664
1527
17085
35595
17817
5354
35590
9640
