24779
34896
31701
16357
8803
15252
35222
17570
2506
36886
26167
28889
9602
5254
13389
32374
29958
34555
26620
24256
24434
27060
25002
20495
19228
13689
31151
35703
34746
15881
26473
10225
13186
26658
27211
12708
885
36403
18891
751
32212
10954
9440
6692
638
24605
20977
20227
33905
27906
36543
17672
20369
14275
25754
24134
3446
15579
19802
34111
37169
2456
14727
3680
9940
1347
21977
28952
14850
1837
30673
33637
21757
25846
24012
27149
6659
23939
20012
31229
22940
26160
8955
30095
36516
32109
27589
397
30194
20591
11144
36345
1921
31975
3834
29916
6799
26405
33489
3293
16851
14470
9818
7767
13122
27458
30332
35709
22941
32529
7187
15333
25708
10625
36040
22818
2613
10940
25386
19332
35053
3000
21654
2843
14642
28009
19846
7972
33227
19740
29483
36168
31496
4938
17930
21889
33700
5832
37389
8902
34429
24321
17377
5347
34114
15588
2356
29596
13582
29135
4597
12393
6586
11969
35401
9919
2077
28188
25919
7467
18055
4286
25888
18569
15871
17041
5766
16356
27368
8467
33866
16119
11113
9692
9761
5243
25377
6128
26792
32948
779
27856
6937
30233
20389
24312
1359
23219
13671
8329
7251
33944
6411
9743
22844
8122
18841
6012
35119
34895
23982
17752
26114
35677
29684
9704
24127
23643
20814
24678
1943
13178
3074
14897
31569
12273
12655
23970
23048
17766
29383
14038
12660
33224
37412
21756
20547
19834
17362
26263
29795
26804
13567
14507
13129
28130
33963
1298
15639
33172
21307
29742
11406
1677
36829
20188
23709
20988
8509
31454
