6875
23700
37164
30762
19709
32095
2601
33706
10618
7195
2113
30819
9953
2825
34124
18966
29189
33225
29641
29352
30653
22270
28175
6105
12793
19850
3510
9489
35702
10110
7020
20543
32110
25688
4105
8111
12106
26343
20907
2188
25205
32861
31602
12295
5253
23227
2449
22408
4643
57
30065
17404
28148
16056
19547
5651
3813
35589
9910
20387
24784
7366
4647
34992
32344
32337
35954
15561
18537
24117
15174
37511
21228
27484
15325
27327
34427
8241
17587
20741
16788
16114
197
13675
35772
37101
16464
15576
17802
31054
16953
25841
1367
1657
25511
9866
14859
1642
22597
34590
10574
31445
1487
24420
5669
4867
6775
29305
8058
36126
30857
23324
32423
3321
16477
17418
36476
13622
2770
16148
11549
37393
8376
33845
28779
2807
28100
37449
36312
17737
32322
20712
3969
4
22824
25875
3438
29807
23338
13674
30633
33505
21650
33641
9751
23489
11927
19068
37406
18133
28126
15438
14818
15694
15931
21794
32192
13846
18266
11423
26209
3658
26020
35543
1748
37061
7839
3650
13743
18203
37642
33416
13681
461
37207
470
23529
20596
2735
31775
5501
21317
26340
19117
29980
33563
9874
5507
17064
2928
9060
6957
1003
33034
5853
23178
7472
4433
3789
33486
23461
20100
28858
25557
29930
27850
14984
6082
9267
36205
13875
29631
1195
17419
11081
31383
29924
26762
32046
8176
34862
8814
35144
22093
13268
8987
33581
18281
13369
3042
20637
35850
8788
35867
8465
2852
4644
11418
35274
24775
12221
12300
14793
22054
13813
12725
7921
33424
1801
11053
19567
9718
33873
27235
2111
8202
9322
7680
30264
17291
33654
6561
32276
15018
2436
6577
21015
30447
4908
21395
21533
12656
23739
9619
5395
2804
12374
5168
33651
14137
18689
12933
3875
34085
35447
28239
17327
3582
16882
29169
3866
27743
7413
1447
15309
20204
1394
5424
7582
33964
35334
17804
34656
14539
32143
23904
5041
5757
284
35290
18099
15993
998
20948
33096
24491
18422
10834
11758
6781
25225
34605
3371
10345
25842
17409
16281
28899
7500
18803
22246
29223
13499
6973
26110
12860
31737
36165
14853
34007
35169
16024
19633
29940
6350
27647
32258
1307
4835
11264
11253
31585
351
29508
22923
24901
24537
11910
13246
6055
34422
24662
35096
35868
1116
5615
34814
16904
21236
1652
26538
4566
27909
21626
12373
14277
5620
31386
13543
26083
28272
19523
25877
30106
30152
3093
10327
3672
30329
34445
11802
12740
25497
9172
11001
35342
2980
35555
819
14886
12154
34861
3594
33762
19638
22149
4889
27237
28741
24882
30243
168
1305
2048
17816
18684
21589
7833
10944
5777
28920
7855
29743
10188
34912
19789
7144
24514
8721
16913
19323
6293
16624
15939
22988
7740
29517
30738
412
6347
13973
13049
22352
21628
21033
17646
35454
5946
36234
20193
28837
35250
11338
29123
21662
22302
15644
35518
30603
23773
11968
32267
28845
7981
16516
29076
16779
32809
23837
21698
33534
10583
2059
27905
34490
32256
8377
22927
10473
6593
22389
18657
7574
14253
5562
390
4931
3554
27838
25238
27205
11928
16132
26285
23384
18046
10025
27160
37418
4451
3235
29337
17242
10165
24670
20998
12614
20786
36974
16703
1828
12137
25942
14879
15547
33279
31162
10900
3718
12030
35419
19791
1477
23531
1649
16166
20081
4801
12378
24791
28586
1626
7544
10543
19528
25726
10250
18178
23695
566
27228
37301
35091
21571
36359
17581
30210
16578
9558
20278
32218
4774
22731
19664
19210
26401
7306
3705
18702
7287
35488
21424
20872
17713
18229
20647
14372
23474
21896
11289
4818
16418
4693
24227
4248
11772
23513
20853
1214
36369
5906
11362
22459
35760
22364
21342
29010
12664
3199
34613
22287
16320
237
17542
11904
6934
35101
22949
8080
29782
26315
3370
3729
6059
9667
29048
12975
33768
4289
30966
1811
34774
25284
3175
1385
14974
7915
16505
34724
8179
14452
604
4402
16019
23206
3291
28831
15091
31792
1950
27931
3698
16047
25709
30075
23309
24113
28457
25221
24078
25742
36019
1949
477
16886
22821
11517
7827
28657
23351
35461
6313
4090
30765
33483
10229
26156
18725
15960
32598
4742
12034
36124
11790
37374
30815
36718
10882
23724
1213
22029
4180
13291
16254
9569
33352
12590
27097
16466
12463
11460
17210
29489
22830
1638
25677
15914
8161
9291
35405
1017
33310
30305
15997
25437
8470
12290
17403
12982
14240
34050
30707
23688
10187
33459
7267
4694
32437
31996
25878
19037
14803
10249
6452
24848
8620
26740
6060
3339
24954
2731
2233
18636
383
16922
26823
21930
31409
21201
8077
10645
20082
25494
5715
4034
950
25427
12701
17262
8869
14403
20356
1906
20388
6503
1193
32070
33327
26559
11965
10242
24126
15956
12431
10922
14529
19375
21146
33184
13435
28646
11234
11495
28830
18524
7716
30622
3421
31015
21534
32395
35133
25535
4067
2262
27818
17594
29130
6135
37224
21032
8791
10544
21381
23286
18305
22109
36460
36827
29304
4089
7686
27648
5359
11872
33541
32636
869
7035
18341
34869
25110
29816
24644
15739
24694
24916
32197
5462
32941
5118
4048
37028
23746
18523
29614
34820
4988
29058
22072
37309
20183
24286
3844
8897
8930
5506
36355
13467
33295
4671
9532
23464
18962
31273
8547
1402
14485
30517
23305
18232
9272
27928
34333
7814
20129
5482
14569
5792
7538
1112
36095
32856
37274
32847
34517
13381
34583
4636
13015
36302
22323
20604
9905
210
15711
30909
2859
33457
16081
30462
19565
11644
21069
25586
37027
35595
32509
892
23186
32485
8146
31961
8364
5690
31368
15349
34096
7122
32667
25243
13493
25757
10726
1184
26977
29870
34977
17081
21067
35352
16382
25779
28356
23559
14330
17043
37428
9077
33136
30842
20258
3612
19274
36518
35943
23705
14058
26907
28680
32817
29278
11328
23530
2599
633
8262
26568
13064
30061
26055
16936
3823
16512
24667
34189
19378
34183
23706
36206
2000
12566
31883
8516
20707
16798
34030
10818
23366
34587
29016
10066
30852
28862
18712
24288
16414
12859
14010
28069
30405
7871
1149
22599
21221
30790
5858
745
13475
26786
4705
20064
36374
20886
16133
25390
19123
17448
27349
1139
30351
20840
15726
12711
12837
14758
36578
29898
25520
22171
36855
29778
26815
6976
34801
5914
6311
31055
7183
21002
33277
20165
26727
10660
9486
36843
4044
19573
32286
8715
15444
932
28152
34731
2013
12519
23811
3167
28869
25702
17535
23730
2496
3352
18294
12469
36298
11973
6984
16884
26225
12758
6437
20028
37445
5969
3492
25223
27063
31
16840
18394
6533
32434
13765
26091
5650
5619
2752
21726
2920
8524
34771
16956
6930
16287
10590
29142
29308
32865
13921
3386
5213
37170
24471
37598
8850
32325
28886
23454
35407
24616
19434
36182
14076
10050
9196
11873
8034
29011
36759
34618
15188
3133
27853
23911
27319
20376
21866
35258
22098
27689
29888
30309
23714
5270
17161
24036
9639
6756
4374
157
20585
36394
4690
17980
20672
29675
3991
23893
24856
25022
37686
21987
2850
27426
17988
32558
1749
30271
28742
26706
9907
30452
11921
27069
11275
1518
20663
14799
6502
13240
36401
17339
7123
17965
29235
32219
17360
10561
17005
14258
36544
18156
33508
35563
26510
1893
29578
26911
20490
22430
28391
14208
4758
2546
805
31379
9237
18932
31257
35278
33810
9757
10673
8035
24403
8402
11651
20937
6259
28795
30273
30613
30310
32800
16195
21367
10437
17668
34181
10620
696
5258
5958
3152
17825
14075
21076
36142
14417
37595
35870
11445
18259
35367
8490
18954
6493
12814
26924
21091
14061
24124
8102
2432
13983
37438
4979
28688
31707
28104
34777
24819
29713
2819
30377
3731
2865
33039
21372
31651
33588
31810
18968
11523
33606
6490
22696
26329
6527
7599
3201
17891
4994
16688
16430
34463
15468
32634
5642
37486
32998
4505
33625
11646
9306
25352
24594
21390
20439
22445
16832
25396
11192
28131
4948
29391
29526
25921
4550
29920
32871
37570
28911
24946
8491
10468
30736
18647
25602
29084
11900
2972
9212
1839
32885
37217
3826
14932
27249
35212
9786
36348
34045
25762
11687
7039
26186
31589
25012
12361
34307
26200
2288
24847
30197
25260
5421
22746
25804
32035
4698
35507
34597
25771
5597
1786
457
2416
3132
17130
35310
25042
14749
23625
32943
20716
27050
16903
20259
16506
1979
4456
25209
16500
20563
11164
27092
2060
17590
32651
37172
35617
21978
4156
18607
33527
4238
20965
20010
35451
32057
16950
23482
26767
23649
12604
30550
10880
13841
20577
3543
20813
33475
2520
30883
32969
24216
27676
17622
9996
30560
37592
28407
16749
28632
1157
14193
14411
3095
23959
12504
27921
5024
6403
25575
9268
1365
22675
2858
16219
12876
6962
13572
10310
28537
15199
21577
9643
12403
31247
30049
35329
16772
20135
24136
4133
20857
27216
22007
36791
18755
28015
20714
22229
25329
20461
16912
17398
7609
9491
8450
36958
28238
22416
18184
19510
30811
26795
3746
19992
29949
30972
4663
34164
5186
31797
24788
8684
26485
32660
34709
13419
10167
2768
10699
34166
36461
22457
220
11160
6185
34130
7964
31809
23058
9275
1905
6395
24357
26978
34925
28212
27750
2405
18346
33746
20086
16717
24851
2790
9368
26733
19943
4695
14949
32979
32333
22273
26941
21023
3935
4146
8635
19000
9971
30666
24279
37699
2694
37673
20783
26211
9416
13624
20187
8758
9499
12203
14349
14126
2741
21565
2141
12124
13625
13428
28504
21660
15884
32987
21673
2685
26046
4589
29843
35379
13615
30395
18543
17036
16864
3156
28726
29845
17133
1777
22763
16683
12358
6505
1561
27130
36248
27980
26840
9494
8861
33111
37139
13141
33247
3021
16981
15017
37690
27904
7354
26855
11546
21894
5293
17430
10537
28539
37483
37151
24480
32522
18234
10492
34383
20572
35312
31063
6732
2566
27131
15392
27942
1775
19412
20380
33713
20530
27196
12456
12187
12602
23438
3769
7928
22100
12520
28214
2192
31976
3877
35700
8427
3737
19301
25445
28964
23484
11071
5846
7911
8601
27431
1574
3619
23450
26358
9036
27833
37311
31880
37121
13981
8581
37220
23400
2811
37464
14823
13918
12022
15546
25370
6826
14377
8301
13889
26222
30078
215
17917
35899
5478
7560
29556
16668
4626
12268
6491
26646
10095
1047
33261
35998
16965
21269
6101
19058
21158
34766
4631
3145
36894
18362
22843
9694
32080
16757
23957
8761
27338
10037
15225
14534
10551
12699
36177
12444
18711
33879
24373
589
22825
12823
21504
27937
10087
16525
32268
21836
5269
1409
11579
33443
29501
6740
8136
26294
28666
4883
36480
29976
36662
10008
6535
7289
20667
22405
27673
12392
30704
28084
22919
27401
33996
50
23281
14229
26947
18148
33532
24050
18098
13691
30667
15767
28687
29852
12719
493
21258
32525
67
12433
17342
11349
35151
20934
13067
25498
31743
13327
24001
24322
3644
8306
34059
16196
28357
15254
32864
19285
34552
14849
17967
9969
14479
8128
20533
15675
26647
31260
16259
34314
32362
4147
22748
28280
21347
22388
37491
2549
26518
24150
11142
22157
18389
27799
9307
30365
18504
13685
9759
28397
27634
29634
495
7783
15819
35031
21772
24920
2207
21340
17382
20560
6471
28171
20026
25358
26599
25105
9245
11785
7988
25261
32958
2185
20806
16800
22182
33281
19982
4417
9826
6798
1583
11155
17664
22574
36633
27754
27708
18031
29320
24574
8541
12560
26532
5435
30991
14034
34821
1784
8050
31661
13670
9517
3213
9706
31535
2393
7989
28203
23835
22572
28225
29473
11504
32183
9939
7863
31640
36811
28834
15723
2108
19934
21166
9862
26299
24806
3577
15772
26237
37663
19593
900
13393
16972
28611
19504
27768
15789
24406
16980
8454
28870
18291
23960
18078
35089
18500
11156
22070
17739
26090
35162
25273
15900
16894
26344
4610
11050
20567
13634
559
12798
9012
12308
23908
1782
14898
34117
27155
27483
8051
12743
31343
32115
20142
33387
37331
24692
28815
23342
27013
15458
12297
33030
14189
27230
23895
25327
26076
9333
21701
4383
3551
32134
25469
12636
30876
20574
34031
20480
37163
10180
10963
33782
8740
23311
30035
18896
24213
29408
5948
28276
8599
16827
34086
23898
25861
27559
37117
25811
6118
37265
5200
18384
30607
4415
19099
10949
27382
10142
9935
3558
24603
2544
6743
20476
27080
32576
20945
18094
24483
27637
29679
26258
10542
18361
14121
35491
29364
37524
1133
31288
12059
5718
31530
13249
8802
28459
37426
26007
13509
12149
2235
219
12552
4357
33509
19275
16743
25239
25473
19816
32326
17498
26582
8148
31050
12201
28881
3024
32257
16169
1415
14862
17857
143
36574
2199
18596
7695
10377
22163
34476
81
24531
37029
26850
27873
4356
639
8607
12099
8088
37689
26298
16686
30543
32845
14981
21759
19621
33743
2739
30198
8867
26839
25969
20255
31819
22581
32150
28368
27698
29484
29624
10241
983
3592
3060
17515
30303
23398
10704
32306
33228
5216
14907
8462
27624
16412
336
7728
12278
10354
8527
13563
9363
15516
25367
35799
29436
15281
20475
10502
6580
12895
3312
22195
11708
4145
36930
32376
27864
7985
6283
26590
16176
29647
33191
16309
5283
26163
17993
4003
5996
28061
32633
2244
36589
18200
24881
5840
18988
6303
29374
4833
19578
34931
11584
25103
1726
7648
3464
5594
32021
18370
11571
27380
29321
13497
4426
14877
15229
33358
21374
16631
16469
3288
10631
31081
6723
15105
11645
12991
28295
30816
32752
20848
95
30692
10290
529
19415
6280
25595
7048
34738
11370
10395
5720
5281
15144
9979
27504
36076
11522
9461
15022
8103
11759
22264
1660
23473
10038
4068
15562
28809
24448
18008
20267
24421
24359
11869
16134
5593
3608
8999
21713
108
5861
929
25149
24437
15183
27042
31910
17211
33144
16016
11794
35992
9006
2814
14116
12107
4546
31204
7340
36219
24329
22686
27732
27262
32714
1396
30638
5440
29091
18376
25134
26103
31026
2946
27061
6720
32977
2182
9409
20415
15889
14740
14391
17734
29382
30401
16931
33028
34269
16822
18733
29371
18556
3597
13372
30231
31113
14228
14773
10086
32748
11180
35869
15353
4475
1274
10104
10047
14664
562
11002
34956
18337
29087
29532
6650
30148
13285
33368
13578
28518
28716
4035
35536
4715
24144
21007
14260
29273
35082
20862
31439
32848
33021
2029
32502
20066
36002
15107
35080
31925
26162
13537
10283
30933
36073
9184
37707
33979
25152
33419
4164
30780
18671
15532
9488
7702
24177
14846
18590
4785
32312
851
35791
6800
19359
26920
9105
9735
6284
24981
19152
11332
17543
28535
10932
11217
35068
28930
26456
30569
17235
32200
13266
22656
28002
19585
4685
2767
33809
35128
24657
34721
22091
17778
30437
15542
10689
12842
6884
23082
27880
3905
7434
17776
32420
26828
20847
4270
26944
30324
29064
21700
11657
3768
12735
20962
16890
18466
12370
15160
6859
20873
4020
26489
16188
15851
31723
3022
18827
21591
18431
27801
17929
19870
7718
7156
16716
33756
25232
23196
17504
33720
10664
9424
19695
21142
2212
25691
32474
32694
34362
7745
35727
9628
29545
27690
20659
34276
10450
9572
586
7025
5005
16842
20044
37541
21647
34395
8859
24874
31254
8615
9565
27147
10191
23075
13096
37228
1377
15649
33991
25142
18302
14841
29972
10482
37210
15837
10106
13937
25832
18111
33059
737
16350
33701
21813
26451
13684
3560
24646
35044
21999
31825
27693
17294
35439
15165
7272
18791
19915
26902
9287
22920
33361
23179
27727
10522
11385
8267
12417
20341
18631
13762
3332
34965
33207
17933
1034
1836
4893
27137
32992
27152
30758
21705
25210
27298
30687
20263
26725
30660
11090
4436
13740
27026
21060
15866
19648
37208
1510
25215
6967
17586
33376
8566
26864
8142
12307
17124
24442
35404
16811
16678
32284
23068
8713
17052
1105
32972
27495
18974
16226
5377
33418
5021
7945
33422
24813
30867
28722
5144
33770
14245
24510
15358
25428
4682
37304
21036
15933
3670
29861
7011
9629
11569
17552
24550
29758
29715
25388
21758
21826
11784
4450
3086
9484
25201
36862
5985
18493
10808
23106
27733
15538
7865
34945
2205
31843
21653
16669
8605
4723
22378
37489
26228
5842
8390
23838
18739
17874
32611
4890
6307
27372
28169
850
11929
37615
34025
16804
18417
29225
12252
33441
16970
1882
5917
28296
23485
22136
14851
24828
12787
31798
3106
21169
30600
5454
14531
8318
36043
24231
22760
25141
22019
19602
27310
11594
30757
32900
13395
17991
34531
12844
21080
10280
27430
18627
6162
4136
31726
20860
2331
22074
28351
10698
1057
12031
513
26580
3595
33163
7906
26265
2842
27272
1301
5403
23533
14280
19057
15769
2330
31814
4692
30053
8206
11297
26842
11401
20801
10832
9972
35822
31619
11544
10849
27119
17478
21706
28650
35734
1220
21385
30779
15946
23840
9727
34727
10995
27064
29859
28022
3824
4163
28828
34051
5073
24773
21637
3448
15087
13304
411
2943
28471
11894
28778
35059
8538
1444
23006
2871
3867
17485
22517
37240
19174
31021
7562
27823
17369
18236
15964
11032
4052
16905
11649
20832
11130
8234
9188
16117
14324
16129
31385
12589
5902
22901
7766
13013
17592
17083
34424
617
13422
12233
9632
7534
25250
25556
34655
36130
29746
27032
27229
18899
15835
32933
1636
25530
31233
21006
2483
12605
13190
15128
22891
35117
30759
22460
24565
27537
11343
30661
17428
15290
8728
29658
2332
7787
6394
17067
20087
16987
6748
19894
6895
13377
24736
32564
25738
647
2352
20625
12824
23158
13945
24095
31823
22426
13897
27663
29664
3785
28544
17091
2529
4221
23205
20107
25796
35647
25465
26373
18372
14558
15041
27766
34975
35210
3454
31856
35699
27121
5220
29708
21249
31629
36567
29691
33290
16849
16326
32883
12693
29910
26417
23222
20236
35862
23532
12964
114
11480
34241
28059
31761
22774
8709
25908
34140
7300
8855
825
33340
33955
36959
24333
35942
6233
34371
31788
1176
2070
19735
14603
22211
2923
22028
35934
34902
10039
9479
8340
8644
30359
7619
30825
7655
7119
12999
28929
32448
14001
30551
18460
19936
24912
1914
24168
1050
7801
12043
8029
11486
30089
28366
5864
3794
20180
22179
24578
8575
37496
25326
31659
37176
86
1535
23842
19382
3354
15267
22690
36921
29449
18924
28532
33324
22975
599
6033
34871
12009
954
2835
33220
6814
22776
1566
6145
29917
16495
26668
35492
6477
10518
5694
111
17372
30511
1000
6440
15621
9157
36015
29046
13558
7099
19610
17900
22476
5163
8028
3281
27474
24417
22546
8757
20708
12750
23831
27433
3702
14134
11115
35111
36303
26140
16681
28689
24782
2001
34501
7408
6791
10525
34955
32340
19549
20057
2894
31309
3115
34029
28698
22631
21199
8045
11719
29542
17942
15620
5066
8066
34359
35382
34882
29674
18649
19269
35743
5406
7246
33122
12694
5353
28995
15177
34365
12815
20997
3251
8061
6168
719
7046
14687
20422
18131
13172
16053
23655
34609
5552
2038
33159
190
1094
27704
13217
18588
30571
16284
14505
10065
18665
20483
27927
29998
17829
16143
15416
8502
36904
320
33953
23406
20502
4954
18548
27214
3013
30478
35704
8383
30503
24593
25808
5908
36559
15730
20868
22692
16770
7279
1281
10184
11621
29921
21802
36172
24575
9835
19812
23527
33969
33204
32658
6302
25797
3206
12720
37229
33891
16459
16643
23858
19408
17876
4590
23087
24731
27443
22497
29338
15880
14535
29300
13585
12935
36640
19395
15424
3999
34230
18068
4149
6391
37119
549
14583
4302
23010
21646
11215
28005
5859
35754
33193
17770
15423
16502
33513
26136
9712
11750
11029
20414
35206
30597
4397
11669
25949
34915
16181
27161
4930
3749
11266
36916
11395
1451
18943
37401
2381
15310
15304
4207
26738
19651
789
7338
4781
11847
37380
32191
37538
33507
28294
8388
6038
9815
3950
16044
34680
9592
20710
13834
24259
30584
8957
33051
1253
2227
30050
3625
18058
4674
12231
29571
10007
26423
30356
32594
33908
18752
31250
32126
26229
12715
5303
25233
2877
11728
29677
19790
8954
13732
16483
8144
32144
20584
10458
17295
33791
31434
5039
11866
10914
32292
14309
976
5122
30694
28200
21276
32891
32515
13829
15283
32711
30013
27601
15912
15462
24839
13941
7256
36047
29934
23541
18664
16762
19568
7816
33727
19374
5367
17801
740
8482
23044
31286
11715
14926
26889
34128
9208
32665
1074
36963
28432
32245
33788
30021
31199
21446
25805
19527
18864
15453
11614
10071
27379
26272
9311
25088
10686
19346
25119
37633
4124
5228
2701
33189
35229
34639
27025
36601
2388
5128
12889
2009
24354
29402
20426
7515
24777
12920
24024
14890
21707
31338
33605
1648
1953
33989
34758
37702
5789
6959
13568
36705
5970
5998
10466
12973
7963
31784
26280
22210
18179
94
13597
36964
29022
17612
17492
3226
12765
22589
16646
19541
13431
434
32455
34188
13146
9909
12945
23717
29599
36213
33073
6541
12437
15564
34092
1420
14682
13512
11506
24909
2173
22400
2895
32506
24200
36494
20529
31459
4793
22926
25431
30907
564
26119
18170
35261
23077
505
13118
20817
2543
31465
33234
10455
28624
22285
9776
31000
37698
1515
26444
17050
10049
18424
1015
28439
891
22738
26042
26584
6668
10771
15795
36089
10079
30823
5513
5159
25066
29651
33655
34072
18839
20532
1079
3669
21159
23238
1620
12595
28765
23088
35718
28135
6874
22209
3245
15491
36641
24082
33589
21714
27424
37705
21963
33837
11119
19226
12274
15859
36603
28541
10053
5662
20773
27607
14905
12348
25502
28194
28443
11801
7299
18515
2983
23349
11524
18082
9828
29789
4479
37266
34390
11252
2736
3185
34335
5639
6606
5945
676
8886
27702
11020
34867
23864
4827
34884
7411
9832
9052
8809
4255
34566
33
19266
16501
26705
30223
23910
8138
16878
29197
13124
20748
423
11803
939
9722
35092
16343
6722
31937
17305
24021
19439
7449
30426
3148
13104
25015
7554
30499
33658
19926
574
2692
14872
35112
12550
29049
2155
11064
30721
17135
4086
11440
32370
23199
5436
36697
36358
4110
14523
28081
31673
16563
23113
5075
17740
19136
16311
31222
20417
443
24245
1778
7490
6929
353
28027
11052
27269
12285
9274
24180
15941
27825
21401
3652
14427
9872
34451
2276
32801
25981
21699
9018
24472
392
30533
5638
34890
35058
22755
4963
37493
26078
32127
4461
29101
26465
37080
2134
1231
2564
22089
27220
16470
21630
25254
14900
32249
37635
17164
32880
17828
22466
36631
5901
11077
2082
36723
13933
17885
15286
3547
2396
11114
17108
23028
8401
7146
4119
30545
26419
10219
37007
8953
37572
3165
29004
20972
30858
22607
27418
30069
33468
3259
10766
20995
11194
7968
26133
27773
18698
23510
6925
20344
21092
27000
22275
16612
17835
18461
10350
36607
13749
31772
37319
19137
1605
113
26084
32843
21883
8094
6166
23269
24453
418
24541
15876
17338
31414
24438
18165
3762
19122
12366
24622
8532
4236
29919
27755
20238
27919
7247
26116
27342
30853
13080
32774
14285
36903
34789
15751
35288
21722
20646
32026
7058
34987
18616
32769
35695
17531
9994
22240
29767
6663
17186
8474
2293
17290
37669
34454
28835
453
17351
11792
30036
5231
1513
30171
30602
26666
7663
4843
27429
19103
4735
25916
15531
12913
36732
4395
30985
21511
33315
12491
10396
18499
5571
24383
33695
26013
25456
26024
20688
16224
34178
755
1978
22239
23936
28043
34785
10363
19507
6656
13284
184
9288
1287
25856
2831
837
18832
11674
24991
36891
12618
5707
6199
26579
7033
16296
32814
3369
1430
9651
36032
33258
10041
37528
21521
17832
28367
8866
20230
22950
5179
1288
14746
2516
9893
34534
22166
36084
30489
1432
16773
3522
11538
8324
11301
37552
11184
24862
31559
26805
8172
9391
16560
11610
21396
24524
7021
12447
7078
2361
36416
7973
27019
8671
28717
5132
10367
7576
28291
23787
19393
35919
23330
1589
36673
29381
16035
6853
26132
3929
18449
35345
34547
34238
15856
23415
8057
25286
18744
13114
496
332
7137
15119
32803
25532
5783
14127
18626
886
4557
26406
8876
13952
19878
10030
15898
27179
12251
17077
28498
8586
29800
823
31138
26363
2327
2085
29540
12820
15151
3089
32379
34998
8276
21852
8352
33917
6721
29027
20622
10762
3500
1537
25115
22111
3751
18275
292
16280
5048
34144
9927
14910
23581
2605
15372
33757
11451
6365
21898
17505
36254
14353
30536
23914
10128
28051
28615
34969
2426
27010
8763
30591
678
6687
36329
5997
32823
18452
26708
28329
20885
8374
17959
173
12866
14969
240
32862
33854
21882
34103
10728
23452
19531
36125
22907
34634
6287
37316
9125
15682
24400
14545
17172
11760
29309
22319
22156
23519
35516
29395
20128
11941
16137
23030
31140
36692
4939
22963
17983
5972
14550
19555
3135
356
2430
9808
32996
17343
34856
7830
18796
33608
18345
21612
37550
27096
6596
13513
6864
29701
21943
32462
6936
7015
2955
9247
27195
28591
25760
32810
17512
18910
4538
34078
32965
25222
21081
243
8379
34208
23885
3335
8846
21681
26391
10746
8180
12653
15413
26319
17700
4812
1665
1993
6802
4879
21959
27603
3850
6852
1637
22732
10115
12827
8951
17749
8658
30801
7650
11352
8574
31116
2285
10629
14653
609
23759
31317
2828
23433
12533
34783
25229
30110
13445
8623
31268
17033
1194
17264
16613
29806
35845
13520
32082
7961
27521
12959
34644
8483
7154
9535
37173
6013
5051
35107
12799
6747
9230
24164
32180
7431
23356
14091
571
10565
30947
8630
19460
1816
29075
18115
18655
35449
34888
35776
5712
33921
10665
15096
37610
18709
37503
9949
23761
18320
31865
1219
5907
27198
18180
22613
30501
20803
1695
8549
32478
33733
25412
29968
1622
961
11055
8022
31313
13862
29266
17304
12015
14368
21778
20933
21921
1888
31866
22508
30109
33400
10031
3725
20967
32727
16344
24803
10752
7948
21112
16439
27033
9888
323
6892
2567
21129
11753
16186
15612
5609
5706
28786
10444
2392
28253
20491
5939
14416
35977
5809
31617
3181
12144
30084
12474
6708
29589
18225
9666
12198
12685
5988
27275
23148
31336
33079
2620
10783
17286
11373
26986
14778
29000
11378
801
26587
4080
9261
31668
3770
5084
10650
36169
27062
2268
35441
22524
24925
37644
11424
6286
23185
33379
4991
12833
7979
13757
12098
31366
28297
37606
28557
1691
14082
12663
10709
30987
31999
22622
8567
27832
13202
23035
12118
27986
1929
15129
36563
17085
5002
32101
21047
279
29336
22142
35009
19965
14715
19256
27907
2058
31284
17365
17572
16335
35417
29143
187
1251
31473
7726
6866
10005
23666
29814
35984
5860
35731
14574
15845
24348
10199
28233
4863
15840
20040
21308
34944
9049
21222
12971
34411
35474
25061
5279
32520
10067
18419
5351
13227
36446
707
248
27882
9093
7416
31838
7966
31197
21500
36380
30189
738
8168
29110
35453
9429
30315
12012
35832
6660
23235
6320
3178
15735
33365
24226
36265
1595
29319
34959
7748
20051
26193
14106
2660
34410
18690
21738
37363
8145
6129
8319
27626
34968
23233
21822
872
30117
7233
30302
35479
15500
36747
22381
33246
25785
18965
5448
30105
1548
10168
17395
9541
16471
26281
23132
24061
369
14516
13344
35707
17853
32239
36029
2834
5308
37060
5208
25491
9204
5776
35915
33707
18577
15616
28674
132
37346
22309
2
22873
7010
12227
3194
31212
14972
27108
26096
26737
31591
32393
23188
8115
28604
28620
37697
6263
31957
5751
2338
34686
17851
24647
3082
24051
36950
10853
35327
32692
34244
30626
3168
4165
19540
11457
11057
14551
31626
8976
36263
11518
35572
26041
28789
12880
3880
36780
30808
10506
21039
32304
37130
13648
11197
34418
8222
11492
17373
14327
24142
33461
33557
23565
10527
9364
2676
1651
1909
29282
781
20402
22514
7743
10261
35390
33052
3666
21421
17059
30863
204
31944
8280
33734
10432
23257
24305
15352
28935
37075
34485
33742
7805
34497
19653
8477
10235
18541
32991
4829
13035
23729
6998
5196
16113
20913
15930
18604
30338
34033
26973
8940
32555
31915
34074
21162
19642
20749
16427
13783
20544
17726
28799
21686
17136
26407
17198
12977
17269
15522
23341
21295
21792
9794
11539
127
4474
17126
11993
3975
20606
24114
20612
6632
25102
32380
27824
22306
12309
7441
8478
24062
7894
20436
29219
37653
7836
6612
10243
20722
23852
24441
22884
27930
32984
25400
32187
28956
11733
30170
28720
34910
26693
18308
13002
27588
7897
906
10938
16076
32827
19508
8054
21369
24087
35865
17653
27539
36141
2591
28787
6481
31928
12951
11436
36320
28981
10977
25652
8345
36821
2219
25146
19919
33380
35221
10998
10035
12925
30102
34645
7019
32015
33194
21229
24783
2775
6372
9674
4545
30296
28120
20507
32112
3431
2585
31492
26431
32254
31979
25518
20846
33426
22431
23359
5296
18620
37682
19603
29975
28600
26481
37282
23189
1134
36284
17795
6615
24528
22484
16813
4585
11789
28665
24834
14388
27140
28088
26195
32137
11933
996
19959
28807
3285
20837
22832
27848
30563
15411
23969
30448
1694
1177
10994
13414
25391
11097
8457
25101
32415
37280
26455
11665
2302
27830
10140
11706
37475
31796
37191
21638
30914
27573
31001
2756
23459
14490
23408
27666
22444
2856
18284
7387
17575
30548
13663
3772
23162
26736
37526
31546
23370
9345
9170
8915
2217
33576
14273
35763
36081
13836
22709
19238
15747
23328
5259
32403
15319
22715
31834
9584
36756
29455
25274
19822
18325
3304
6914
1527
15812
31119
33543
1292
1103
1604
11734
35223
2024
6750
11938
16453
16468
27499
2370
9933
36306
29184
3979
36023
29994
296
37152
15906
26909
20573
26635
14382
446
18224
37177
35150
8522
12756
5147
5524
14786
23765
26326
33444
2883
26175
2151
15219
33103
2261
35884
19712
14138
9850
36776
35694
9861
6643
22401
9114
30980
34070
13715
7627
25226
16725
26925
37288
36739
7502
19033
27531
7134
20316
25476
21044
24
7296
3512
37468
4912
37188
31692
13896
16520
10099
18669
15233
36935
28269
19662
30775
3771
34242
35964
27772
14827
16974
21402
18685
3920
32313
30729
26089
24827
26870
28028
1106
35357
5923
27201
22707
27717
23721
18309
145
21140
26782
11989
36583
27944
12697
14440
6744
15672
35871
863
32927
15905
23741
21928
28436
14668
33997
15026
3801
24588
10656
26534
8072
21601
17092
23144
21782
36447
12671
22592
24139
4615
21319
30776
12771
34790
22265
21394
28531
16151
20774
33313
29867
22259
21718
7703
22750
3871
1371
15112
17807
35126
5057
6997
322
32165
32954
31057
817
144
10983
21432
26248
31380
26893
16331
26553
10842
32973
4955
14400
29834
21608
32693
9143
8256
12306
18139
22127
22773
5444
6292
14316
16647
24540
14182
36477
11048
32417
18740
28359
4966
7439
21463
18598
5114
8186
31646
30346
22189
32270
11975
37242
9978
2673
37667
10447
31774
33896
35601
6147
9631
25365
14948
4425
1683
3660
20535
30341
4259
30949
3009
15816
6845
22218
20603
9448
7977
28529
20106
13315
11169
14728
7790
34937
12419
1826
30247
32750
20009
694
15158
34876
10122
29129
27858
27551
32277
20519
14150
6858
31527
30651
11141
20265
33200
14647
30054
16455
23410
18261
10076
15395
25145
32351
27260
1505
1920
17716
26694
19836
3815
32994
34470
26220
32280
3643
23806
14769
26989
19924
30524
25550
9117
34248
11118
3924
21274
9633
31895
23585
25268
13248
18183
16632
20893
35573
15238
4904
16809
17051
34035
11838
31490
27859
24850
4869
19384
2239
14624
743
20327
31395
