0
4
9
15
26
30
34
41
44
48
55
60
64
71
76
80
89
95
107
122
132
140
145
148
155
160
164
172
177
181
188
193
197
205
211
223
227
231
245
248
255
270
276
280
288
293
297
305
310
315
321
325
329
337
342
345
352
367
371
375
383
388
391
399
404
408
416
421
425
432
448
453
462
468
473
480
484
488
497
502
506
518
521
528
533
538
544
549
553
561
564
568
576
582
594
608
613
617
625
630
633
640
644
648
657
662
665
673
676
680
688
702
705
709
716
725
730
739
747
751
755
763
766
770
778
781
785
793
797
801
809
814
817
830
833
846
849
856
860
864
873
877
881
894
897
904
909
913
921
926
930
943
946
953
969
975
987
992
995
