6
11
14
17
24
25
30
31
34
36
37
38
40
42
44
45
47
51
53
55
57
59
60
61
65
66
68
70
71
72
73
74
75
80
87
104
106
107
116
118
120
134
138
141
143
144
148
150
152
161
162
166
169
172
184
185
192
197
204
214
222
225
231
235
238
240
245
247
250
252
256
258
259
263
266
268
286
294
301
304
312
316
336
350
375
392
418
428
447
467
469
480
482
500
516
517
518
520
522
528
534
536
538
547
553
557
558
562
563
565
568
569
573
580
584
590
600
602
609
616
618
622
638
641
643
649
659
660
661
690
693
694
702
703
710
731
733
736
741
747
749
760
774
776
784
785
789
805
807
812
814
816
817
821
822
823
824
829
831
833
844
848
849
851
853
864
868
870
871
873
880
884
887
891
893
897
899
903
909
912
915
916
918
919
923
927
942
943
944
945
947
948
951
953
954
955
957
958
959
962
965
968
969
970
972
974
976
982
983
985
987
990
992
996
998
999
1000
1001
1006
1007
1008
1011
1012
1014
1016
1018
1020
1022
1026
1031
1039
1041
1043
1044
1049
1055
1059
1066
1068
1071
1074
1075
1087
1088
1096
1103
1104
1106
1107
1109
1110
1111
1112
1114
1115
1117
1118
1121
1122
1123
1131
1134
1136
1137
1139
1140
1145
1146
1148
1149
1152
1156
1162
1165
1167
1168
1170
1185
1188
1190
1195
1196
1198
1208
1210
1211
1213
1214
1219
1220
1221
1224
1232
1234
1240
1252
1254
1255
1258
1260
1261
1263
1267
1273
1274
1276
1277
1282
1283
1286
1289
1290
1291
1293
1294
1296
1297
1298
1304
1306
1309
1310
1315
1316
1325
1326
1328
1329
1332
1333
1335
1336
1337
1341
1342
1343
1344
1345
1346
1349
1356
1362
1363
1364
1365
1366
1367
1368
1377
1384
1385
1388
1392
1395
1396
1398
1399
1400
1403
1406
1407
1412
1416
1417
1419
1422
1423
1424
1425
1426
1428
1432
1436
1439
1440
1441
1446
1447
1448
1452
1460
1463
1464
1465
1471
1476
1478
1480
1483
1485
1487
1489
1490
1491
1493
1494
1505
1507
1512
1514
1516
1518
1519
1521
1524
1527
1528
1529
1531
1533
1534
1537
1538
1539
1540
1541
1543
1544
1546
1549
1550
1553
1554
1555
1556
1559
1560
1562
1564
1571
1578
1579
1588
1590
1591
1592
1593
1596
1597
1601
1603
1604
1605
1606
1611
1612
1614
1615
1620
1621
1622
1626
1627
1628
1629
1631
1635
1636
1637
1641
1642
1644
1647
1648
1650
1653
1655
1656
1657
1658
1662
1670
1675
1677
1680
1681
1687
1688
1689
1690
1691
1695
1697
1699
1700
1701
1703
1704
1708
1713
1715
1717
1719
1726
1729
1734
1735
1736
1741
1742
1746
1750
1751
1752
1757
1759
1765
1766
1769
1770
1772
1773
1774
1776
1777
1778
1779
1780
1781
1782
1784
1785
1786
1787
1789
1791
1792
1794
1796
1800
1801
1802
1804
1805
1807
1812
1813
1814
1816
1819
1820
1821
1822
1823
1824
1827
1831
1833
1834
1836
1838
1840
1841
1842
1843
1844
1845
1846
1851
1852
1853
1855
1856
1857
1858
1862
1863
1864
1867
1868
1869
1874
1875
1878
1879
1881
1883
1884
1885
1886
1887
1888
1889
1890
1891
1893
1897
1898
1900
1901
1902
1908
1909
1910
1911
1913
1914
1915
1916
1917
1922
1924
1925
1927
1928
1929
1930
1940
1941
1944
1950
1952
1954
1974
1976
1992
1994
1999
2012
2016
2024
2027
2047
2053
2062
2066
2069
2073
2086
2091
2106
2113
2115
2117
2127
2130
2132
2135
2141
2143
2144
2150
2157
2180
2184
2186
2187
2202
2206
2212
2215
2217
2222
2228
2231
2232
2240
2253
2258
2265
2269
2271
2293
2296
2299
2302
2317
2323
2358
2360
2379
2383
2387
2388
2394
2396
2402
2417
2424
2427
2428
2441
2454
2456
2465
2472
2483
2488
2496
2498
2501
2502
2511
2512
2513
2516
2534
2537
2539
2548
2550
2554
2555
2556
2563
2564
2569
2574
2584
2588
2591
2593
2601
2611
2614
2623
2630
2632
2634
2637
2639
2640
2641
2644
2645
2646
2647
2648
2649
2650
2651
2653
2655
2656
2658
2660
2661
2662
2664
2666
2668
2669
2670
2671
2672
2673
2674
2676
2678
2679
2680
2681
2684
2687
2689
2691
2692
2693
2694
2695
2697
2698
2699
2700
2701
2704
2705
2706
2707
2709
2711
2712
2713
2715
2717
2718
2719
2721
2722
2724
2731
2736
2748
2759
2764
2777
2779
2782
2790
2796
2809
2820
2861
2866
2871
2872
2874
2896
2924
2927
2928
2929
2950
2962
2969
2983
2988
3001
3008
3017
3031
3039
3040
3046
3050
3056
3060
3084
3088
3093
3094
3096
3102
3107
3116
3118
3129
3133
3163
3185
3186
3192
3195
3197
3202
3209
3210
3216
3228
3229
3234
3238
3246
3251
3252
3253
3254
3263
3266
3268
3269
3275
3278
3288
3290
3292
3303
3311
3317
3322
3324
3328
3330
3331
3334
3336
3337
3338
3339
3340
3344
3345
3347
3348
3352
3359
3376
3383
3384
3386
3393
3395
3396
3397
3402
3403
3414
3430
3439
3443
3445
3449
3464
3468
3469
3470
3471
3480
3488
3494
3496
3500
3501
3502
3511
3528
3532
3542
3543
3547
3565
3573
3578
3579
3581
3584
3611
3612
3613
3621
3625
3626
3634
3644
3659
3662
3670
3671
3690
3691
3696
3704
3708
3711
3721
3725
3754
3757
3767
3776
3786
3790
3795
3798
3800
3810
3811
3815
3824
3828
3830
3835
3856
3858
3870
3872
3873
3875
3876
3879
3885
3888
3890
3893
3903
3910
3921
3922
3924
3926
3938
3941
3943
3954
3961
3970
3972
3980
3981
3988
3989
3995
3997
3999
4003
4008
4012
4013
4015
4016
4017
4025
4028
4031
4033
4041
4050
4053
4075
4078
4081
4082
4083
4088
4089
4092
4096
4099
4102
4112
4113
4116
4127
4129
4130
4137
4138
4139
4140
4141
4156
4161
4163
4164
4165
4166
4168
4170
4171
4173
4175
4188
4189
4190
4191
4193
4194
4196
4200
4201
4205
4208
4212
4213
4215
4218
4219
4220
4222
4223
4228
4233
4234
4237
4238
4240
4244
4246
4254
4255
4259
4266
4267
4268
4269
4270
4271
4272
4283
4285
4286
4287
4290
4292
4295
4298
4299
4300
4301
4306
4307
4313
4315
4321
4325
4326
4328
4330
4339
4342
4346
4355
4357
4358
4366
4391
4395
4404
4410
4412
4414
4417
4419
4421
4422
4423
4427
4428
4429
4438
4442
4451
4454
4470
4471
4474
4479
4484
4485
4490
4493
4494
4496
4499
4501
4506
4507
4509
4511
4512
4514
4519
4521
4523
4524
4525
4528
4537
4540
4544
4545
4549
4550
4551
4553
4556
4560
4561
4562
4563
4567
4571
4572
4573
4574
4576
4577
4579
4584
4587
4588
4590
4591
4592
4595
4597
4601
4602
4605
4606
4610
4613
4614
4618
4619
4629
4631
4632
4635
4636
4637
4643
4645
4646
4648
4650
4653
4655
4656
4657
4658
4664
4665
4667
4672
4677
4683
4684
4688
4689
4690
4695
4697
4698
4701
4703
4710
4712
4715
4717
4719
4721
4723
4724
4726
4728
4730
4731
4738
4742
4743
4745
4746
4747
4750
4753
4764
4766
4767
4768
4769
4772
4775
4776
4780
4782
4785
4786
4787
4788
4792
4793
4795
4796
4797
4798
4799
4800
4801
4804
4805
4806
4810
4812
4813
4815
4817
4824
4828
4830
4831
4834
4838
4839
4842
4847
4848
4849
4852
4854
4856
4857
4868
4872
4874
4878
4881
4882
4883
4885
4889
4891
4892
4893
4897
4899
4902
4905
4908
4910
4917
4919
4926
4928
4935
4939
4949
4952
4954
4956
4957
4958
4962
4964
4965
4968
4976
4978
4979
4980
4982
4986
4991
4993
4995
4996
4999
5003
5006
5008
5013
5014
5015
5016
5019
5020
5021
5022
5023
5025
5026
5027
5029
5030
5033
5037
5038
5039
5043
5044
5045
5046
5047
5048
5049
5050
5052
5055
5057
5060
5061
5062
5063
5065
5066
5068
5070
5071
5073
5076
5077
5082
5083
5084
5085
5088
5089
5091
5092
5093
5095
5096
5102
5103
5108
5110
5111
5113
5116
5118
5120
5121
5122
5127
5128
5130
5131
5132
5133
5134
5135
5136
5138
5139
5147
5149
5150
5153
5154
5155
5158
5161
5162
5164
5169
5170
5171
5175
5176
5179
5181
5182
5183
5185
5186
5188
5189
5193
5194
5195
5196
5197
5198
5203
5204
5205
5208
5211
5213
5214
5215
5216
5217
5220
5221
5222
5223
5230
5232
5236
5237
5238
5243
5244
5246
5251
5257
5270
5275
5277
5279
5280
5296
5315
5316
5318
5321
5329
5347
5349
5360
5370
5373
5375
5382
5395
5397
5398
5399
5413
5415
5418
5419
5420
5422
5427
5432
5441
5447
5449
5452
5453
5455
5456
5476
5493
5495
5496
5502
5505
5522
5525
5530
5531
5534
5536
5537
5546
5553
5554
5559
5561
5566
5570
5574
5575
5576
5577
5581
5585
5601
5616
5634
5636
5639
5640
5660
5664
5667
5676
5679
5693
5695
5697
5705
5711
5712
5723
5725
5727
5739
5744
5756
5757
5765
5776
5783
5792
5802
5803
5816
5820
5824
5827
5830
5831
5846
5850
5854
5859
5860
5873
5875
5883
5891
5892
5902
5925
5932
5933
5934
5936
5938
5940
5941
5944
5945
5946
5947
5948
5950
5951
5952
5953
5954
5955
5957
5958
5959
5960
5961
5962
5963
5964
5965
5967
5969
5970
5971
5975
5977
5978
5983
5985
5987
5988
5989
5990
5991
5992
5993
5995
5997
5998
6001
6002
6003
6005
6007
6011
6013
6015
6016
6017
6018
6019
6023
6028
6036
6041
6042
6043
6047
6048
6061
6069
6075
6079
6081
6082
6085
6088
6096
6097
6099
6105
6120
6121
6122
6125
6135
6146
6152
6155
6157
6166
6167
6168
6181
6186
6189
6190
6191
6194
6196
6217
6227
6235
6236
6237
6242
6248
6253
6254
6258
6260
6264
6268
6274
6276
6289
6298
6312
6319
6325
6335
6341
6344
6363
6366
6381
6396
6397
6401
6407
6408
6409
6414
6424
6438
6440
6444
6445
6449
6456
6457
6460
6470
6472
6479
6484
6485
6494
6495
6496
6497
6498
6503
6523
6525
6527
6529
6534
6535
6542
6545
6558
6559
6561
6562
6564
6565
6570
6572
6573
6574
6584
6591
6602
6611
6612
6613
6615
6624
6634
6640
6643
6645
6646
6647
6648
6659
6670
6672
6673
6676
6678
6683
6696
6697
6701
6702
6703
6704
6710
6726
6727
6735
6749
6750
6765
6777
6779
6782
6785
6804
6805
6812
6816
6832
6847
6848
6857
6863
6873
6874
6875
6881
6901
6903
6904
6908
6909
6914
6917
6926
6936
6939
6942
6943
6945
6948
6952
6954
6955
6956
6960
6968
6969
6971
6986
6991
6993
7002
7010
7012
7014
7016
7020
7022
7034
7038
7040
7041
7043
7062
7063
7066
7073
7077
7085
7086
7091
7099
7113
7114
7141
7146
7147
7168
7177
7183
7189
7190
7196
7199
7204
7206
7214
7227
7230
7239
7240
7257
7259
7271
7275
7277
7278
7279
7296
7312
7318
7326
7330
7340
7343
7351
7354
7366
7372
7373
7380
7388
7396
7412
7414
7415
7424
7431
7437
7441
7445
7447
7462
7484
7509
7512
7521
7528
7532
7537
7540
7544
7547
7563
7565
7566
7567
7570
7576
7579
7587
7591
7601
7602
7604
7607
7608
7636
7670
7672
7677
7695
7700
7710
7715
7717
7719
7735
7736
7743
7745
7746
7747
7756
7759
7769
7779
7783
7788
7800
7805
7808
7809
7815
7818
7819
7822
7824
7828
7832
7839
7841
7849
7851
7853
7860
7862
7869
7883
7892
7895
7902
7908
7912
7913
7914
7918
7921
7932
7953
7965
7971
7973
7985
7987
7992
8001
8004
8005
8012
8018
8021
8029
8033
8041
8055
8063
8071
8073
8096
8100
8102
8104
8105
8109
8122
8123
8125
8126
8141
8143
8151
8155
8188
8191
8202
8203
8204
8205
8208
8214
8231
8251
8255
8261
8263
8265
8272
8278
8280
8281
8287
8296
8297
8302
8303
8307
8327
8328
8336
8339
8340
8376
8382
8386
8392
8405
8408
8409
8429
8431
8433
8435
8436
8437
8439
8441
8443
8445
8448
8449
8463
8465
8466
8476
8477
8483
8484
8493
8499
8505
8509
8510
8514
8536
8553
8567
8575
8600
8605
8607
8608
8611
8613
8631
8635
8642
8650
8655
8658
8659
8665
8669
8681
8683
8690
8692
8694
8706
8712
8722
8726
8727
8728
8730
8731
8732
8751
8753
8766
8770
8773
8782
8788
8794
8798
8804
8805
8807
8808
8811
8814
8815
8819
8820
8829
8834
8835
8841
8842
8843
8844
8850
8851
8853
8854
8857
8860
8865
8870
8871
8872
8873
8874
8879
8880
8886
8888
8889
8894
8898
8899
8906
8907
8909
8914
8917
8919
8925
8932
8939
8940
8941
8949
8950
8951
8952
8960
8961
8963
8967
8971
8973
8974
8975
8983
8988
8989
8992
8994
8996
8997
9000
9013
9014
9017
9018
9020
9022
9023
9024
9025
9027
9031
9033
9036
9038
9039
9040
9042
9043
9048
9050
9052
9055
9057
9058
9060
9062
9069
9071
9079
9084
9085
9088
9089
9096
9101
9102
9103
9104
9109
9111
9115
9116
9118
9119
9120
9121
9123
9124
9126
9128
9131
9132
9135
9139
9140
9141
9143
9145
9147
9148
9150
9152
9153
9161
9166
9168
9170
9171
9175
9179
9180
9185
9186
9187
9193
9195
9197
9199
9201
9209
9213
9214
9217
9220
9222
9229
9231
9234
9237
9239
9240
9241
9249
9251
9253
9254
9260
9261
9262
9263
9264
9266
9267
9272
9273
9274
9276
9280
9281
9282
9289
9292
9293
9296
9299
9308
9311
9313
9317
9319
9324
9328
9336
9339
9340
9341
9342
9343
9344
9345
9347
9349
9359
9361
9366
9367
9368
9369
9371
9373
9376
9379
9381
9383
9389
9390
9391
9393
9401
9404
9409
9413
9421
9424
9426
9430
9434
9436
9439
9442
9444
9446
9448
9451
9456
9461
9463
9468
9469
9472
9475
9476
9478
9479
9480
9482
9489
9496
9500
9507
9510
9512
9515
9517
9518
9520
9521
9526
9534
9536
9537
9538
9544
9545
9546
9549
9550
9551
9553
9555
9558
9559
9561
9565
9566
9568
9569
9571
9572
9574
9575
9576
9577
9579
9583
9584
9585
9589
9591
9592
9595
9596
9597
9598
9599
9601
9602
9611
9613
9615
9616
9617
9629
9633
9636
9638
9641
9647
9650
9653
9654
9655
9659
9665
9667
9670
9672
9675
9676
9682
9683
9684
9685
9687
9694
9696
9697
9699
9700
9701
9702
9706
9712
9714
9719
9720
9722
9724
9725
9733
9735
9736
9743
9748
9749
9751
9755
9756
9759
9763
9764
9769
9770
9771
9772
9773
9774
9776
9779
9781
9788
9789
9790
9794
9795
9798
9799
9802
9804
9805
9807
9808
9810
9811
9812
9813
9814
9815
9822
9830
9831
9832
9833
9835
9837
9838
9843
9844
9845
9846
9849
9850
9851
9852
9853
9854
9855
9857
9859
9860
9861
9862
9863
9864
9868
9869
9870
9872
9873
9874
9879
9881
9882
9883
9884
9887
9889
9892
9894
9895
9896
9897
9898
9899
9900
9901
9904
9906
9908
9909
9912
9913
9914
9915
9916
9944
9946
9948
9959
10005
10007
10009
10044
10064
10071
10095
10123
10127
10137
10156
10165
10167
10171
10174
10175
10200
10201
10208
10213
10219
10223
10270
10286
10304
10315
10316
10320
10333
10334
10338
10350
10367
10391
10409
10410
10412
10433
10440
10450
10455
10458
10463
10498
10505
10510
10522
10527
10548
10562
10570
10571
10572
10585
10612
10628
10629
10644
10648
10654
10682
10691
10694
10697
10702
10703
10705
10707
10713
10721
10731
10732
10736
10738
10752
10764
10770
10771
10772
10774
10777
10778
10792
10800
10802
10805
10810
10811
10813
10822
10829
10830
10832
10838
10840
10842
10844
10845
10847
10848
10849
10867
10873
10878
10881
10884
10885
10887
10897
10900
10901
10908
10914
10922
10927
10935
10941
10943
10946
10951
10953
10962
10974
10977
10978
10985
10989
10992
10995
10997
10998
11007
11010
11018
11033
11035
11037
11039
11057
11063
11068
11072
11077
11078
11104
11105
11106
11111
11115
11116
11120
11144
11145
11157
11159
11172
11177
11192
11194
11199
11212
11213
11219
11222
11225
11227
11229
11232
11235
11236
11238
11248
11255
11265
11269
11272
11278
11279
11280
11288
11292
11297
11307
11313
11318
11331
11333
11335
11346
11352
11353
11355
11357
11359
11360
11365
11378
11379
11385
11390
11393
11405
11407
11408
11409
11415
11416
11419
11430
11433
11435
11438
11439
11445
11455
11473
11482
11483
11491
11496
11497
11498
11501
11509
11511
11514
11522
11523
11529
11530
11531
11532
11543
11548
11549
11552
11553
11554
11556
11557
11562
11563
11564
11565
11574
11576
11582
11584
11588
11589
11591
11595
11596
11599
11609
11611
11612
11614
11617
11618
11619
11631
11637
11641
11642
11643
11644
11647
11651
11660
11664
11666
11667
11668
11669
11673
11675
11676
11693
11696
11700
11705
11707
11710
11712
11713
11714
11715
11716
11717
11718
11723
11724
11726
11736
11737
11755
11757
11766
11777
11778
11781
11782
11796
11799
11811
11812
11831
11844
11846
11848
11858
11860
11861
11864
11874
11876
11879
11881
11882
11883
11884
11890
11895
11899
11916
11935
11941
11945
11947
11970
11978
11981
11984
11991
11996
12001
12009
12010
12016
12020
12031
12039
12043
12046
12057
12058
12067
12084
12093
12094
12097
12102
12108
12121
12135
12154
12161
12173
12176
12209
12215
12225
12226
12227
12228
12244
12247
12255
12256
12267
12293
12299
12301
12304
12310
12328
12333
12340
12343
12349
12352
12359
12375
12380
12384
12389
12390
12391
12392
12393
12394
12411
12412
12414
12416
12420
12437
12441
12446
12450
12451
12453
12467
12482
12491
12523
12526
12548
12549
12550
12552
12581
12582
12583
12588
12598
12603
12607
12612
12613
12622
12623
12625
12627
12628
12629
12633
12646
12654
12655
12662
12670
12671
12672
12673
12680
12711
12717
12719
12720
12721
12722
12723
12749
12754
12798
12804
12814
12815
12817
12844
12845
12859
12883
12886
12887
12889
12890
12891
12929
12931
12933
12935
12938
12946
12973
12974
12982
12990
12991
12992
13026
13031
13039
13044
13070
13087
13088
13093
13097
13107
13110
13111
13118
13156
13169
13170
13181
13190
13201
13209
13210
13235
13248
13252
13254
13256
13263
13272
13278
13281
13286
13296
13339
13353
13378
13389
13407
13418
13420
13425
13435
13437
13442
13444
13451
13459
13462
13463
13476
13500
13501
13504
13512
13521
13532
13546
13547
13550
13551
13553
13564
13566
13568
13579
13582
13591
13594
13597
13600
13604
13611
13615
13617
13625
13629
13630
13632
13633
13635
13636
13638
13642
13650
13651
13654
13655
13663
13667
13694
13695
13697
13708
13730
13734
13736
13743
13754
13757
13759
13760
13761
13769
13774
13775
13790
13794
13795
13802
13804
13806
13807
13810
13820
13821
13833
13834
13853
13854
13865
13871
13874
13875
13876
13884
13885
13886
13890
13891
13895
13904
13905
13916
13924
13926
13930
13931
13932
13934
13937
13950
13951
13953
13956
13957
13958
13961
13963
13964
13965
13966
13967
13977
13978
13979
13980
13982
13983
13992
13994
13996
14000
14001
14005
14006
14007
14010
14011
14014
14015
14018
14021
14026
14033
14034
14035
14039
14041
14043
14045
14046
14048
14055
14056
14070
14073
14103
14114
14119
14123
14124
14129
14131
14141
14148
14157
14158
14160
14161
14181
14186
14188
14193
14196
14197
14203
14211
14215
14219
14223
14225
14226
14227
14228
14229
14230
14233
14235
14254
14256
14259
14264
14266
14267
14273
14277
14278
14280
14282
14284
14285
14289
14299
14300
14310
14311
14314
14317
14325
14328
14329
14330
14333
14336
14343
14350
14353
14354
14356
14364
14369
14372
14376
14377
14378
14380
14382
14385
14389
14397
14402
14409
14410
14413
14415
14417
14420
14426
14429
14434
14436
14437
14438
14442
14452
14455
14458
14460
14462
14467
14470
14473
14475
14476
14477
14481
14482
14483
14485
14486
14489
14492
14495
14502
14503
14504
14507
14510
14511
14513
14517
14518
14519
14521
14522
14527
14532
14535
14536
14538
14541
14542
14544
14548
14550
14552
14555
14564
14570
14572
14575
14578
14579
14580
14582
14583
14591
14592
14594
14595
14596
14600
14601
14603
14614
14617
14620
14625
14626
14627
14629
14630
14631
14632
14633
14635
14640
14644
14645
14646
14648
14649
14652
14658
14660
14663
14665
14666
14667
14669
14671
14672
14674
14678
14684
14685
14686
14687
14690
14692
14693
14700
14701
14705
14710
14712
14716
14719
14722
14723
14724
14731
14733
14736
14737
14740
14742
14745
14749
14755
14756
14758
14766
14770
14772
14788
14789
14791
14793
14796
14802
14806
14807
14808
14819
14820
14822
14829
14831
14834
14836
14839
14842
14851
14852
14857
14860
14861
14865
14867
14873
14876
14877
14878
14879
14880
14884
14888
14890
14902
14907
14909
14910
14911
14914
14919
14922
14923
14928
14934
14954
14955
14958
14959
14965
14966
14967
14982
14987
14989
14991
15001
15002
15017
15019
15024
15025
15028
15031
15035
15036
15038
15039
15040
15041
15048
15054
15056
15057
15059
15063
15068
15070
15071
15074
15075
15077
15078
15079
15080
15082
15083
15089
15092
15093
15094
15097
15099
15100
15106
15108
15109
15113
15114
15115
15116
15120
15123
15128
15129
15131
15132
15134
15135
15136
15137
15138
15141
15146
15147
15148
15153
15155
15157
15159
15160
15163
15166
15167
15168
15169
15173
15175
15178
15181
15183
15184
15188
15193
15195
15196
15199
15203
15206
15210
15211
15212
15213
15216
15221
15222
15224
15227
15230
15231
15233
15237
15239
15240
15242
15244
15245
15247
15251
15252
15253
15255
15256
15259
15260
15261
15262
15263
15264
15265
15266
15267
15268
15269
15271
15274
15276
15277
15278
15279
15280
15281
15282
15286
15287
15292
15301
15303
15319
15352
15363
15371
15383
15391
15412
15413
15420
15421
15422
15429
15434
15435
15449
15455
15460
15461
15462
15463
15464
15486
15487
15490
15500
15513
15530
15539
15546
15549
15552
15557
15559
15560
15566
15570
15577
15583
15604
15608
15615
15618
15621
15629
15640
15651
15653
15654
15673
15675
15679
15681
15684
15711
15712
15715
15722
15723
15727
15729
15730
15738
15746
15747
15749
15753
15758
15762
15766
15776
15793
15800
15801
15810
15813
15818
15821
15823
15824
15832
15847
15857
15879
15894
15897
15903
15907
15912
15953
15971
15990
15991
15999
16002
16012
16024
16054
16057
16060
16073
16080
16084
16113
16127
16160
16174
16182
16183
16188
16194
16202
16209
16210
16222
16232
16237
16245
16246
16247
16249
16264
16266
16272
16277
16278
16292
16295
16296
16297
16300
16304
16333
16334
16336
16341
16342
16344
16351
16353
16356
16370
16380
16381
16382
16383
16387
16392
16396
16406
16424
16427
16430
16439
16452
16454
16455
16458
16459
16462
16463
16464
16467
16472
16478
16481
16482
16486
16488
16489
16490
16491
16495
16496
16497
16498
16499
16500
16501
16503
16504
16505
16506
16507
16508
16509
16510
16514
16517
16518
16520
16521
16522
16523
16527
16530
16531
16532
16535
16536
16537
16539
16541
16542
16543
16544
16545
16546
16547
16548
16550
16555
16557
16559
16564
16565
16572
16576
16577
16578
16580
16582
16583
16586
16587
16590
16593
16594
16596
16598
16599
16600
16601
16602
16604
16610
16611
16613
16614
16616
16618
16622
16624
16625
16627
16631
16632
16633
16634
16636
16637
16638
16641
16642
16643
16645
16646
16649
16651
16654
16657
16659
16660
16661
16664
16665
16666
16668
16669
16671
16672
16673
16674
16676
16677
16678
16680
16681
16682
16683
16685
16686
16687
16689
16693
16694
16697
16700
16701
16704
16706
16709
16710
16711
16713
16717
16721
16723
16725
16728
16730
16732
16734
16735
16736
16738
16739
16741
16743
16745
16747
16748
16749
16753
16755
16758
16759
16760
16761
16766
16768
16769
16783
16786
16820
16831
16832
16841
16844
16847
16849
16853
16857
16859
16860
16869
16871
16873
16874
16896
16917
16918
16929
16931
16933
16938
16944
16948
16957
16969
16982
16985
16986
16999
17007
17008
17009
17038
17041
17047
17049
17066
17067
17079
17081
17085
17091
17092
17115
17118
17125
17141
17157
17159
17165
17166
17167
17169
17172
17173
17184
17190
17194
17204
17218
17219
17222
17225
17226
17227
17241
17267
17268
17280
17281
17282
17283
17286
17287
17294
17297
17310
17311
17313
17314
17317
17321
17326
17335
17342
17362
17366
17367
17375
17410
17413
17418
17419
17426
17437
17444
17445
17446
17455
17458
17462
17463
17475
17481
17483
17487
17492
17493
17498
17499
17501
17507
17511
17519
17530
17535
17538
17547
17549
17552
17558
17559
17560
17564
17567
17570
17575
17577
17587
17588
17589
17594
17598
17600
17603
17604
17605
17607
17608
17609
17617
17618
17620
17622
17623
17624
17625
17631
17641
17642
17643
17645
17646
17647
17648
17651
17658
17662
17666
17671
17672
17676
17678
17685
17687
17700
17702
17704
17715
17716
17717
17718
17719
17721
17726
17745
17747
17752
17753
17754
17755
17759
17768
17771
17775
17781
17784
17785
17786
17788
17798
17806
17807
17811
17812
17817
17818
17819
17820
17826
17836
17840
17847
17851
17854
17860
17863
17866
17868
17870
17885
17889
17890
17893
17898
17900
17901
17908
17913
17920
17921
17922
17931
17932
17939
17941
17942
17945
17946
17949
17953
17954
17955
17956
17957
17958
17961
17962
17972
17977
17978
17979
17981
17984
17992
17994
17995
17997
18010
18011
18012
18013
18014
18024
18027
18029
18037
18043
18044
18046
18047
18050
18051
18052
18053
18067
18068
18076
18079
18081
18083
18084
18085
18086
18088
18090
18101
18102
18112
18116
18121
18127
18130
18137
18138
18143
18145
18148
18150
18153
18156
18161
18162
18165
18167
18173
18175
18176
18177
18182
18183
18184
18185
18187
18190
18193
18202
18204
18205
18207
18210
18212
18214
18218
18219
18223
18225
18232
18233
18234
18236
18238
18240
18241
18242
18243
18245
18246
18247
18253
18255
18256
18257
18259
18262
18263
18265
18268
18271
18273
18276
18278
18279
18280
18282
18284
18288
18294
18297
18299
18301
18302
18304
18307
18309
18317
18321
18323
18325
18326
18327
18328
18329
18331
18334
18336
18341
18346
18348
18351
18352
18354
18356
18360
18364
18365
18366
18370
18371
18372
18374
18376
18379
18381
18392
18395
18396
18398
18399
18400
18403
18405
18406
18414
18415
18417
18420
18428
18433
18437
18439
18440
18442
18445
18449
18455
18457
18458
18462
18468
18470
18472
18474
18479
18482
18483
18486
18490
18492
18502
18507
18511
18514
18515
18519
18520
18522
18523
18524
18529
18532
18537
18538
18542
18545
18546
18552
18556
18558
18559
18560
18561
18564
18565
18567
18568
18570
18572
18574
18575
18577
18580
18583
18586
18592
18596
18597
18598
18600
18605
18607
18608
18611
18616
18620
18621
18622
18623
18627
18631
18637
18638
18641
18642
18643
18645
18646
18647
18651
18657
18658
18660
18661
18664
18667
18668
18669
18671
18685
18713
18774
18793
18794
18806
18807
18811
18814
18836
18837
18848
18852
18859
18898
18903
18922
18938
18957
18988
18990
19006
19012
19015
19016
19050
19051
19069
19094
19096
19110
19111
19112
19136
19155
19158
19159
19163
19167
19174
19189
19220
19228
19233
19256
19264
19272
19277
19280
19318
19320
19327
19334
19346
19353
19363
19369
19375
19376
19379
19392
19395
19401
19413
19414
19415
19424
19425
19438
19440
19442
19443
19445
19446
19448
19449
19450
19454
19455
19457
19472
19478
19485
19500
19502
19503
19509
19526
19545
19553
19568
19569
19570
19575
19576
19579
19580
19581
19582
19585
19590
19591
19593
19594
19596
19597
19602
19603
19604
19605
19612
19618
19624
19625
19626
19628
19629
19630
19633
19634
19635
19638
19641
19644
19648
19650
19651
19652
19653
19656
19657
19658
19660
19663
19664
19666
19668
19673
19678
19684
19691
19692
19693
19694
19701
19702
19704
19706
19708
19710
19712
19713
19714
19715
19716
19718
19721
19723
19733
19739
19740
19741
19743
19746
19748
19749
19751
19752
19753
19754
19759
19761
19764
19765
19769
19770
19774
19775
19777
19779
19783
19785
19787
19789
19790
19791
19792
19793
19795
19798
19799
19800
19803
19805
19806
19808
19810
19811
19812
19814
19815
19817
19820
19821
19822
19824
19827
19828
19831
19832
19834
19837
19838
19839
19840
19841
19842
19845
19846
19847
19849
19853
19854
19856
19857
19858
19861
19862
19863
19866
19867
19870
19871
19872
19875
19877
19879
19880
19883
19884
19885
19886
19887
19889
19890
19894
19895
19896
19898
19899
19900
19901
19902
19903
19904
19905
19908
19909
19911
19912
19913
19915
19917
19918
19920
19922
19923
19924
19927
19928
19929
19931
19936
19941
19946
19947
19950
19956
19957
19962
19963
19964
19967
19970
19972
19973
19974
19976
19977
19979
19980
19981
19983
19984
19986
19987
19990
19993
19994
19995
19997
19999
20004
20005
20008
20010
20012
20017
20018
20019
20020
20021
20022
20023
20024
20025
20026
20029
20030
20033
20034
20035
20037
20040
20041
20042
20044
20045
20046
20047
20049
20050
20051
20052
20054
20057
20058
20059
20060
20061
20063
20066
20068
20069
20071
20072
20073
20074
20076
20077
20078
20080
20082
20083
20084
20085
20086
20088
20089
20090
20094
20096
20097
20099
20100
20101
20102
20103
20104
20105
20108
20110
20111
20113
20114
20115
20118
20119
20121
20126
20127
20129
20130
20134
20135
20136
20137
20138
20139
20140
20141
20142
20144
20146
20149
20150
20151
20153
20158
20160
20161
20162
20163
20164
20165
20166
20168
20169
20170
20173
20175
20178
20180
20182
20185
20186
20187
20190
20191
20192
20194
20195
20196
20197
20198
20199
20200
20202
20204
20205
20206
20207
20220
20221
20222
20223
20226
20227
20231
20233
20236
20238
20243
20249
20250
20255
20256
20259
20261
20268
20273
20276
20277
20279
20283
20288
20295
20300
20307
20310
20318
20319
20325
20327
20329
20340
20348
20358
20360
20382
20384
20385
20398
20403
20404
20405
20419
20421
20422
20424
20435
20438
20439
20441
20442
20453
20454
20457
20465
20468
20469
20472
20481
20491
20493
20494
20507
20511
20513
20515
20517
20531
20535
20536
20537
20538
20539
20544
20554
20558
20563
20576
20585
20593
20594
20595
20599
20602
20603
20605
20607
20608
20615
20621
20626
20632
20636
20638
20639
20647
20655
20659
20661
20676
20677
20678
20689
20693
20694
20698
20699
20700
20702
20704
20706
20707
20708
20711
20714
20718
20721
20728
20732
20737
20738
20739
20740
20747
20769
20770
20776
20777
20782
20784
20786
20787
20793
20802
20809
20811
20814
20816
20823
20829
20837
20840
20845
20855
20863
20875
20880
20884
20888
20889
20892
20893
20894
20895
20902
20920
20921
20930
20932
20935
20936
20952
20957
20967
20973
20976
20981
21005
21008
21011
21012
21015
21016
21023
21030
21033
21039
21040
21041
21042
21045
21048
21050
21054
21059
21063
21066
21068
21069
21071
21072
21082
21083
21090
21100
21105
21108
21117
21119
21121
21122
21123
21126
21128
21131
21143
21146
21147
21148
21149
21154
21155
21157
21161
21165
21168
21173
21175
21177
21180
21183
21185
21188
21189
21194
21201
21207
21215
21218
21219
21220
21221
21223
21226
21227
21228
21229
21232
21233
21236
21242
21245
21246
21247
21249
21250
21254
21258
21260
21264
21270
21275
21276
21280
21282
21283
21284
21285
21287
21293
21295
21297
21298
21299
21301
21303
21307
21308
21309
21312
21314
21325
21327
21332
21334
21336
21337
21339
21340
21347
21350
21354
21357
21359
21363
21364
21365
21366
21367
21368
21369
21371
21372
21379
21385
21388
21389
21390
21393
21395
21398
21399
21400
21401
21402
21403
21406
21407
21408
21413
21415
21418
21419
21423
21429
21432
21433
21436
21437
21438
21441
21446
21450
21451
21452
21455
21458
21459
21462
21464
21467
21468
21471
21473
21475
21477
21479
21481
21482
21483
21492
21505
21506
21507
21509
21515
21518
21523
21524
21527
21528
21530
21531
21533
21544
21549
21559
21564
21566
21570
21573
21575
21576
21578
21579
21580
21584
21586
21588
21589
21590
21601
21609
21612
21614
21617
21618
21619
21621
21624
21627
21628
21631
21634
21637
21639
21640
21641
21645
21649
21650
21655
21657
21664
21665
21666
21667
21668
21669
21670
21678
21679
21680
21681
21683
21685
21686
21687
21693
21695
21696
21697
21699
21700
21701
21704
21705
21708
21711
21715
21716
21717
21718
21719
21723
21727
21728
21729
21731
21732
21738
21739
21747
21749
21751
21752
21753
21759
21762
21765
21768
21770
21775
21776
21778
21779
21780
21781
21782
21785
21788
21795
21796
21797
21799
21800
21803
21805
21810
21813
21814
21815
21818
21820
21822
21823
21824
21825
21827
21828
21836
21838
21839
21840
21842
21844
21853
21856
21861
21864
21868
21871
21875
21877
21880
21881
21886
21889
21891
21892
21897
21901
21908
21910
21911
21912
21918
21921
21922
21923
21924
21927
21930
21940
21942
21945
21948
21950
21953
21958
21962
21963
21964
21966
21973
21976
21977
21978
21979
21988
21989
21990
21992
21996
21997
21999
22001
22002
22007
22008
22015
22019
22021
22022
22023
22027
22028
22030
22035
22036
22039
22040
22041
22046
22047
22048
22049
22050
22051
22052
22054
22055
22056
22057
22058
22059
22060
22066
22073
22075
22077
22079
22081
22082
22084
22086
22088
22089
22092
22096
22104
22105
22108
22110
22115
22116
22118
22119
22122
22123
22126
22127
22130
22131
22132
22136
22138
22143
22144
22145
22147
22149
22152
22156
22158
22159
22161
22162
22163
22164
22168
22172
22173
22174
22177
22181
22184
22186
22188
22189
22191
22195
22199
22205
22206
22208
22209
22212
22214
22215
22216
22217
22226
22229
22232
22234
22235
22239
22243
22246
22247
22249
22250
22252
22253
22258
22259
22260
22261
22267
22268
22272
22275
22277
22278
22279
22281
22285
22286
22287
22291
22292
22293
22295
22296
22298
22302
22303
22304
22306
22308
22316
22320
22321
22322
22324
22330
22331
22332
22335
22337
22340
22342
22349
22352
22353
22354
22355
22359
22362
22365
22366
22376
22379
22380
22381
22385
22386
22390
22391
22396
22398
22399
22402
22407
22410
22412
22415
22419
22421
22422
22424
22425
22426
22428
22429
22435
22436
22442
22444
22445
22452
22454
22457
22460
22461
22462
22470
22471
22473
22475
22480
22482
22483
22484
22485
22488
22489
22491
22492
22496
22497
22498
22500
22501
22503
22505
22506
22507
22509
22512
22515
22517
22520
22521
22522
22523
22524
22526
22527
22528
22531
22534
22535
22538
22539
22543
22544
22545
22546
22547
22548
22550
22551
22552
22560
22561
22562
22563
22564
22569
22570
22573
22575
22576
22577
22578
22581
22582
22584
22585
22586
22588
22589
22590
22591
22593
22596
22598
22603
22605
22606
22608
22611
22614
22617
22618
22619
22621
22622
22623
22624
22626
22629
22632
22635
22636
22637
22638
22642
22643
22646
22647
22651
22653
22662
22666
22668
22671
22673
22675
22677
22678
22679
22682
22684
22686
22690
22693
22695
22696
22697
22698
22699
22703
22704
22705
22707
22708
22709
22710
22711
22712
22713
22714
22716
22718
22720
22723
22724
22726
22727
22731
22732
22733
22736
22737
22740
22741
22742
22743
22744
22746
22747
22748
22751
22752
22754
22757
22758
22760
22761
22762
22764
22765
22766
22767
22768
22769
22772
22775
22776
22777
22778
22779
22781
22782
22785
22789
22790
22791
22793
22797
22798
22800
22807
22810
22815
22816
22818
22820
22821
22824
22826
22828
22830
22833
22834
22835
22837
22838
22839
22840
22846
22847
22849
22850
22854
22855
22857
22858
22861
22863
22864
22865
22866
22868
22877
22878
22879
22881
22883
22885
22886
22889
22890
22891
22892
22893
22895
22897
22900
22904
22905
22907
22908
22909
22912
22913
22914
22915
22916
22917
22918
22919
22923
22924
22927
22929
22930
22931
22933
22936
22938
22944
22948
22950
22952
22953
22954
22955
22956
22957
22958
22959
22967
22968
22970
22971
22973
22977
22978
22979
22980
22984
22985
22986
22988
22990
22991
22993
22994
22995
22996
22997
22998
23000
23002
23004
23010
23012
23016
23017
23018
23019
23023
23024
23025
23026
23027
23028
23029
23032
23033
23034
23035
23037
23038
23042
23043
23044
23046
23047
23049
23050
23051
23053
23055
23057
23058
23059
23060
23062
23063
23065
23066
23069
23070
23072
23073
23074
23078
23084
23087
23089
23090
23091
23092
23093
23094
23096
23097
23098
23100
23103
23107
23109
23110
23111
23112
23113
23114
23115
23116
23117
23119
23120
23122
23123
23124
23126
23128
23129
23130
23131
23132
23133
23134
23136
23137
23139
23140
23141
23142
23145
23146
23147
23149
23150
23151
23152
23153
23154
23159
23160
23161
23163
23168
23170
23171
23173
23176
23177
23179
23180
23181
23183
23184
23186
23188
23189
23190
23192
23194
23195
23196
23198
23199
23200
23201
23202
23205
23207
23208
23210
23212
23214
23215
23217
23218
23219
23221
23223
23224
23225
23226
23229
23231
23235
23236
23237
23238
23239
23240
23241
23242
23243
23244
23246
23247
23249
23250
23252
23253
23255
23257
23258
23260
23261
23262
23275
23285
23292
23300
23304
23314
23319
23346
23366
23384
23386
23389
23404
23418
23420
23422
23438
23450
23453
23454
23456
23468
23476
23478
23480
23497
23512
23518
23525
23536
23538
23556
23559
23560
23568
23571
23573
23574
23575
23578
23580
23583
23585
23587
23588
23590
23591
23601
23605
23606
23607
23617
23619
23637
23638
23645
23655
23673
23676
23701
23715
23719
23736
23759
23773
23816
23823
23829
23843
23851
23863
23867
23869
23871
23877
23886
23890
23937
23941
23949
23956
23960
23975
23996
24000
24020
24021
24028
24036
24051
24061
24077
24087
24099
24102
24110
24112
24115
24117
24118
24127
24130
24132
24135
24147
24153
24175
24177
24180
24196
24199
24208
24209
24212
24213
24218
24221
24225
24228
24248
24254
24260
24262
24264
24304
24312
24314
24318
24319
24322
24325
24329
24331
24338
24349
24350
24353
24359
24363
24366
24372
24374
24388
24393
24397
24418
24422
24425
24431
24446
24447
24468
24477
24505
24512
24519
24520
24521
24522
24523
24524
24525
24526
24527
24529
24532
24533
24534
24536
24538
24539
24540
24542
24543
24546
24547
24548
24549
24551
24552
24553
24554
24555
24558
24560
24561
24562
24564
24565
24566
24567
24568
24569
24570
24571
24572
24573
24575
24580
24581
24582
24583
24584
24586
24587
24590
24592
24601
24607
24609
24618
24619
24627
24630
24636
24639
24656
24661
24670
24671
24676
24679
24684
24689
24693
24703
24707
24709
24716
24720
24725
24728
24730
24731
24734
24735
24736
24737
24753
24764
24772
24775
24779
24780
24781
24782
24793
24801
24804
24813
24821
24823
24825
24842
24843
24859
24867
24870
24871
24873
24884
24900
24902
24905
24906
24908
24909
24924
24935
24938
24940
24941
24942
24951
24961
24962
24965
24972
24975
24977
24993
24995
24997
24998
25002
25003
25006
25007
25021
25024
25027
25036
25042
25045
25055
25082
25085
25090
25091
25101
25114
25115
25116
25118
25120
25122
25124
25126
25128
25137
25139
25140
25141
25144
25148
25158
25159
25165
25166
25168
25184
25186
25189
25190
25212
25214
25227
25236
25238
25248
25257
25259
25263
25266
25267
25269
25270
25300
25305
25306
25307
25308
25309
25314
25324
25329
25330
25331
25334
25344
25347
25348
25352
25353
25354
25355
25357
25358
25365
25369
25373
25374
25391
25392
25397
25419
25426
25433
25436
25437
25440
25449
25453
25460
25464
25470
25474
25481
25485
25492
25496
25504
25507
25516
25524
25525
25526
25535
25536
25537
25545
25553
25554
25557
25567
25568
25575
25578
25579
25580
25581
25582
25584
25585
25602
25610
25620
25621
25625
25628
25632
25644
25646
25650
25661
25663
25665
25669
25678
25684
25687
25688
25689
25691
25698
25700
25722
25728
25742
25743
25744
25752
25754
25764
25768
25782
25789
25808
25809
25813
25816
25827
25828
25837
25839
25840
25848
25858
25861
25867
25869
25875
25881
25882
25884
25885
25889
25897
25904
25910
25911
25912
25914
25925
25928
25937
25945
25950
25958
25971
25972
25974
25976
25977
25978
25981
25983
25985
25986
26014
26015
26016
26020
26024
26026
26031
26032
26038
26046
26053
26055
26060
26061
26069
26081
26082
26093
26095
26101
26102
26105
26106
26110
26112
26114
26115
26117
26118
26121
26124
26126
26127
26140
26155
26158
26161
26162
26163
26170
26176
26197
26204
26211
26226
26233
26242
26243
26244
26247
26248
26249
26259
26266
26268
26269
26270
26300
26303
26320
26326
26351
26371
26372
26383
26407
26413
26418
26419
26464
26473
26474
26475
26477
26493
26495
26501
26502
26503
26511
26512
26516
26518
26519
26525
26538
26546
26551
26554
26556
26557
26558
26559
26560
26566
26577
26579
26605
26618
26619
26621
26622
26628
26629
26631
26638
26641
26646
26653
26654
26656
26658
26666
26668
26673
26677
26688
26692
26696
26697
26701
26702
26707
26710
26728
26732
26743
26745
26747
26748
26763
26764
26767
26775
26787
26789
26790
26796
26803
26818
26821
26823
26825
26826
26846
26849
26853
26856
26857
26872
26876
26883
26889
26891
26892
26910
26912
26922
26924
26930
26933
26936
26938
26945
26946
26959
26960
26961
26967
26971
26973
26988
26990
26997
26999
27005
27008
27024
27031
27032
27033
27034
27050
27052
27056
27058
27062
27068
27070
27074
27077
27078
27090
27105
27110
27113
27120
27121
27127
27129
27137
27141
27148
27152
27153
27164
27170
27171
27172
27190
27194
27197
27200
27201
27202
27210
27220
27225
27226
27228
27230
27231
27232
27235
27250
27252
27259
27262
27265
27285
27293
27295
27299
27300
27301
27304
27305
27311
27314
27318
27324
27338
27339
27341
27348
27351
27356
27359
27363
27366
27367
27372
27379
27380
27386
27388
27389
27390
27399
27403
27404
27405
27412
27417
27420
27423
27425
27429
27438
27440
27442
27446
27449
27454
27456
27459
27461
27462
27463
27464
27466
27470
27479
27481
27484
27488
27499
27502
27504
27506
27507
27508
27517
27522
27536
27537
27541
27544
27546
27550
27551
27554
27567
27568
27573
27576
27580
27584
27589
27592
27593
27596
27598
27602
27606
27608
27620
27626
27631
27635
27650
27653
27654
27655
27657
27660
27661
27662
27663
27674
27680
27682
27683
27697
27698
27702
27715
27722
27727
27728
27731
27735
27736
27743
27746
27748
27751
27754
27761
27763
27764
27765
27769
27774
27778
27782
27783
27785
27786
27787
27790
27794
27797
27803
27807
27808
27815
27816
27828
27834
27835
27836
27839
27843
27846
27847
27848
27850
27857
27858
27860
27868
27878
27888
27893
27896
27898
27906
27908
27909
27912
27918
27924
27932
27952
27961
27970
27971
27974
27977
27978
27989
27990
27998
28000
28002
28003
28006
28010
28011
28012
28013
28015
28021
28028
28035
28041
28046
28059
28060
28061
28062
28064
28065
28066
28068
28069
28070
28073
28074
28080
28087
28088
28092
28095
28099
28106
28111
28113
28115
28117
28118
28120
28124
28127
28130
28131
28132
28139
28140
28141
28142
28148
28149
28151
28152
28153
28158
28168
28179
28182
28189
28192
28201
28212
28213
28214
28230
28239
28244
28256
28264
28275
28276
28282
28291
28302
28305
28309
28314
28324
28325
28326
28330
28333
28337
28338
28345
28347
28350
28357
28358
28359
28361
28365
28373
28374
28378
28379
28398
28403
28409
28412
28413
28420
28424
28425
28426
28427
28433
28434
28443
28445
28448
28451
28454
28455
28463
28471
28474
28476
28477
28480
28483
28484
28485
28486
28488
28489
28495
28501
28502
28504
28507
28511
28512
28515
28518
28520
28522
28523
28524
28526
28529
28530
28532
28541
28548
28551
28553
28554
28556
28559
28561
28562
28563
28565
28566
28568
28569
28570
28573
28580
28581
28586
28592
28593
28595
28596
28598
28599
28600
28602
28604
28606
28609
28611
28612
28613
28616
28623
28634
28636
28638
28641
28642
28645
28646
28652
28656
28657
28658
28662
28665
28669
28673
28675
28679
28685
28689
28690
28692
28694
28700
28701
28702
28707
28709
28712
28715
28716
28717
28718
28719
28721
28722
28725
28726
28728
28732
28736
28739
28740
28743
28745
28748
28749
28753
28754
28756
28758
28761
28762
28763
28766
28769
28770
28772
28775
28776
28777
28778
28779
28784
28786
28787
28798
28801
28802
28804
28806
28808
28810
28813
28816
28817
28819
28822
28829
28834
28836
28838
28841
28843
28844
28848
28859
28861
28863
28865
28866
28868
28870
28871
28873
28874
28876
28877
28880
28885
28886
28887
28889
28890
28896
28901
28902
28903
28904
28907
28909
28911
28912
28918
28919
28921
28922
28923
28924
28925
28928
28929
28931
28933
28934
28939
28941
28942
28943
28946
28948
28953
28954
28955
28958
28961
28962
28965
28967
28970
28971
28973
28974
28975
28978
28979
28980
28981
28982
28984
28985
28991
28992
28994
28996
29005
29006
29008
29011
29014
29026
29027
29028
29029
29033
29038
29066
29067
29087
29096
29113
29154
29160
29162
29171
29178
29179
29181
29205
29207
29212
29224
29226
29230
29232
29235
29247
29264
29270
29284
29290
29299
29310
29314
29321
29328
29329
29339
29341
29344
29347
29349
29353
29359
29361
29364
29377
29379
29386
29391
29400
29402
29403
29404
29413
29415
29416
29418
29422
29434
29435
29443
29445
29456
29462
29465
29471
29472
29475
29482
29496
29516
29526
29528
29536
29540
29544
29556
29567
29571
29574
29578
29581
29582
29594
29616
29619
29632
29641
29662
29673
29680
29682
29689
29690
29698
29699
29730
29734
29735
29736
29754
29756
29788
29816
29834
29836
29861
29870
29875
29885
29886
29920
29954
29965
29987
29991
30024
30026
30036
30037
30039
30041
30042
30043
30044
30045
30046
30047
30048
30053
30056
30057
30059
30061
30062
30063
30064
30065
30066
30067
30068
30069
30070
30071
30073
30076
30077
30078
30079
30080
30081
30089
30090
30091
30092
30094
30095
30096
30098
30099
30100
30103
30104
30105
30106
30108
30109
30112
30114
30118
30119
30120
30121
30123
30124
30125
30127
30128
30131
30134
30135
30137
30138
30139
30140
30141
30142
30143
30145
30146
30150
30151
30153
30154
30156
30157
30158
30159
30160
30163
30166
30167
30168
30172
30173
30175
30177
30179
30180
30189
30192
30201
30206
30210
30221
30227
30252
30258
30259
30270
30277
30280
30296
30300
30315
30316
30324
30332
30336
30361
30375
30376
30386
30389
30400
30406
30407
30416
30429
30436
30443
30447
30448
30451
30456
30465
30468
30481
30482
30488
30495
30496
30510
30513
30517
30518
30531
30539
30546
30550
30557
30560
30572
30574
30579
30594
30599
30610
30619
30634
30657
30680
30683
30705
30713
30721
30726
30746
30750
30751
30758
30759
30761
30789
30800
30803
30815
30819
30827
30828
30831
30833
30834
30835
30836
30838
30840
30845
30846
30847
30858
30859
30864
30874
30877
30878
30880
30881
30886
30894
30896
30909
30910
30912
30952
30970
30992
30994
30997
30998
31005
31011
31021
31022
31024
31026
31028
31037
31039
31046
31065
31068
31077
31083
31095
31096
31097
31102
31126
31131
31132
31139
31156
31159
31166
31190
31194
31202
31204
31213
31225
31226
31227
31229
31235
31246
31247
31251
31268
31272
31282
31284
31285
31297
31299
31314
31315
31317
31321
31322
31329
31334
31340
31342
31347
31361
31371
31384
31394
31397
31398
31408
31426
31433
31451
31452
31455
31456
31458
31466
31493
31503
31504
31505
31506
31507
31528
31533
31535
31540
31542
31543
31545
31549
31551
31552
31553
31554
31560
31576
31578
31579
31593
31594
31595
31596
31597
31599
31603
31604
31616
31623
31632
31645
31649
31665
31670
31678
31692
31698
31699
31701
31720
31721
31735
31742
31743
31749
31753
31765
31772
31775
31784
31790
31794
31798
31799
31800
31801
31811
31828
31834
31844
31846
31848
31849
31852
31856
31896
31906
31913
31916
31917
31918
31926
31934
31935
31936
31940
31949
31952
31953
31968
31969
31974
31977
31986
31998
31999
32003
32012
32016
32017
32024
32027
32035
32041
32050
32059
32067
32072
32076
32077
32079
32082
32087
32088
32105
32106
32107
32109
32110
32111
32122
32123
32137
32138
32141
32160
32167
32187
32215
32220
32221
32223
32226
32227
32229
32231
32232
32234
32235
32236
32237
32238
32239
32241
32242
32245
32248
32251
32252
32253
32254
32256
32257
32259
32260
32262
32263
32265
32267
32268
32270
32271
32272
32275
32276
32278
32279
32280
32281
32282
32286
32288
32289
32292
32293
32294
32295
32297
32301
32302
32308
32309
32310
32311
32313
32314
32316
32319
32320
32321
32322
32323
32324
32325
32326
32327
32332
32335
32337
32338
32339
32340
32341
32346
32347
32349
32350
32352
32354
32356
32357
32358
32361
32362
32363
32364
32365
32367
32368
32369
32371
32372
32374
32375
32376
32380
32382
32383
32386
32388
32389
32392
32393
32394
32396
32397
32400
32401
32404
32405
32406
32408
32409
32411
32412
32413
32414
32418
32422
32425
32427
32432
32443
32451
32454
32461
32466
32469
32472
32474
32478
32485
32486
32495
32499
32504
32505
32507
32514
32516
32518
32519
32522
32529
32543
32544
32552
32555
32556
32558
32562
32564
32566
32567
32570
32572
32573
32574
32575
32578
32580
32585
32587
32589
32590
32592
32594
32608
32610
32611
32613
32619
32620
32622
32624
32625
32638
32639
32641
32654
32662
32665
32667
32673
32675
32682
32683
32692
32695
32698
32699
32701
32707
32711
32712
32713
32718
32719
32724
32731
32732
32736
32737
32741
32746
32747
32755
32758
32759
32766
32769
32770
32773
32780
32784
32785
32788
32790
32792
32794
32795
32796
32799
32807
32813
32814
32815
32816
32817
32820
32822
32825
32838
32839
32845
32849
32854
32864
32865
32866
32870
32872
32876
32877
32878
32880
32882
32883
32885
32890
32895
32903
32904
32905
32907
32908
32909
32910
32919
32924
32925
32926
32929
32930
32932
32933
32938
32939
32945
32948
32952
32953
32954
32955
32958
32960
32963
32966
32970
32971
32972
32974
32975
32981
32983
32987
32990
32991
32992
32994
32996
33001
33002
33003
33004
33008
33011
33013
33015
33019
33021
33022
33025
33039
33041
33049
33055
33067
33070
33074
33079
33080
33084
33085
33086
33090
33091
33092
33094
33096
33100
33102
33103
33106
33114
33115
33116
33117
33118
33128
33129
33132
33145
33146
33157
33158
33160
33164
33169
33171
33172
33175
33176
33184
33189
33190
33192
33195
33198
33202
33204
33208
33212
33213
33215
33216
33218
33224
33226
33227
33229
33231
33239
33240
33243
33245
33248
33251
33252
33258
33262
33263
33265
33267
33268
33269
33272
33273
33278
33281
33284
33285
33287
33290
33291
33295
33297
33298
33300
33303
33304
33307
33310
33315
33318
33322
33330
33331
33333
33334
33335
33337
33338
33342
33344
33348
33354
33358
33359
33362
33368
33375
33376
33379
33382
33384
33388
33394
33395
33399
33403
33404
33406
33408
33413
33420
33422
33423
33425
33429
33433
33441
33444
33445
33452
33454
33456
33458
33460
33461
33463
33474
33477
33478
33479
33480
33483
33486
33491
33497
33502
33503
33505
33507
33510
33511
33518
33519
33520
33524
33526
33527
33528
33529
33531
33533
33538
33540
33547
33549
33550
33552
33555
33557
33563
33564
33574
33580
33582
33584
33587
33593
33594
33596
33598
33599
33600
33602
33603
33604
33607
33622
33623
33634
33639
33643
33644
33645
33646
33648
33650
33652
33654
33655
33656
33657
33665
33666
33667
33670
33673
33675
33676
33679
33683
33694
33695
33697
33699
33700
33701
33705
33712
33714
33715
33716
33717
33721
33727
33728
33730
33734
33737
33738
33743
33745
33746
33747
33750
33758
33761
33764
33765
33767
33778
33781
33783
33784
33787
33792
33795
33796
33797
33798
33800
33805
33808
33809
33811
33814
33817
33819
33827
33828
33829
33836
33839
33842
33843
33846
33848
33851
33852
33857
33862
33863
33865
33866
33867
33870
33871
33872
33879
33880
33881
33882
33884
33887
33890
33891
33893
33895
33897
33898
33899
33900
33903
33906
33910
33912
33913
33916
33918
33921
33922
33925
33926
33929
33931
33934
33936
33937
33938
33941
33947
33948
33954
33957
33958
33959
33960
33961
33963
33967
33968
33972
33979
33981
33982
33984
33990
33994
33995
34000
34002
34004
34006
34008
34012
34013
34017
34018
34019
34020
34021
34022
34023
34024
34025
34026
34027
34028
34029
34030
34037
34038
34040
34041
34042
34044
34046
34048
34049
34050
34052
34058
34059
34060
34063
34065
34068
34071
34073
34074
34077
34080
34081
34082
34083
34084
34090
34091
34094
34097
34098
34101
34103
34104
34105
34111
34115
34118
34119
34120
34121
34122
34125
34128
34129
34130
34131
34132
34133
34134
34135
34137
34140
34142
34143
34145
34146
34149
34158
34159
34161
34163
34166
34167
34173
34174
34175
34184
34185
34187
34190
34193
34195
34198
34199
34200
34202
34204
34207
34209
34211
34212
34214
34215
34217
34218
34219
34222
34225
34226
34227
34236
34237
34238
34239
34240
34241
34245
34247
34251
34256
34258
34260
34267
34268
34271
34272
34274
34276
34277
34279
34280
34281
34283
34286
34287
34288
34295
34297
34301
34302
34303
34306
34307
34309
34310
34311
34315
34319
34320
34324
34326
34328
34329
34330
34331
34332
34333
34335
34337
34339
34341
34342
34344
34348
34350
34356
34357
34358
34360
34362
34366
34367
34368
34372
34373
34376
34378
34380
34382
34383
34385
34386
34387
34397
34398
34399
34401
34403
34404
34406
34408
34410
34413
34414
34418
34423
34427
34428
34432
34433
34434
34436
34438
34439
34441
34442
34443
34444
34449
34450
34454
34456
34457
34458
34463
34470
34471
34473
34474
34475
34476
34484
34485
34486
34487
34488
34493
34495
34501
34502
34504
34505
34510
34512
34513
34515
34516
34519
34520
34522
34523
34526
34527
34528
34529
34530
34531
34532
34534
34535
34540
34546
34547
34548
34549
34551
34553
34554
34555
34556
34558
34560
34561
34562
34565
34567
34570
34571
34572
34573
34574
34575
34578
34580
34581
34582
34585
34586
34588
34589
34592
34593
34595
34596
34597
34598
34601
34602
34603
34606
34608
34609
34612
34613
34615
34616
34619
34620
34621
34623
34626
34627
34628
34629
34631
34635
34639
34640
34641
34643
34644
34646
34647
34648
34649
34652
34653
34659
34664
34665
34666
34669
34670
34671
34672
34673
34674
34675
34677
34679
34680
34681
34682
34683
34684
34688
34689
34690
34691
34692
34693
34696
34698
34699
34701
34702
34704
34706
34707
34708
34709
34711
34712
34714
34716
34717
34719
34724
34725
34726
34727
34729
34730
34731
34734
34735
34736
34740
34741
34742
34746
34748
34751
34752
34753
34756
34759
34760
34761
34762
34765
34767
34769
34771
34772
34773
34774
34778
34780
34781
34782
34783
34784
34787
34788
34792
34793
34796
34798
34799
34802
34805
34806
34807
34808
34814
34815
34817
34819
34820
34822
34826
34828
34829
34832
34833
34835
34838
34839
34840
34842
34845
34846
34849
34850
34852
34853
34857
34860
34861
34862
34865
34866
34867
34868
34869
34870
34873
34876
34878
34879
34881
34882
34883
34887
34889
34892
34893
34894
34895
34896
34897
34899
34900
34901
34903
34905
34906
34910
34911
34912
34914
34915
34916
34918
34921
34922
34923
34924
34927
34929
34931
34933
34936
34937
34938
34939
34940
34942
34943
34946
34948
34950
34951
34953
34955
34956
34957
34958
34959
34960
34961
34962
34964
34967
34968
34969
34972
34973
34974
34976
34978
34980
34981
34984
34986
34988
34990
34991
34992
34993
34994
34997
34999
35000
35001
35002
35003
35004
35008
35009
35010
35014
35015
35016
35019
35022
35024
35025
35028
35030
35031
35034
35037
35039
35042
35043
35044
35045
35046
35047
35048
35049
35050
35052
35054
35055
35056
35057
35058
35060
35062
35063
35065
35066
35067
35070
35074
35075
35076
35080
35083
35084
35087
35089
35090
35091
35093
35095
35096
35101
35102
35103
35104
35105
35107
35109
35110
35113
35116
35117
35118
35119
35121
35124
35125
35127
35129
35131
35133
35135
35136
35137
35139
35141
35142
35143
35144
35146
35147
35149
35150
35152
35153
35155
35159
35162
35164
35165
35166
35167
35168
35169
35171
35172
35173
35179
35181
35182
35183
35186
35188
35190
35192
35195
35196
35197
35199
35202
35203
35205
35207
35208
35209
35210
35211
35212
35214
35216
35217
35218
35220
35221
35225
35227
35228
35229
35231
35232
35233
35234
35235
35236
35237
35240
35241
35242
35243
35246
35248
35250
35251
35252
35253
35255
35256
35258
35259
35260
35261
35262
35265
35266
35267
35268
35269
35272
35274
35275
35277
35278
35279
35282
35283
35284
35285
35287
35288
35289
35290
35292
35301
35304
35305
35306
35307
35308
35310
35311
35312
35314
35315
35316
35318
35319
35320
35322
35323
35324
35327
35328
35330
35333
35337
35338
35339
35340
35341
35342
35344
35345
35346
35347
35349
35350
35351
35353
35354
35355
35358
35359
35360
35362
35363
35364
35365
35367
35369
35370
35373
35374
35376
35377
35379
35380
35381
35382
35384
35385
35389
35392
35393
35394
35403
35406
35408
35412
35414
35415
35416
35417
35424
35432
35434
35435
35447
35448
35449
35450
35451
35452
35457
35469
35471
35475
35483
35487
35489
35490
35501
35502
35503
35504
35516
35522
35531
35532
35533
35535
35544
35548
35553
35560
35564
35566
35567
35589
35607
35621
35627
35639
35642
35646
35647
35649
35658
35660
35664
35668
35675
35680
35683
35684
35685
35692
35704
35723
35729
35732
35733
35734
35749
35762
35784
35786
35801
35803
35809
35818
35826
35843
35865
35866
35874
35881
35883
35896
35897
35900
35903
35905
35907
35908
35909
35910
35911
35913
35914
35919
35924
35926
35929
35931
35932
35937
35950
35964
35987
36001
36003
36019
36020
36044
36046
36051
36055
36056
36058
36059
36089
36092
36095
36096
36099
36100
36101
36102
36103
36108
36109
36121
36126
36139
36152
36164
36165
36166
36185
36186
36192
36193
36205
36208
36210
36223
36226
36232
36234
36235
36236
36243
36246
36249
36262
36264
36282
36286
36291
36292
36295
36307
36309
36330
36337
36342
36353
36358
36371
36372
36375
36376
36378
36380
36391
36398
36408
36412
36413
36430
36439
36440
36452
36458
36460
36474
36477
36491
36501
36508
36510
36531
36564
36574
36579
36581
36582
36587
36596
36627
36641
36650
36652
36653
36655
36658
36660
36662
36663
36664
36666
36669
36670
36671
36673
36677
36679
36680
36681
36682
36683
36685
36687
36689
36690
36694
36711
36712
36714
36715
36719
36725
36738
36772
36778
36783
36793
36795
36798
36800
36802
36805
36827
36837
36839
36849
36851
36852
36855
36859
36862
36864
36878
36880
36883
36886
36891
36894
36898
36900
36904
36908
36909
36918
36919
36923
36926
36933
36935
36939
36940
36942
36945
36960
36961
36962
36965
36967
36970
36972
36983
36986
36987
36992
36993
36995
36996
37000
37002
37003
37004
37006
37012
37025
37029
37030
37032
37033
37034
37035
37037
37039
37041
37042
37043
37044
37045
37046
37049
37051
37053
37057
37058
37059
37062
37065
37066
37069
37072
37073
37075
37076
37077
37078
37080
37081
37082
37083
37088
37090
37092
37093
37094
37095
37097
37098
37099
37103
37105
37109
37110
37113
37114
37115
37119
37121
37123
37125
37126
37127
37129
37133
37135
37138
37141
37143
37145
37146
37147
37148
37152
37153
37154
37155
37156
37157
37158
37159
37160
37161
37163
37164
37165
37166
37169
37171
37174
37175
37176
37177
37178
37179
37180
37181
37183
37184
37185
37186
37187
37191
37193
37195
37196
37198
37199
37201
37202
37204
37205
37207
37209
37211
37212
37215
37216
37217
37218
37219
37220
37221
37222
37224
37225
37226
37227
37228
37230
37233
37235
37236
37239
37241
37242
37244
37245
37246
37247
37249
37250
37251
37252
37254
37255
37256
37258
37261
37262
37263
37271
37291
37295
37299
37300
37313
37317
37325
37326
37329
37331
37332
37333
37341
37343
37346
37355
37360
37384
37392
37400
37402
37412
37427
37442
37454
37469
37476
37488
37490
37495
37498
37501
37504
37518
37522
37535
37537
37540
37541
37542
37546
37547
37549
37562
37563
37564
37566
37567
37571
37572
37573
37575
37578
37582
37583
37584
37586
37591
37593
37595
37598
37601
37602
37603
37604
37605
37606
37607
37608
37613
37620
37621
37622
37625
37630
37632
37635
37636
37639
37643
37650
37652
37661
37667
37670
37672
37674
37677
37678
37686
37687
37690
37691
37692
37699
37711
37714
37718
37722
37723
37726
37729
37732
37733
37734
37735
37736
37737
37738
37741
37748
37750
37753
37755
37761
37768
37770
37772
37773
37774
37780
37781
37782
37785
37788
37791
37792
37793
37794
37795
37804
37806
37816
37819
37820
37829
37831
37832
37840
37841
37845
37847
37851
37855
37862
37864
37865
37867
37869
37870
37875
37880
37883
37894
37911
37933
37935
37937
37940
37941
37943
37944
37945
37952
37954
37956
37957
37958
37961
37963
37967
37972
37979
37980
37982
37983
37984
37985
37987
37989
37994
37999
38001
38003
38005
38007
38011
38019
38023
38040
38042
38044
38047
38049
38051
38052
38054
38059
38060
38061
38063
38064
38065
38066
38067
38069
38072
38076
38077
38078
38079
38082
38083
38085
38086
38087
38088
38091
38095
38096
38097
38101
38104
38105
38113
38115
38121
38125
38132
38136
38137
38138
38139
38140
38142
38144
38145
38148
38149
38150
38155
38156
38157
38166
38167
38176
38181
38182
38187
38190
38202
38204
38205
38208
38216
38217
38220
38223
38230
38231
38232
38235
38237
38238
38242
38254
38257
38260
38262
38268
38276
38277
38286
38287
38290
38294
38301
38302
38303
38304
38305
38306
38307
38308
38315
38316
38320
38321
38322
38324
38327
38329
38330
38335
38337
38341
38342
38343
38345
38346
38347
38353
38354
38355
38356
38357
38365
38367
38368
38369
38370
38372
38373
38374
38376
38377
38378
38381
38382
38383
38384
38385
38390
38391
38394
38395
38397
38399
38401
38403
38407
38409
38413
38416
38417
38418
38419
38421
38422
38424
38426
38428
38429
38430
38431
38433
38434
38435
38436
38440
38441
38446
38447
38448
38452
38454
38457
38458
38459
38460
38462
38464
38465
38467
38469
38474
38475
38476
38479
38482
38483
38484
38485
38486
38488
38489
38490
38493
38494
38496
38500
38503
38505
38507
38508
38509
38510
38512
38514
38516
38517
38519
38520
38521
38522
38523
38524
38525
38527
38529
38540
38541
38543
38544
38545
38551
38553
38556
38561
38565
38577
38584
38586
38587
38588
38603
38607
38617
38621
38631
38632
38633
38649
38651
38656
38657
38658
38663
38666
38671
38684
38685
38689
38698
38700
38701
38706
38713
38715
38720
38721
38722
38730
38737
38738
38740
38741
38742
38743
38745
38748
38759
38763
38764
38765
38769
38770
38788
38790
38791
38802
38805
38810
38814
38817
38822
38827
38833
38837
38838
38840
38844
38848
38854
38867
38871
38875
38878
38879
38880
38881
38893
38914
38917
38920
38921
38935
38954
38962
38964
38966
38969
38970
38976
38977
38991
39000
39006
39008
39029
39040
39049
39060
39067
39081
39085
39091
39099
39111
39114
39123
39128
39132
39138
39139
39140
39141
39145
39152
39161
39165
39169
39170
39172
39176
39191
39213
39218
39221
39227
39230
39231
39240
39242
39245
39254
39255
39259
39268
39275
39276
39278
39284
39296
39298
39311
39317
39321
39322
39328
39334
39347
39348
39354
39383
39385
39397
39399
39401
39417
39432
39446
39447
39460
39462
39465
39467
39468
39469
39472
39475
39492
39535
39548
39579
39582
39586
39595
39598
39600
39601
39606
39612
39616
39618
39621
39628
39634
39636
39655
39656
39660
39683
39702
39708
39716
39718
39720
39723
39727
39729
39732
39734
39738
39742
39745
39746
39747
39749
39753
39757
39760
39761
39762
39771
39775
39782
39783
39786
39794
39796
39798
39809
39824
39827
39831
39853
39857
39859
39871
39872
39879
39883
39892
39893
39894
39899
39907
39916
39924
39926
39930
39932
39933
39937
39938
39941
39942
39952
39956
39957
39961
39963
39964
39965
39969
39970
39975
39976
39977
39982
39987
39988
40002
40003
40004
40010
40011
40013
40014
40016
40030
40034
40040
40044
40045
40047
40048
40050
40052
40053
