40056
40060
40066
40069
40070
40082
40093
40095
40096
40099
40104
40112
40113
40123
40124
40127
40128
40146
40147
40148
40162
40164
40165
40166
40173
40176
40178
40179
40181
40182
40184
40188
40193
40194
40195
40201
40208
40213
40214
40218
40220
40221
40227
40229
40236
40240
40243
40249
40250
40252
40254
40256
40257
40260
40263
40264
40267
40271
40272
40273
40278
40285
40287
40288
40290
40291
40294
40296
40297
40300
40308
40310
40315
40322
40326
40327
40335
40342
40348
40353
40358
40364
40366
40367
40372
40373
40375
40377
40378
40379
40380
40382
40385
40388
40391
40392
40397
40406
40408
40409
40410
40411
40417
40418
40424
40429
40432
40433
40434
40437
40439
40444
40445
40448
40455
40456
40457
40463
40466
40467
40471
40472
40473
40478
40479
40480
40488
40490
40492
40497
40498
40501
40504
40509
40515
40520
40524
40535
40536
40537
40539
40543
40546
40549
40554
40555
40556
40559
40561
40565
40571
40572
40574
40575
40584
40585
40587
40590
40591
40592
40595
40596
40598
40600
40606
40609
40610
40613
40615
40616
40617
40618
40621
40622
40625
40627
40628
40629
40639
40640
40642
40646
40648
40653
40654
40658
40662
40669
40673
40674
40675
40678
40681
40682
40683
40690
40695
40696
40697
40700
40701
40704
40705
40706
40711
40721
40726
40727
40729
40731
40735
40738
40740
40742
40745
40746
40747
40749
40751
40757
40758
40764
40766
40767
40769
40770
40774
40775
40778
40781
40782
40783
40785
40788
40790
40791
40793
40794
40799
40800
40801
40802
40806
40809
40813
40814
40815
40817
40819
40822
40823
40825
40826
40827
40829
40831
40834
40835
40836
40841
40843
40846
40851
40853
40855
40856
40857
40859
40860
40862
40863
40864
40868
40869
40870
40875
40880
40881
40883
40885
40890
40891
40894
40896
40900
40902
40903
40904
40905
40906
40907
40908
40909
40911
40912
40914
40915
40916
40917
40919
40920
40921
40922
40923
40926
40927
40928
40929
40931
40933
40934
40935
40936
40938
40939
40940
40942
40943
40944
40945
40946
40951
40952
40953
40954
40956
40957
40958
40960
40961
40965
40966
40967
40969
40970
40971
40972
40973
40977
40978
40980
40983
40989
40990
40991
41002
41003
41015
41019
41025
41029
41033
41043
41052
41057
41059
41061
41070
41075
41081
41083
41085
41088
41090
41091
41092
41093
41100
41112
41116
41118
41120
41125
41128
41132
41141
41145
41150
41151
41156
41166
41168
41170
41171
41172
41186
41192
41197
41199
41200
41202
41203
41204
41206
41210
41212
41213
41215
41218
41225
41226
41227
41231
41232
41240
41241
41242
41263
41264
41270
41287
41290
41291
41304
41309
41312
41314
41315
41317
41326
41332
41343
41352
41357
41368
41369
41396
41403
41405
41409
41413
41421
41428
41430
41433
41437
41438
41439
41440
41450
41458
41459
41461
41465
41469
41484
41485
41487
41496
41497
41504
41510
41514
41516
41518
41519
41520
41524
41530
41535
41551
41552
41557
41563
41565
41567
41571
41573
41574
41580
41587
41612
41613
41614
41616
41617
41619
41624
41626
41632
41634
41640
41645
41648
41650
41658
41661
41666
41669
41673
41681
41684
41685
41689
41691
41709
41717
41720
41721
41723
41728
41729
41731
41733
41737
41748
41757
41762
41764
41766
41767
41768
41775
41777
41780
41786
41792
41797
41801
41805
41806
41809
41810
41812
41815
41822
41837
41838
41856
41859
41865
41869
41872
41873
41874
41886
41889
41891
41893
41894
41895
41900
41905
41908
41915
41937
41940
41948
41956
41966
41971
41979
41980
41987
41997
42009
42019
42020
42023
42029
42031
42036
42055
42061
42062
42063
42070
42076
42078
42082
42090
42092
42099
42109
42112
42118
42127
42128
42133
42145
42149
42153
42154
42165
42167
42168
42169
42172
42173
42187
42196
42214
42232
42233
42234
42242
42243
42245
42256
42259
42260
42261
42262
42281
42283
42285
42291
42292
42293
42315
42321
42323
42324
42327
42330
42333
42335
42336
42340
42341
42342
42356
42359
42371
42389
42396
42401
42410
42418
42428
42432
42448
42450
42468
42476
42487
42491
42503
42505
42509
42513
42514
42516
42518
42531
42543
42545
42548
42550
42566
42571
42574
42577
42586
42589
42592
42593
42594
42601
42602
42606
42608
42609
42621
42622
42624
42628
42632
42634
42635
42636
42641
42654
42655
42657
42658
42671
42673
42679
42681
42682
42683
42694
42695
42705
42706
42707
42713
42717
42719
42722
42730
42749
42756
42771
42777
42780
42786
42787
42793
42804
42810
42812
42823
42824
42825
42826
42833
42834
42835
42841
42845
42851
42863
42864
42870
42871
42872
42873
42876
42885
42886
42887
42888
42895
42908
42910
42914
42915
42917
42933
42937
42938
42940
42950
42951
42953
42958
42960
42961
42962
42976
42977
42985
43000
43002
43008
43009
43011
43012
43014
43018
43026
43030
43034
43037
43038
43048
43049
43050
43053
43054
43057
43059
43062
43067
43068
43069
43072
43074
43076
43082
43086
43090
43091
43097
43108
43115
43121
43122
43123
43126
43128
43139
43153
43165
43169
43170
43172
43179
43180
43189
43202
43218
43220
43221
43226
43232
43236
43239
43241
43261
43264
43265
43267
43271
43273
43285
43286
43287
43292
43294
43312
43313
43324
43325
43326
43329
43343
43344
43350
43351
43352
43354
43360
43361
43364
43380
43387
43388
43393
43400
43402
43404
43409
43411
43412
43420
43426
43431
43432
43433
43435
43436
43443
43444
43449
43450
43452
43454
43456
43463
43465
43468
43472
43473
43474
43475
43476
43484
43487
43489
43490
43496
43498
43500
43501
43506
43509
43511
43521
43527
43533
43536
43541
43548
43549
43560
43565
43568
43569
43575
43577
43581
43583
43586
43587
43592
43593
43611
43618
43620
43621
43629
43651
43656
43659
43660
43661
43663
43667
43676
43677
43678
43681
43692
43714
43718
43735
43747
43750
43751
43753
43768
43771
43774
43775
43787
43793
43796
43799
43801
43802
43804
43812
43813
43814
43816
43819
43844
43846
43850
43852
43857
43860
43863
43866
43873
43874
43875
43876
43881
43889
43893
43897
43898
43901
43902
43903
43904
43909
43911
43917
43918
43931
43945
43949
43956
43957
43969
43973
43974
43975
43976
43982
43983
43989
43994
44000
44004
44007
44009
44010
44011
44013
44014
44015
44031
44033
44036
44037
44039
44041
44042
44043
44045
44055
44058
44061
44063
44065
44066
44071
44076
44078
44092
44093
44094
44099
44100
44101
44112
44124
44126
44127
44128
44133
44139
44146
44147
44154
44165
44166
44167
44189
44193
44197
44213
44216
44225
44240
44244
44246
44247
44258
44275
44276
44277
44278
44280
44281
44298
44311
44312
44314
44320
44321
44322
44324
44365
44380
44387
44395
44396
44397
44400
44401
44402
44403
44415
44428
44430
44444
44449
44454
44456
44457
44460
44467
44482
44483
44487
44493
44500
44502
44516
44529
44534
44537
44553
44568
44569
44572
44593
44598
44604
44606
44608
44609
44610
44613
44615
44616
44617
44626
44634
44643
44645
44649
44650
44657
44661
44663
44670
44675
44677
44682
44684
44693
44694
44700
44713
44734
44736
44737
44740
44752
44753
44761
44764
44778
44781
44784
44785
44799
44800
44802
44805
44806
44811
44813
44815
44819
44847
44854
44858
44861
44889
44890
44894
44911
44912
44918
44919
44938
44940
44945
44952
44956
44979
44980
44984
44985
44986
44987
44988
44991
44994
44997
45000
45001
45003
45015
45017
45018
45020
45021
45022
45028
45034
45036
45039
45041
45045
45048
45055
45057
45058
45063
45066
45068
45074
45077
45079
45081
45082
45086
45089
45092
45101
45102
45105
45106
45107
45109
45111
45113
45114
45115
45116
45120
45122
45123
45125
45131
45135
45137
45139
45141
45147
45155
45156
45160
45161
45162
45164
45166
45168
45169
45172
45176
45188
45193
45194
45195
45199
45202
45218
45220
45228
45229
45234
45238
45245
45247
45250
45255
45258
45259
45261
45263
45264
45268
45269
45270
45273
45274
45275
45278
45280
45283
45284
45285
45303
45321
45326
45327
45343
45353
45362
45368
45374
45377
45399
45413
45434
45437
45461
45497
45499
45500
45519
45531
45547
45548
45589
45596
45628
45631
45680
45682
45693
45700
45707
45726
45762
45772
45776
45785
45788
45814
45825
45849
45860
45863
45865
45869
45878
45883
45892
45902
45907
45911
45914
45919
45920
45924
45925
45929
45930
45931
45934
45935
45939
45942
45946
45951
45957
45959
45961
45963
45965
45967
45968
45971
45973
45974
45975
45976
45980
45982
45983
45995
45996
46004
46005
46006
46010
46011
46019
46023
46025
46027
46029
46030
46031
46035
46037
46038
46040
46042
46043
46045
46047
46048
46051
46052
46053
46057
46058
46059
46060
46061
46064
46066
46075
46076
46077
46079
46081
46083
46087
46088
46089
46094
46095
46098
46099
46100
46101
46102
46108
46110
46111
46114
46123
46132
46134
46154
46168
46169
46180
46233
46261
46288
46289
46290
46306
46307
46317
46322
46331
46336
46343
46344
46345
46363
46394
46397
46401
46422
46442
46457
46466
46480
46539
46544
46550
46557
46590
46607
46612
46615
46619
46624
46628
46631
46637
46639
46640
46643
46645
46646
46648
46650
46651
46656
46662
46664
46665
46668
46669
46673
46674
46675
46676
46678
46679
46684
46685
46688
46690
46693
46695
46697
46698
46699
46700
46701
46702
46704
46706
46707
46708
46711
46712
46715
46716
46719
46721
46722
46723
46724
46725
46726
46727
46728
46729
46730
46731
46732
46735
46736
46739
46744
46745
46747
46748
46749
46751
46752
46753
46754
46759
46760
46761
46765
46766
46767
46768
46769
46770
46773
46774
46775
46776
46778
46781
46782
46783
46785
46786
46787
46788
46789
46792
46793
46794
46796
46797
46798
46800
46803
46804
46805
46806
46814
46860
46864
46881
46882
46902
46914
46916
46921
46926
46950
46954
46958
46959
46969
46979
46987
46999
47004
47011
47026
47031
47034
47036
47044
47046
47056
47058
47059
47067
47068
47070
47079
47084
47089
47090
47091
47098
47099
47104
47108
47111
47116
47119
47120
47125
47128
47135
47145
47146
47157
47158
47159
47160
47161
47163
47165
47166
47168
47169
47170
47171
47172
47173
47176
47226
47275
47276
47286
47291
47297
47328
47352
47390
47403
47404
47437
47440
47452
47462
47472
47473
47490
47491
47494
47495
47502
47508
47516
47557
47558
47562
47563
47578
47582
47585
47587
47588
47606
47626
47640
47672
47690
47721
47730
47740
47742
47763
47764
47765
47766
47779
47788
47791
47798
47801
47807
47808
47817
47818
47819
47827
47828
47830
47833
47853
47880
47882
47883
47885
47888
47891
47896
47904
47906
47911
47918
47920
47927
47939
47942
47943
47944
47945
47946
47949
47950
47951
47969
47972
47984
47985
47988
47990
47994
47995
47998
48000
48002
48003
48004
48005
48007
48010
48013
48015
48016
48019
48027
48040
48041
48054
48058
48059
48061
48068
48074
48075
48091
48092
48096
48110
48111
48117
48136
48146
48149
48153
48154
48160
48164
48166
48168
48169
48177
48180
48188
48189
48192
48198
48205
48206
48217
48222
48226
48233
48242
48258
48268
48270
48274
48280
48284
48297
48298
48305
48312
48317
48337
48345
48347
48349
48350
48369
48370
48373
48375
48376
48379
48380
48383
48384
48385
48394
48400
48402
48416
48417
48418
48419
48420
48424
48436
48442
48443
48445
48448
48449
48466
48472
48475
48481
48484
48487
48491
48496
48497
48500
48501
48502
48508
48515
48516
48517
48524
48526
48529
48540
48543
48548
48549
48550
48551
48552
48557
48559
48560
48562
48566
48571
48572
48582
48585
48592
48604
48615
48617
48620
48621
48625
48630
48631
48640
48645
48646
48649
48651
48656
48659
48663
48665
48666
48668
48678
48680
48682
48688
48689
48691
48694
48696
48697
48698
48699
48700
48701
48706
48707
48711
48713
48715
48719
48720
48722
48727
48739
48744
48748
48751
48754
48757
48767
48770
48775
48779
48780
48784
48788
48789
48796
48797
48804
48807
48808
48816
48820
48822
48824
48825
48831
48833
48834
48836
48838
48841
48842
48843
48847
48849
48851
48852
48853
48854
48857
48858
48862
48864
48868
48873
48876
48879
48880
48881
48883
48888
48890
48896
48898
48905
48910
48911
48916
48926
48927
48930
48931
48932
48935
48938
48942
48943
48946
48948
48953
48956
48958
48962
48963
48965
48969
48975
48978
48984
48985
48987
48989
49009
49015
49018
49023
49025
49049
49051
49053
49064
49083
49085
49089
49100
49108
49111
49112
49115
49117
49132
49141
49142
49144
49147
49155
49158
49164
49165
49171
49175
49200
49217
49219
49221
49222
49223
49228
49237
49251
49254
49255
49258
49260
49261
49264
49266
49272
49273
49277
49278
49287
49291
49305
49307
49309
49323
49327
49338
49343
49345
49349
49367
49369
49370
49371
49372
49377
49385
49386
49387
49392
49399
49402
49404
49417
49423
49435
49441
49455
49456
49469
49470
49473
49476
49478
49489
49492
49497
49498
49500
49501
49505
49507
49509
49517
49519
49537
49562
49578
49580
49582
49583
49586
49602
49607
49623
49627
49629
49643
49644
49657
49689
49711
49724
49725
49726
49732
49736
49738
49756
49766
49768
49770
49774
49775
49784
49787
49789
49811
49813
49816
49817
49831
49833
49834
49842
49856
49857
49872
49873
49878
49879
49880
49881
49900
49907
49932
49934
49937
49949
49952
49953
49954
49955
49959
49960
49970
49971
49972
49974
49976
49978
49979
49982
49984
49985
49989
49994
49999
50004
50006
50007
50008
50011
50018
50020
50021
50025
50026
50027
50032
50035
50038
50039
50042
50052
50062
50078
50079
50084
50085
50086
50087
50088
50089
50090
50092
50096
50097
50100
50108
50109
50114
50115
50116
50117
50118
50119
50120
50121
50125
50127
50129
50130
50131
50132
50134
50137
50139
50141
50142
50143
50144
50146
50147
50148
50149
50152
50155
50156
50157
50158
50161
50164
50165
50168
50169
50170
50173
50175
50177
50178
50179
50183
50185
50186
50187
50190
50192
50194
50196
50197
50199
50200
50201
50203
50204
50205
50206
50207
50209
50210
50212
50213
50216
50217
50218
50219
50220
50221
50228
50230
50232
50238
50240
50241
50248
50249
50250
50251
50252
50261
50262
50264
50268
50269
50274
50275
50277
50286
50288
50290
50291
50294
50295
50296
50298
50299
50301
50302
50306
50307
50313
50314
50317
50318
50321
50325
50326
50327
50328
50330
50334
50335
50336
50337
50342
50343
50347
50348
50349
50350
50351
50352
50354
50355
50358
50360
50362
50363
50373
50374
50377
50379
50380
50381
50382
50383
50384
50385
50387
50390
50391
50393
50395
50398
50399
50402
50403
50404
50405
50406
50408
50409
50410
50413
50414
50415
50416
50417
50419
50420
50422
50424
50426
50428
50429
50430
50431
50433
50434
50441
50442
50443
50444
50447
50449
50451
50452
50453
50455
50457
50458
50459
50460
50462
50463
50464
50465
50466
50467
50468
50470
50471
50472
50473
50474
50475
50476
50477
50478
50480
50482
50483
50486
50491
50492
50493
50494
50497
50498
50500
50501
50502
50503
50504
50505
50507
50508
50509
50510
50511
50512
50521
50523
50525
50528
50536
50541
50545
50562
50564
50565
50580
50581
50582
50585
50594
50605
50609
50612
50617
50621
50623
50631
50632
50637
50640
50646
50647
50653
50658
50660
50661
50662
50672
50686
50689
50691
50693
50701
50712
50717
50723
50726
50727
50736
50741
50742
50745
50752
50756
50762
50763
50764
50774
50782
50785
50794
50795
50805
50812
50816
50842
50848
50849
50852
50857
50893
50895
50902
50904
50911
50916
50925
50929
50935
50938
50942
50945
50946
50949
50951
50952
50953
50955
50958
50961
50962
50963
50969
50977
50995
50997
50998
51002
51013
51027
51030
51032
51036
51042
51048
51049
51058
51061
51067
51075
51080
51081
51089
51094
51095
51099
51102
51106
51116
51119
51120
51126
51127
51143
51145
51146
51147
51168
51169
51181
51186
51188
51194
51203
51205
51206
51207
51211
51221
51222
51223
51229
51236
51251
51255
51256
51264
51300
51314
51315
51322
51327
51329
51330
51331
51333
51340
51344
51351
51353
51360
51369
51373
51383
51402
51406
51411
51430
51437
51441
51448
51459
51469
51472
51478
51480
51481
51488
51491
51507
51510
51511
51526
51528
51531
51562
51563
51573
51575
51579
51590
51592
51593
51596
51598
51618
51624
51625
51627
51630
51632
51638
51642
51645
51646
51651
51652
51653
51654
51655
51656
51658
51668
51670
51672
51677
51685
