46817
10614
48522
26354
40766
19603
2149
47232
29837
29055
45193
14242
27762
1022
42343
41323
43251
17895
41993
4336
6220
27878
43387
5849
24301
24654
11825
816
24477
34675
513
12909
21712
12547
1299
26550
20455
28596
30343
36656
17892
48079
11637
33259
35651
32044
3742
15353
19216
25831
10600
17015
44677
15308
49351
8765
49434
42754
3743
49863
49171
47311
26436
43197
15335
7638
45028
15461
33608
8686
51682
7718
24457
40408
14946
16285
41984
25200
14204
16120
22846
926
33556
15535
2189
47506
36018
46023
27879
40444
18199
47921
39324
37343
32171
42981
38505
21626
13546
10568
17702
29499
250
15721
37737
9711
45786
36169
17206
5574
42354
48711
22418
8936
16992
42100
29058
33076
41832
10954
33937
29073
15024
36870
44374
19737
6505
42097
41345
40069
4620
43850
43583
26725
43302
10150
2201
26350
23840
28186
38346
19185
17977
24178
30196
10559
21406
48461
3665
11330
33950
30895
50858
49838
5123
27678
18435
49760
10625
38969
22639
51372
6167
15407
12240
21058
7995
42598
2410
48667
12661
21351
45327
24590
25561
47734
29339
49523
20216
27756
1406
9233
30018
44888
12231
10285
22688
40913
26098
16324
20550
18360
7050
3744
38990
31307
24609
40683
1686
33451
47639
115
35167
12912
45044
28840
3935
14013
44793
28304
31119
5620
9540
49731
2850
32371
24371
40627
19896
18331
46076
23506
38971
5284
38977
20860
51684
22554
40561
19001
34311
32016
43205
6283
8194
50188
25013
5771
15213
21498
5359
36716
50210
32796
46192
33383
38897
19893
32073
8843
34942
17963
13038
4703
48594
49625
36170
26266
33930
21443
51583
27738
28792
14201
5439
45332
42233
41639
47771
38026
49790
41924
4610
21080
10179
27291
21749
35560
16914
43621
4408
49791
35815
30225
44149
12059
28484
33456
10555
16126
1210
43407
38913
15319
6989
48832
21024
10599
39135
11022
14816
27397
19264
11939
40152
31525
18833
4136
44749
15825
26
38142
8948
21543
48728
22445
14068
46783
22374
13613
34368
19072
12957
5680
41441
41157
14504
3687
46845
38198
24815
222
24682
279
16885
45465
15490
31559
33509
43472
17171
34808
32040
9593
28747
34554
35404
1889
3042
24104
40210
49761
14684
7250
45870
9405
11972
31979
42736
22464
49528
46376
31786
15013
16144
8243
46705
28378
29691
7772
15147
29670
44322
14141
49278
43899
3666
10278
20626
49476
30359
43415
38567
20855
29786
29163
36521
36743
34806
28628
13833
31690
17786
8139
638
2641
47912
5201
22514
17455
19611
16382
27910
26238
2174
9566
28729
49315
44818
24363
22540
46271
23214
13036
11438
15851
32097
36780
27096
33407
37609
21928
28937
42937
7906
29728
47375
49776
33167
9084
22094
24778
3490
6909
17888
31301
1129
538
20446
24266
3954
50370
42797
30960
33415
7655
39683
25853
21124
16214
50700
41688
2861
29248
3527
48919
4188
18251
49009
8297
22067
4944
34479
362
34944
10190
36188
9187
39211
25615
2429
5703
17896
9074
3005
33856
17539
5687
46206
15635
13538
24387
45651
42706
5071
27552
21757
27310
23727
35128
40411
45431
18999
41649
42257
45543
50641
16601
39835
15723
43191
48712
24389
1411
51019
26419
47245
7881
2168
29071
23907
11812
35644
7700
43848
777
13705
12893
4415
51358
21903
47146
26455
34189
39537
27621
48793
16742
29009
10853
38314
807
3951
29132
31572
12429
32404
17413
8259
14281
50701
2361
953
27964
33042
44306
5417
11019
14787
30874
51653
23734
43714
12888
41437
35304
47292
39020
9480
2244
39167
22184
21962
50033
11793
23851
22928
23900
8399
37283
29287
21742
19456
42280
19644
46848
17736
1241
26547
5594
33842
51036
51323
12805
40290
1060
25217
21493
42617
48856
3065
7028
44564
14875
49200
22850
28765
16241
49467
37272
9707
19267
50289
31793
46653
46967
40092
34860
41925
30526
3702
27263
45092
41292
24468
40323
38753
18186
36475
16493
45454
42672
26306
37260
39964
5017
1531
32547
41697
21984
46952
4440
48836
1687
9883
15826
27516
38437
39549
12851
50918
49232
19404
10368
38668
47413
38057
11353
38706
33660
44716
27115
8177
835
32305
37780
764
15255
25771
4456
27849
10376
34029
8604
328
11095
36219
33458
36639
33872
35289
36732
47308
34911
44411
3691
7429
24304
46328
49345
4646
28630
2344
5281
3965
20329
12378
22485
42429
25594
31865
23190
45212
43320
10581
735
19207
367
22427
6015
40697
34912
41946
49421
17072
20205
20301
29410
14732
45116
17481
44102
32927
34458
147
37772
18674
1429
38339
3378
23332
12582
17856
45348
7731
32113
18722
43038
6806
19822
1589
41794
19617
4722
21572
1630
23571
21882
17707
19592
1885
39822
10908
143
1108
41902
44442
30346
15673
47975
18777
16571
12413
23649
42612
1381
31734
174
9180
23574
24631
39103
46941
42329
43834
18326
38658
43200
32584
32269
27038
9154
48795
24074
20575
35648
2581
26129
33751
17608
36323
29344
9455
27272
48114
9879
21692
26484
17985
43331
50759
22852
6219
22737
16935
7433
11859
16527
9107
41384
14298
47069
1705
7428
15234
34217
48107
51183
23218
4895
46241
50733
36290
37512
5656
46105
42242
23887
1102
13182
40511
7143
38402
27708
40775
42407
20355
10537
18809
21421
49236
28281
46517
6016
25610
45961
47600
38740
28988
49589
12125
34642
4366
26128
37424
39923
1308
48623
50849
26072
17468
40822
46129
77
3386
7382
23985
9065
1928
37686
14451
49983
25529
27772
25750
3996
50789
27509
38895
47906
2510
15952
50980
3974
24086
48591
24183
31862
22201
19479
9268
28605
10125
30538
44224
46194
42420
29942
16343
25262
28554
6114
38864
21034
48458
31115
20284
8692
19049
51681
41182
32274
43853
11295
23585
19665
3683
30280
7933
9228
11165
35955
21830
865
24299
22016
2605
29840
50723
37946
49751
33397
31747
10979
1670
32307
27730
18634
34238
24260
8897
44422
39921
29536
49283
4116
49262
36943
42115
8724
41965
51387
49835
12573
25664
37110
23644
9152
50752
41445
44907
3362
44989
3075
1837
19678
16190
42609
16309
9752
8678
43601
8942
23308
30946
42469
14327
12156
45945
14341
41725
26068
3142
31500
42871
17025
51185
18911
42026
47176
40552
27980
401
41960
39485
21700
36076
23636
38739
51542
35060
3796
8459
11066
36913
36601
29151
7219
10522
16585
3460
39059
27335
39775
5686
28548
28226
13861
36205
1026
43859
29994
26355
32887
51502
7037
10575
19942
7096
14718
15201
5708
30284
37138
23099
31381
21154
26493
32959
48947
18850
46938
14053
17005
2281
40691
29887
24981
39456
35824
1175
46333
6754
21046
3823
30850
10065
50863
16027
51470
41523
9850
27982
26294
14237
31281
41894
45403
15679
4019
44586
50214
38456
33130
10708
23962
7270
43849
45728
31074
25449
47440
4798
13982
6789
31850
18767
20902
6227
39025
19562
18464
46293
14861
25029
5084
36335
12709
15903
20800
28579
2715
35113
30649
33144
28071
49986
40022
1573
15741
42992
32328
35659
33907
12949
10729
2495
7180
42760
51394
34208
49831
40355
34881
9288
22581
11497
20367
49571
967
46651
22167
44386
10394
49274
41662
30942
45447
19247
43954
48182
18923
39160
18627
12526
39492
32964
9216
36965
2760
30165
1653
837
22488
4216
7895
15095
14103
8481
22709
40922
24085
24871
31971
40362
32980
30492
8040
10374
24228
32849
25165
45178
43632
3296
16238
50662
985
35909
47768
44772
29711
42036
39420
17254
45696
20790
51113
36777
18834
6865
48035
45877
6992
11145
20935
7512
678
46488
26829
27181
24056
19539
34513
33294
50632
22425
33052
37157
14564
14192
39350
35425
17256
25264
2161
17118
23709
18731
34600
36199
16473
44959
48818
20602
9141
36807
31408
24305
47465
35023
23416
43761
50466
16048
20788
32263
13341
45020
8075
10895
6678
14988
3069
16873
1091
16333
8600
3966
29355
12435
35536
44402
39547
46458
15134
26170
45607
7464
29932
7650
11053
51002
46693
35642
45896
31061
48494
22068
15943
2439
30200
3203
990
41830
51647
29540
1613
40008
15368
37847
25915
49301
48907
45107
46645
10561
37368
25189
2837
11605
8808
24044
43537
42015
24544
11140
39744
11732
32545
49348
33610
17552
19350
18891
17317
8425
40336
19028
32222
23312
19554
50627
25534
10291
47028
15321
46794
25249
47628
16702
14640
19230
42867
5355
45000
10606
244
18968
29387
20383
37532
30083
10084
39803
3238
19147
40805
38373
32739
10989
38710
18661
18240
12593
50340
50469
8475
49081
33227
17147
42990
4939
39879
27279
17329
20596
33150
4954
35443
29324
6464
1562
18405
8461
1174
12571
7353
41903
3589
49617
2367
10221
11958
709
34329
34531
7563
36976
32600
7931
45031
16943
18074
746
48842
47345
45297
16304
29369
37339
13165
28594
6322
24272
32721
38315
46991
47646
41877
50896
32041
48526
16544
51072
27075
13807
35135
25622
37676
2042
28339
17824
43615
11086
17807
20483
14622
12773
46724
33883
44896
17428
24324
3845
18949
47380
39592
34299
31919
30698
19424
49581
51557
23645
43997
36583
15315
33239
4738
19355
10370
27074
27424
20674
14844
22894
8004
38106
47688
39241
47759
22163
2927
20576
3918
3923
29765
41713
39937
12992
54
12476
48645
40448
17466
26144
2739
21577
17445
9002
51280
50195
20312
32164
45100
23477
27794
14249
16475
51045
20948
10396
34760
29766
41542
32700
39072
19636
37721
14965
15091
46624
1148
22479
23966
49107
50444
42260
21943
14153
23236
35409
32596
51506
38802
8601
42387
11097
31699
22821
1822
9482
23997
48411
20302
34377
19653
34658
11115
47358
27049
20667
850
7416
42222
24306
42631
30326
39016
1711
34054
11838
17340
48557
40923
40013
36544
36957
30631
13198
5867
9345
12133
12630
16342
1905
15017
43871
11929
3032
22634
13830
44504
17777
40349
49142
41001
50215
41516
20702
24006
47404
20808
26940
51683
33362
13098
41101
2706
2181
105
41624
1742
7267
12744
39050
30205
43769
19380
41202
23529
12315
50552
25014
49165
29288
1900
48174
11059
15987
20504
23971
6734
34256
30179
40647
18191
14130
41225
28985
8245
25261
51106
27979
29430
42817
20027
35954
20098
43642
38799
34922
33281
31312
33690
47319
43379
17523
38918
39793
30163
22687
10548
43341
7357
25940
30833
30713
11712
40130
3119
10647
43520
2306
20765
16892
5087
25266
30400
9529
10373
5671
20377
44630
15990
12108
29918
25953
44158
42070
6571
42464
27120
15261
24553
44015
18945
28128
51580
26734
46482
29386
20108
22274
40390
45604
28027
16228
38801
27477
20751
50894
34717
30648
2214
38815
32977
4099
24062
49177
4992
24750
11755
4687
4006
15700
18258
33250
10006
10834
16569
37147
28300
3574
19842
26506
4254
34522
23317
17869
18462
24798
13288
22424
16610
29553
47173
5773
6856
23006
44450
30900
51373
38750
6065
22858
1540
18309
49300
32928
4613
3173
26665
32069
42316
32706
36306
28532
9395
28755
21907
8354
36342
28837
31815
50436
29501
18283
12962
38606
38137
34121
27179
35726
41420
50587
20420
9297
27991
42670
34069
49269
37662
9784
33584
49317
2289
4834
7451
268
42307
5628
21576
11176
49504
35491
40501
21293
35182
47998
7159
14996
15951
18259
10533
19103
8283
46167
46110
37215
11525
17139
25699
10881
44430
45227
2123
49219
9990
42379
35945
5203
25049
1530
4523
16288
31988
39677
9543
3941
21015
1400
13267
22699
14500
47859
47647
12443
40780
13123
29399
49883
42865
7847
25614
11320
132
8585
44003
5209
36860
46806
26805
30402
17449
33655
283
6221
25142
8950
16682
19229
3777
16730
6438
21121
42908
27693
11686
20652
16869
1852
23884
37007
22806
37843
13673
48802
50978
35672
12627
50862
485
14268
45636
9120
30342
7917
26221
12938
11312
40870
43945
6995
46850
32008
33465
37269
28564
6654
1624
33508
35837
18389
13765
27649
27354
33568
17592
49089
45582
29134
49956
16403
33862
9241
48129
4071
28357
22954
20530
30932
317
45256
29752
7739
41122
25840
44540
15908
27540
47044
46082
12148
4520
43154
16633
12576
3212
15810
42942
16936
10185
40593
32974
33513
12498
47830
31803
12574
121
11619
51117
14524
19115
45296
29821
43711
26339
1614
6022
36155
18527
6962
46494
51607
50720
1980
42931
308
24033
37603
3269
10512
21484
7109
12192
30562
29086
34041
29083
50993
25452
27436
15096
42255
42838
12522
24412
11030
50203
45131
50137
32086
49442
2008
12754
43544
21600
33517
50189
17990
44140
31471
35067
44530
6370
8037
16617
28822
9137
32351
16770
10588
10541
45725
20336
40596
25964
39928
39561
3854
38310
43041
1740
27786
31877
16320
50908
10357
42189
13323
10086
23746
36644
17725
22161
33524
11751
49911
24041
36097
21935
22665
33438
9764
21094
51431
16284
28343
14991
32023
25047
51612
37821
8732
35548
23427
45238
43623
27700
13102
11699
1804
16780
47594
10499
38079
46106
29217
205
12991
27381
26445
22257
18827
25248
10803
21384
22866
20142
22133
3040
19825
45354
30752
3982
9700
34369
23367
20252
20895
49657
47938
18313
48085
51317
15041
45982
29853
29883
18288
5013
37341
29925
18342
45290
39166
49871
34461
39480
38931
27023
24604
32823
27338
45439
48901
30496
29077
48897
35333
20380
50472
27843
35846
2476
1772
41893
48585
47089
13688
50994
8972
291
44982
26199
23592
28677
48451
34282
34400
39939
12114
37353
46006
3205
18849
21433
8923
19684
42791
20448
34384
26565
15444
21063
37160
13953
42803
25997
28946
47142
7501
37740
8684
33826
19401
41810
33865
50578
36176
1176
8161
48166
46054
41565
27829
6397
1225
14374
7280
37802
11639
16641
22740
23611
51132
41235
27530
44154
38496
45832
12334
36284
12691
8424
2704
35752
20471
19702
29092
30641
2955
19768
26742
44656
51239
41338
3697
24892
28284
2128
36574
17033
11224
5995
20621
131
17202
46901
33625
3861
8759
5039
18058
43016
39253
30197
29805
811
422
47366
6379
47882
6280
42320
3612
22600
5185
48467
37346
36673
21092
44164
7953
3749
2694
50220
27442
27042
1765
23767
1663
3606
17825
40620
48737
46127
15638
12496
3782
3578
74
41255
20662
40530
45845
41355
19531
26071
1309
29345
8236
44863
35700
5761
37405
44849
36415
42241
29195
3023
41082
202
29570
21141
36202
46710
39152
4853
35268
14186
48946
8225
16855
30231
22206
4432
18528
5451
21549
40097
738
50668
30741
35035
8681
8123
1829
15603
11725
44121
45796
1894
11015
25132
32621
33797
47665
23680
21769
22935
24814
26718
24147
8071
26188
13194
39854
44058
21662
49629
6076
46042
11248
43314
13068
50343
13854
37538
34578
28031
10892
45418
43488
50287
40997
2855
10823
20546
730
7991
49849
48091
47762
47373
23454
33343
14081
10690
14508
39842
9695
44093
2532
23113
36042
26793
35242
29093
4227
21006
23252
9689
18038
37539
41932
46399
19980
29513
22825
41599
25966
39259
11761
19346
43704
16588
49480
26120
40867
21091
8439
49066
4516
29257
2759
27005
32467
20937
50537
17587
32148
873
182
18523
35908
3064
16590
5060
25032
11715
2365
45617
10259
7661
50588
26979
10660
42418
32116
21733
42078
1761
26726
41394
10657
21192
2766
9965
23536
12394
37514
42313
8954
15683
4741
49768
35655
776
26192
1290
51217
14409
27711
28741
19520
39873
8003
2349
27513
28820
12333
18919
43493
32944
48844
9306
49079
2812
7181
4903
18290
39490
803
34257
41923
27985
36089
46460
26775
34448
4672
27607
28002
7629
49282
4393
35565
49064
21149
14379
17733
1780
10755
50042
27362
34883
9740
42319
30058
23801
5682
17281
11417
33928
34378
45363
33318
20173
28971
28160
38360
23188
35286
4434
47721
15658
16897
46700
4679
28556
44372
40589
11917
38107
27493
15701
51032
18886
6945
28370
16843
5984
14675
43604
12816
40514
10771
11131
21197
20688
23638
6071
34652
31890
7222
19579
20503
51289
9729
3033
19289
43169
12722
27902
7905
14009
30956
50694
13623
40279
2598
29418
41761
26385
51510
47890
26676
39108
41578
47325
19416
10842
10218
17027
50290
42972
35587
30868
31684
28439
4697
29653
25081
27484
35153
1404
2424
33235
20979
43000
12329
21527
47919
3668
40107
45172
2905
33662
50054
32728
45004
31181
20807
21797
6739
35429
38468
27840
42491
9985
6257
36158
42449
35279
32624
3448
8793
23871
20750
41161
5985
28832
38364
24286
14975
11615
51043
22893
44219
43629
21509
2882
14978
31043
4652
18672
18364
39839
7555
3492
23375
4975
40792
3488
26368
40709
23526
46563
29685
17621
17657
15133
50019
33564
40469
8190
1545
37951
28682
38605
19065
40254
26156
10207
3994
50843
48876
20887
31814
35119
26731
10251
1205
7882
51474
43309
3080
36810
19716
16851
49585
44726
44359
45622
261
51324
3765
47023
25575
30589
36137
43719
6740
37712
6548
49529
37917
175
41811
34637
30005
31598
18383
40741
44363
14121
16389
20426
29443
30325
24764
36299
24785
1787
5280
5382
31795
930
35883
49968
8949
13738
46204
39218
48808
30216
40378
45680
20527
11496
1574
16182
49862
20488
4611
37325
22735
2757
44836
29218
30717
12704
31447
38944
41454
1628
35022
19127
36029
10810
12139
46908
39088
8570
35261
41897
14557
32117
16498
43424
35724
11737
37683
2507
19741
11505
17460
40855
22035
15090
17631
39281
1769
5916
22225
35758
17616
24090
46367
12161
43109
13825
1371
20891
26888
38105
44324
21861
23982
8903
34540
50237
41296
32457
17209
47401
40213
34372
15644
22826
8558
31610
47268
36501
38659
4279
13531
14510
45319
17276
43698
9149
29351
26136
23250
18621
27627
18512
25700
10423
41831
46296
269
47502
19276
30276
28585
26932
11869
22926
8680
31455
6673
35880
15696
23745
13997
17098
37998
24677
38351
33590
49364
51302
47940
2475
21550
1208
1779
49050
3268
8374
36703
48902
21823
48462
21556
22915
27863
22973
7258
21547
18918
32476
23778
48486
43691
46983
3216
16546
27416
35570
14803
10465
16413
40669
3891
36554
4928
44871
36693
274
30327
30104
193
32793
44953
20919
30804
8462
43648
18902
11980
41809
2961
9352
5712
35241
18795
8752
9294
32783
46793
33833
29789
28689
27673
24045
34770
14909
50721
17906
8565
179
49049
31960
23827
43469
11713
26702
36058
28265
10113
17891
25782
6639
30883
8409
5891
33106
47847
18019
9973
6667
38007
45040
24149
28581
9196
42120
43039
33795
15750
39451
4259
2320
43494
38697
13974
30245
17611
30353
35658
51124
45513
37779
1474
19397
5797
45234
3248
40833
37656
11337
6057
6607
26647
37995
45608
27071
24722
46026
34661
48175
28704
13890
13011
3434
50200
27642
2678
48074
8195
25219
28257
27299
32947
20226
30760
37334
39827
43374
39862
33312
11348
6003
13450
48824
22444
46870
31180
49446
20990
2860
47758
2345
45938
24557
44565
20024
4354
13021
33030
41645
1617
16974
47513
27929
49374
30689
35887
7898
41399
15957
4758
34055
29111
12313
10649
8016
45240
40223
42119
40212
38369
21010
19429
40584
4200
31788
35091
32244
29397
7719
14775
44051
3516
1125
40373
10327
23901
4357
31337
26449
22653
39438
3887
41463
41386
8561
8055
25292
260
19696
19622
46396
41558
7914
37870
688
5215
9376
16365
3193
40995
51704
15399
2864
12974
34274
19633
3086
1120
24650
39985
6566
18002
16710
10069
13819
6867
28759
19025
42044
46608
19162
28380
10697
45371
36257
35890
47523
22187
35532
37225
51712
49628
301
99
18639
50471
33721
17252
11648
3098
16653
7957
22010
36904
29147
23430
14630
38312
16714
44172
17246
51448
45724
12891
8549
33005
36479
971
5996
14487
6326
41203
34855
40612
43189
24361
15534
24913
43188
7415
31273
38598
9910
14290
44976
3590
14225
36105
29395
49729
34276
25201
31920
6142
49149
41576
27328
11506
39382
51059
33328
45632
32344
33006
3584
315
42544
43633
2469
24623
44916
49897
22405
16316
25170
50406
50238
36899
9322
30150
36826
30215
1814
50728
7752
27271
49650
18770
15688
29283
4483
26673
9382
43863
491
42680
30283
6697
35721
46420
10925
7274
40004
24586
11486
40706
19320
11218
33172
42753
15438
37475
32827
8526
103
44613
1960
22036
34492
22407
37428
33530
40668
40657
40099
33188
45760
2461
28472
15093
5289
1698
10293
20217
32760
49440
35107
44347
38882
25444
1142
47800
27715
33242
34813
44828
45043
13465
6900
50277
37144
48720
18908
45121
16000
38655
35682
42896
25440
25390
19793
23522
24397
50265
15216
8956
5627
31867
12958
24136
11048
38175
24437
49512
41042
46678
18284
14783
39193
11850
41396
48617
44686
31750
14920
12568
17051
38600
9500
10430
3884
39893
11380
10569
22030
46323
39301
4237
11361
28526
33824
42039
6972
40337
9872
1957
32072
19275
24555
34291
18322
46616
29966
465
27295
11545
787
30854
16432
4670
46923
47852
48134
13470
49158
33112
40599
21208
24051
935
50979
863
50960
50380
50688
15722
23967
16165
27478
23689
38676
38441
8742
29067
19488
2028
32589
17692
34723
49455
1352
11999
22912
35985
24011
19851
40038
12190
30790
46986
19926
11026
10447
44075
23718
28148
32523
49047
17988
21608
7457
6404
23305
5512
31564
45810
40565
26974
11421
39163
14523
42350
22199
18772
16142
45413
38404
49694
30981
26384
41678
23714
9596
40312
33895
18276
14984
24983
27511
42488
44389
44558
39612
19114
46716
43023
12459
34543
27372
44952
43689
7328
21739
32530
31327
37963
17757
3177
24485
12274
28199
4772
34266
6511
41227
11387
11552
6011
6281
23512
45774
3597
49918
33322
50697
4394
33997
43734
34381
4751
43145
35912
30480
41838
17396
46602
49067
9648
27682
42169
25160
14324
23663
51148
46299
23150
30455
13742
8788
444
15582
36472
35552
48266
8866
33180
46943
47713
37176
1762
41730
37758
49294
25076
24013
43245
34090
41494
24928
31034
14221
6401
32504
962
23934
9161
32867
46490
19398
36143
14558
37891
41705
10217
39291
11912
15585
15527
24497
2652
25245
44729
15994
26494
2693
19794
34142
6761
47699
36326
39628
21390
23531
34360
48943
20513
34103
13383
12770
24097
40504
26874
9611
20693
39271
13512
28656
48926
604
12918
4983
17742
39299
31174
4277
23466
11733
29600
5565
42029
43322
14682
38792
24311
22302
8136
37425
39150
50868
16168
26557
42883
29916
711
19727
16984
3620
51244
32028
39850
7982
29831
46052
31113
50660
39022
48681
15887
50590
34491
7199
19016
33606
8592
39174
20632
8002
18384
34809
35506
21118
3114
50494
13156
23255
38671
10650
17900
1618
11088
44550
40673
28876
3898
2542
11760
47482
10311
12551
8301
3660
31944
48236
51589
8630
29353
9189
40765
2501
16256
30235
26640
34333
34745
35792
10137
5108
29989
36793
28570
16194
47782
42001
39901
50742
28203
36484
45833
42145
43287
34056
9109
16626
5104
33291
30065
1315
35874
7332
31422
5555
8079
3359
18189
234
46607
21441
31845
42788
8452
2076
18444
7678
46480
37168
31962
5688
17788
9021
25498
23961
8671
36189
36944
26512
4395
27158
41471
19329
25766
13145
42218
20878
30437
45500
50363
2245
1638
11669
5862
8699
23400
40442
11773
51686
15680
21714
39988
14986
8497
2010
39017
49054
43448
16093
32266
38259
16993
50959
5775
11561
39568
38657
48475
29321
48368
18875
41480
11274
33843
23552
11670
24146
29991
35071
39297
36129
6510
43053
7793
48199
39559
4910
41530
38262
37677
13904
35202
10197
4114
44912
47420
41078
47154
51229
31453
12317
15969
33428
22215
19339
6765
6393
1680
16517
46314
32126
5843
28482
10477
17970
37583
49691
21652
8582
1394
50351
29684
4179
38100
12703
35842
40601
9746
24390
36456
42846
923
47567
35712
37396
44905
49401
14055
10058
42461
41219
6586
34983
28995
22361
35478
26630
7134
44910
17248
36903
20257
37653
27056
8906
46976
22332
6021
1908
4628
29191
2566
12669
13473
48231
18211
37057
49904
48321
43450
37573
28126
39869
47879
33022
15285
29700
34905
5828
21376
26150
44801
7203
42298
9690
22066
49150
16094
46371
34504
26732
33097
31158
27340
1089
3100
24803
31994
20857
37836
6368
48208
47630
10500
29901
44461
32093
38097
3603
18602
23553
44774
45937
27055
1123
18032
38509
43443
51237
10124
7548
49591
30475
3493
8024
50542
12358
1232
30922
35817
49477
49660
23382
10122
38434
48227
3351
21979
40325
33175
2147
20563
40156
44065
32567
45809
35331
19075
40366
39266
38110
14997
14326
23852
20413
35249
25365
37587
29214
27044
1916
20404
46013
24243
10830
35477
7475
42661
25224
33288
15439
3157
3813
38028
26340
34777
1953
49640
36878
31217
16540
26555
39750
33769
19996
28518
3276
31369
46380
890
32626
39909
51361
4645
6695
24621
39823
46228
37340
19920
6957
26362
19472
17177
22717
18821
7016
34793
15155
36751
39172
13248
37504
8084
22799
17987
27409
25109
4464
27948
32506
18114
32907
45383
4305
2960
73
13680
2890
14927
2543
44494
42933
16266
44425
30616
16378
49722
46358
6035
7051
25633
47437
12078
36933
45767
29539
38268
25805
32515
19395
43044
7079
23209
51437
6820
26468
13041
7640
31794
14425
5449
39386
6337
11920
46427
752
27555
23040
25640
4576
18863
49354
46415
12414
25111
51238
13630
48250
34567
31165
29886
46435
23974
27790
12227
51567
11173
34281
44488
35308
35327
12577
31285
18845
8747
16753
43403
16259
27865
14914
23558
24509
2826
21336
47612
2523
10205
42340
45840
15338
14860
8505
19013
42660
10095
49819
15737
7259
5570
45432
5951
3039
29357
14733
24214
51026
19675
50148
50717
49205
38506
29723
33900
46974
35027
1355
4152
20453
4098
32429
30156
42358
28844
28480
14287
23000
32315
49775
17091
18871
17042
35544
47056
4693
23005
23253
39798
30541
14067
42479
48401
42223
44785
40315
44594
47641
12455
14301
29233
8149
29429
15332
19860
45532
9484
24735
23292
5395
24755
32285
13227
44854
13171
50812
5587
809
643
13487
22063
3544
15351
15337
43782
23012
41687
34887
11542
16867
12261
45034
42714
6251
42277
5991
44235
34892
22811
2356
41124
18305
41605
26711
4096
1715
34994
23969
10201
31881
27168
20746
17014
5006
12323
22115
46442
11296
42642
36207
45467
41922
23223
50075
6760
42779
9321
27054
28039
18404
8612
48144
25450
37626
23590
15151
28860
36519
36970
5632
31173
3986
42889
17804
6196
40480
49851
5791
42099
45528
1032
20335
13894
46306
34873
5479
50095
12945
26551
26773
16720
11149
46439
3933
45574
47396
35396
36785
38452
18503
45523
16347
15087
46903
21995
8410
35311
17710
36268
36358
18198
22853
8371
32803
48251
26815
19656
1367
44820
22305
32182
28690
18780
8479
29525
7290
10915
38231
36598
38277
50499
51308
14993
29847
21738
18597
22350
27860
18419
12255
23207
35105
23365
31357
9225
41174
41808
20623
45463
8041
42175
10894
3202
26166
43174
47899
8121
4462
47253
51483
34689
34351
37199
33009
45334
29002
26085
42918
12950
34638
15393
8877
32777
15019
2336
20592
8113
35463
32595
43780
28600
25033
37259
40753
50310
30791
9464
51342
9364
314
33703
21960
9817
49212
29316
16300
10151
22714
28195
47468
48387
11128
44252
8088
50546
7121
2301
22090
13283
42808
51538
46200
39452
28330
9734
13342
35895
39441
44625
29965
9334
40993
14919
41869
46166
30106
12659
32886
38415
28162
14424
31524
25619
28582
16619
1255
8706
27003
48063
8697
44230
38340
44196
8322
44994
15145
23151
38461
37410
42170
14118
35901
18379
5421
19039
21565
47597
7506
50145
14497
18018
33525
23817
8794
34098
4640
2492
47904
29594
39489
21113
6419
26914
50531
50856
29503
17694
18000
44382
39220
47135
43725
23020
30261
13733
18991
24800
49144
31241
36814
6288
22150
46160
45191
28611
39146
17674
32068
12089
25758
20357
41747
8215
8316
41319
39191
5539
34124
17459
20646
8141
21842
21750
30218
24203
20486
41364
33152
16068
50489
51303
13384
20
416
41378
43402
47701
20003
5615
43512
21004
37245
41141
31652
36247
1294
15758
11752
24069
31296
48464
20166
1128
47294
40084
51395
8545
25821
27312
25789
49448
37446
16695
47752
33108
35342
13796
33355
9064
21475
11720
15053
51062
14967
36715
44761
28453
32737
32750
41109
36522
23586
12113
22700
35550
24296
23085
4151
20755
19963
21931
22291
24771
39569
19902
44030
21873
24334
5569
43584
2338
46445
48352
19400
47833
31014
49373
2893
51659
10997
42331
7782
13840
13269
11811
12278
6944
6116
40666
5282
6293
35095
42040
36406
6634
35305
26994
2077
37669
26431
46168
17945
7504
2323
6104
41906
14278
15915
48323
47850
9178
45577
42173
31086
27439
49105
16490
18686
19909
21477
46339
50791
14124
49260
44459
49207
1813
4669
5607
7124
589
48343
24258
27030
4210
47448
45828
30241
3259
6573
34349
19626
40616
3461
9314
35529
35448
28336
22267
45142
41024
2386
9926
36262
36127
18016
30370
36883
43526
26347
9697
8913
4666
10415
38342
44615
35583
19316
8400
25706
25482
28862
41100
43928
23698
49942
3659
30449
20315
28649
31481
2612
49179
24854
15988
27935
4641
28430
4358
32666
23162
39214
44199
38320
42910
22516
27000
16171
41308
26052
28551
15799
44701
1183
24527
11011
10035
38594
35916
49483
25579
11208
20586
48164
28496
19608
43812
34367
22242
18670
34048
2080
10142
8443
5138
39725
23932
39814
50844
2485
30068
6949
6971
17279
5106
20202
10130
5806
22410
6638
36721
16281
9891
45315
2894
27244
38283
11503
29234
48218
38372
34876
14658
21029
40306
11630
11559
10909
43119
47958
2899
44097
17044
25885
51247
32179
19956
660
10852
14689
22433
2813
15856
28264
37956
30428
22887
2723
19017
8661
24407
24976
30207
46452
35574
24941
25520
36033
2069
9358
17442
35247
42091
43634
27414
44361
706
29452
14283
27536
49836
1488
45974
27771
5350
4037
2796
37093
10316
3856
47651
13094
1380
39864
3626
43572
15995
23045
21667
35520
32549
14274
3964
9911
28358
800
47093
27256
27463
27718
1827
38280
35355
27546
13820
15336
39127
33823
31243
13606
5929
14453
13154
6411
3751
47480
47843
35221
43270
25405
31315
50293
39129
42958
26254
27802
32141
23808
47361
7303
28889
33816
20952
49004
9591
45264
19733
23083
34775
22756
31895
36633
38805
43838
47479
18974
22952
26488
16616
20253
407
46898
16045
45069
21545
26077
48957
32993
6085
11533
20005
40513
899
15730
15342
610
5710
34997
40986
948
46823
1805
41520
24563
34595
30109
45388
30787
4355
35012
25216
8914
11014
15295
6248
33441
4823
861
3050
13136
24970
4081
36977
1339
38052
16967
8342
44021
25068
29102
21414
29851
7111
40839
14963
11956
24853
45197
654
19317
31143
47756
40338
34900
29826
10737
21854
3096
42456
30256
7667
39956
28470
49934
36088
30502
4303
12867
6961
31284
43644
48655
17183
32906
10115
13246
24965
39453
15263
47047
36659
44645
19761
8473
8152
23070
37510
25039
31523
37078
48426
34245
20959
33685
24112
50559
7188
1607
21422
26890
17909
19271
38064
20307
3181
5721
43685
39080
51203
5425
8337
35178
8324
27988
5486
24271
32606
22529
49221
37972
29944
5401
40662
45242
9184
50490
26866
13157
46762
35584
24894
35604
44303
7072
17753
23743
46981
22301
40071
10993
43837
38386
32616
15058
13670
11607
16412
14431
8775
3616
1802
30447
37008
17424
39645
44590
17868
5333
34035
5912
7965
37570
290
44688
48396
7792
34923
3609
33418
47779
42226
20126
2915
6250
25087
8090
28508
3614
20489
17242
31343
1866
23635
48587
36500
2646
39432
16567
4075
44320
19287
27423
34109
49026
43676
41035
13
15425
49161
14633
27252
33207
33433
20440
45451
39216
49638
2938
41737
21634
18151
45499
2815
23537
1071
8287
8157
5050
43758
38289
17638
20376
7437
51282
46968
2559
18613
15021
13692
50280
51135
17119
26114
49611
37675
45493
14876
41434
30639
11098
2073
22117
38779
30254
11813
20851
36383
5393
23191
29663
12835
25379
25752
32114
26112
6062
40898
45054
34781
35589
909
19434
5217
45337
25306
22786
9316
22011
4072
12281
8493
37739
40129
6616
17344
9645
16007
7616
17006
4012
13757
42693
6146
49120
18704
35618
19473
26257
3429
16185
29420
21582
19406
12944
8989
5372
24359
43012
3249
49578
49414
18728
47563
10300
35277
41844
40101
43738
35283
40824
44967
23731
2482
23515
41959
21499
13364
30133
12308
37481
18505
22126
20619
1803
30123
5264
42887
45445
41911
30001
31077
49666
45584
8300
47251
32757
8153
11770
33787
11522
4150
35400
44392
50361
39820
28299
8478
2811
23837
32548
45916
43830
48187
13455
41039
34216
43546
6472
50771
10188
5145
3515
241
27764
40894
19402
1764
41409
9875
40237
1141
41167
16183
48450
8150
17560
13023
51665
7040
6420
8884
43418
15482
47770
46058
12664
22828
19895
16598
34307
9748
24242
5214
9235
17614
38732
24647
36990
9731
20818
9492
886
2486
24000
19559
22946
31924
27808
28490
18637
22330
22079
46672
22060
44743
31968
4742
21659
23573
39315
15343
20612
6185
5977
24312
4444
21629
18043
26470
2218
45668
33103
4694
38550
38219
17604
27733
11624
43858
22144
35033
33902
17001
8544
33066
15760
13414
36438
6816
20183
20536
36494
31916
46586
34929
14664
21393
19120
44356
16606
40509
374
20639
5661
236
25819
40398
38626
43686
44778
20438
32413
38000
17653
29818
39487
23080
46409
27302
40711
43153
295
41963
39156
1048
47313
38844
36876
19709
932
23617
50996
12668
26154
15918
33020
33263
28827
39119
47074
33710
12970
18304
1287
42784
25042
35799
6512
19033
19643
9551
13836
17632
19414
5963
38849
34456
33089
6670
20093
24367
5505
1213
20333
24151
28740
40426
8262
5440
11997
31578
31929
18197
2888
33062
38630
51676
47989
32979
36401
21788
17855
34340
24689
30780
27491
39375
30962
18030
46355
24921
33719
3995
12032
31146
34557
28028
23198
3957
9435
26319
20421
18203
2765
29952
47854
34286
26323
22484
21799
26440
1728
36779
4529
21669
2051
45590
32672
45384
47132
19206
40953
8202
23483
30529
19029
51389
25595
23476
27768
8381
39124
18635
51027
826
6998
18997
39739
31928
12978
14496
14743
23379
31291
43416
9755
41675
31872
10159
32425
32588
32247
44765
47478
19604
13772
1859
10700
5585
24318
1263
32451
33641
42726
38264
31940
20223
1107
166
14538
13265
13406
12491
37261
27869
6152
24768
23616
46463
6664
36162
26955
34679
13617
50266
16640
27674
30132
25611
31233
24009
43852
51309
47875
40199
29713
29657
37066
36304
43213
10935
46472
4256
24847
30202
32297
16804
46319
1046
44045
51591
11990
39599
21051
44704
51119
3520
45235
1446
50046
10052
28282
38916
43646
35385
11369
34194
14970
49277
32654
29312
36922
7253
13235
51536
23494
26025
17772
24012
43385
18729
41554
34484
6738
48483
18582
49560
48900
41054
6488
39519
42137
28736
44469
11079
24580
18086
15079
19961
48390
6666
34155
42466
14262
7860
10769
17911
6100
7002
46698
4074
37109
28766
15551
21900
8457
43679
2038
26540
16829
20162
34827
46487
17833
41512
17919
34514
39982
3247
43248
39230
11531
49723
20100
11148
25623
14891
3310
20501
24508
7422
49061
36377
47129
28535
5180
419
2632
10768
19928
47858
25951
13541
16510
15878
33887
5691
28309
421
4458
44965
13263
253
27251
8417
377
29913
10857
15111
3899
13793
35681
48954
37449
48986
30441
31586
10785
47900
29199
37335
12285
31449
523
38464
12384
27906
46548
16357
19443
28925
19557
2385
46513
45843
562
22078
8430
4141
30594
11440
952
4778
28008
37789
27932
27262
36462
27073
47828
37055
15533
12797
26230
30232
48253
6480
21361
21703
37357
24700
42309
40580
23261
12663
44839
49546
15348
39990
47686
4752
47428
1602
32289
51301
1511
7685
49943
17962
16898
7647
33329
27717
44197
26785
48976
2125
14535
48692
28509
7617
22480
13995
1601
3288
40610
31680
24089
31560
13199
2898
3805
13638
1863
23819
42950
38644
7271
40603
3454
41531
17181
46932
26111
23792
48347
34857
4025
37328
17770
33021
36920
39223
15413
41007
18107
16931
28544
38573
1781
37460
48776
29923
10081
17952
27820
25187
2378
17842
23575
37913
9158
48790
31935
28578
36228
14773
14181
8810
43801
15296
25052
45559
49275
47148
16562
21632
43888
25000
13016
13569
50009
17102
29269
34078
29318
3553
20943
311
20371
34660
17875
18897
1875
43835
23766
27083
20069
16922
31177
11466
2895
13174
3088
19543
2206
21308
13866
430
40571
12684
41147
39256
26490
17267
40534
30961
19954
8963
47984
14680
45589
39943
34587
22192
26749
18349
33821
363
42284
18323
10710
9589
32198
33184
43250
13769
5726
34062
28529
8978
24063
27524
21386
20140
42604
44410
37052
27710
32773
37924
27361
12932
22174
8915
19692
38857
12680
17649
33253
49270
2215
6543
45047
46917
48277
30356
47991
27589
9272
17245
28950
28243
8295
40058
18146
50333
47419
40830
20251
9206
25607
36930
26241
39621
47674
16757
5816
2198
26905
47710
19518
6216
20608
3737
1143
49208
14665
34606
20266
25161
13524
45957
33650
41057
19428
4412
34083
21
16636
41008
30031
7102
6144
27812
3299
12004
34399
7176
26164
43088
2671
45402
7113
4051
15662
36197
40970
44286
15064
40816
9490
51620
30992
51259
30045
46878
30423
9844
23288
11245
2851
42045
5018
45236
21557
10077
13573
51560
19863
18300
43445
43649
9547
1741
19415
16207
20898
30351
5295
48201
49416
28405
3999
12298
23612
24004
14841
13653
35710
48238
26173
7120
20418
48636
48143
19549
25621
12430
40880
18543
23092
28323
29193
24573
2565
50139
3477
38287
1305
34170
39213
41724
27924
30510
50513
50719
48370
11649
13363
25917
48741
33335
26525
20989
42481
24474
29019
31338
43531
757
48259
40204
26065
21969
31760
44367
16954
42857
20759
43660
46777
29469
20040
31561
21891
5386
31576
457
7318
36695
16390
30704
32134
18530
772
44098
49325
44437
37858
34768
6897
49830
15571
36871
45426
44629
5704
25251
15459
45521
33522
31383
28650
3627
30153
