44123
20786
14868
25856
41891
29975
4785
8116
22524
17447
15829
10912
39136
30747
31076
8922
21379
30222
12292
23063
34280
11150
37940
14227
14359
31207
5667
11473
6434
13895
24850
39588
21082
27193
13224
2589
27618
1776
12195
32268
11043
15933
20509
47876
37099
24748
44067
36100
27758
20075
14400
19839
21500
17197
48998
27393
13059
15612
34570
14308
43127
35062
34129
3295
16668
32709
21663
16450
51286
37124
2777
39974
50775
45536
19771
8636
20904
7825
39170
31508
31529
41318
7927
5142
10966
9893
32597
3836
5387
34726
22689
1816
32356
2493
29461
37220
4842
307
40585
35282
45291
19700
48630
18567
39287
12019
19849
27834
25282
30135
23491
33991
6524
37755
13766
8038
31237
6572
31367
564
18110
10038
32988
3830
19930
34867
15516
17928
34304
31006
28301
44840
29076
15682
45055
23730
19228
18409
4562
20573
6284
47983
50248
21486
12768
7320
14107
29569
20259
47496
27479
45219
23048
16789
36677
44997
23597
26510
47096
35050
36579
50035
2609
49395
26751
16425
30419
39753
30129
20975
11282
12099
33138
15828
13305
37403
5846
46886
18179
34020
8720
15498
26268
15874
19821
50503
25386
34888
42424
24439
19924
22271
37593
665
49747
11745
30740
45190
27139
7325
17002
49579
16951
36624
1673
46047
50965
6117
20236
14187
40815
48447
19958
8650
35670
50891
36315
49980
22466
51378
12947
47076
26318
45522
28806
3610
25524
18478
42344
11197
23953
50879
6492
48069
33372
16172
22770
22827
51190
7078
23124
48868
44454
30243
40109
23158
38516
16099
41593
6496
28923
30364
46431
32767
17174
23137
13589
28032
45997
25874
2433
31777
24683
26206
8340
24171
15039
22358
10813
36838
30157
13817
34348
21330
13210
51054
11807
30904
13777
24515
3495
46620
25421
32139
28622
34057
8748
20372
24411
6933
36218
45878
13642
19906
23539
32645
25784
7351
26477
36980
43816
44985
43993
31364
6168
31404
7515
382
22936
37382
9058
35053
31355
35994
25990
46068
42498
46074
17207
1228
38722
11843
10907
16596
47633
10082
1806
45971
1943
31754
19351
5405
41382
42150
50159
25002
48437
24157
30759
8639
25456
26480
41683
34227
3628
46546
39041
28688
18120
28868
37517
40959
8348
32193
20991
28056
47238
16905
2249
31620
18958
2340
21043
10919
38363
19866
22905
9885
9134
883
19020
45552
44800
31885
12431
24649
14998
37798
51227
19121
19625
4031
7178
1514
37142
1295
21294
41180
9604
48300
19717
5870
8258
40280
8375
995
39397
35301
20633
35780
35038
39566
2212
27984
47455
36687
13069
2509
10671
45051
49176
26651
6520
50764
47952
49341
38928
22632
1853
18050
26539
18158
31840
4531
11383
12711
35168
37914
8144
31028
11363
35191
8996
4709
9753
4245
31558
21116
48443
15642
23178
17785
27289
1173
18061
26088
17244
8046
11012
9243
26901
43636
29326
30080
47341
31879
30316
33058
23543
1430
32170
44597
35232
26992
43926
31645
50077
14239
18626
6798
32129
30878
27350
49614
16737
10602
34752
49254
18781
20993
4737
44930
9038
46027
7445
19984
24811
1604
9296
13976
42067
26224
18051
12168
25395
42106
42969
49145
31000
37054
41012
6312
38398
49746
4995
27415
25465
29491
48678
13454
22277
44829
32256
25330
30807
21637
14026
20535
16180
1113
12482
27680
1922
50079
35293
32572
45497
28190
31059
40927
22481
20263
14075
45913
20209
4232
26070
40869
33892
45655
31820
46324
47141
18511
38147
40663
14460
24801
40333
39312
9970
8052
12279
19291
41415
47729
37600
6499
35624
40211
20250
36134
22132
28920
20982
30984
12990
43432
6876
10921
46134
16480
31499
27348
6477
35240
2634
11431
32711
39695
18145
18822
15647
2539
40852
38670
31066
49273
12420
25684
17648
33701
18454
30013
14620
44026
20771
33189
44112
42444
42083
49099
34967
804
50105
1116
2873
11377
38896
45317
33244
37006
1185
50939
20868
37715
17306
37616
16591
33364
22606
29360
22539
32794
44600
15863
26130
23421
33912
46956
40866
40225
4896
22807
29486
5562
14791
19058
15565
40251
15363
27538
35687
21301
43256
45486
17929
35864
46685
5321
42181
3485
49788
8179
49507
46659
8490
9841
22550
45660
4451
11922
4375
37369
20174
36166
37100
33579
21980
13150
15219
34708
29521
11064
49189
49814
46495
1098
13238
19426
16803
9036
46436
20678
50501
1300
14594
9443
26686
48493
34314
3991
41136
24380
38217
15487
42594
8102
2442
42769
29998
51125
7034
50934
32761
36690
29756
698
1641
12857
6036
4252
20774
42986
20908
6348
36171
11027
28295
18930
476
32926
44595
15489
47685
32067
34882
49010
26197
19257
25731
21233
48009
28013
39975
7112
7057
15187
14428
34963
16743
29109
11084
41860
46839
28701
36149
3358
38521
13996
22244
3053
26029
35962
45378
13536
38090
40760
22685
33186
22745
7073
35588
9142
7588
48448
44485
17564
67
51192
40549
27210
20583
46661
48924
37042
31679
25028
5740
26559
37816
7985
15205
15561
30628
48857
40862
23876
26591
33501
44838
35076
47932
48157
30948
14790
26182
32368
41418
45872
37469
6838
30310
51071
12605
16750
50382
22045
49453
36276
21476
29271
33558
31362
51496
46170
23670
30644
33788
3222
1640
32608
9542
38087
2176
33480
6581
1691
5174
34744
27542
48066
43898
19598
47785
20409
40908
4431
6253
49878
48951
42290
50935
41009
35212
48125
36099
8044
3012
16461
13910
40209
30863
3234
1808
42519
42272
16380
15752
16671
18910
3656
2110
41648
38572
26452
7904
12096
16041
22875
20683
37543
14825
42543
13873
47365
6906
34785
15370
19934
3281
44426
47560
12418
46538
10750
34408
8223
21696
38173
48835
91
36616
26215
48527
1197
37666
42167
33926
3654
2712
31303
1401
19744
13490
6518
21647
12687
40421
48884
31937
19278
13682
23726
210
5002
28191
44535
16497
19801
40813
30186
29393
22648
10838
16836
50442
31458
28638
38414
31540
28054
18481
5535
48524
34915
28368
48498
9214
28418
9493
10458
9851
12542
31496
43622
2299
39883
33628
33575
15469
6598
28924
40675
33777
23891
47131
48419
26334
34232
29402
49708
34985
28527
3165
49537
8784
21400
12440
41804
21001
49550
18966
2947
1074
34336
48890
42578
24881
13863
43996
12295
21504
19265
15357
37613
25289
38965
603
19166
16328
9946
32808
34999
14650
23195
33747
41561
7771
4559
65
11436
841
24224
6236
27092
45477
11501
45964
44799
43710
5622
16029
8846
25321
31539
13434
1029
44980
10432
37034
2473
36753
22375
21575
41482
19873
12472
39429
22517
21203
44859
23878
5727
17170
44770
51519
24828
1955
42470
11025
2057
29164
50420
43178
15814
50963
34819
30844
2856
16092
17335
8086
33888
20424
50
45188
38201
27861
27871
44004
6990
17976
28948
35224
33828
1063
48537
15575
43990
51512
49000
16495
41178
5360
46720
36769
51456
2360
8217
38021
24391
16277
8529
30866
48847
6796
43762
22742
16791
7672
35447
31009
39110
38629
40726
33793
13024
46005
43106
16466
34762
43207
48445
45260
4586
34438
51339
33652
18315
39861
35058
1051
7830
30846
331
2035
17854
48607
22293
19596
10213
26194
2809
34858
50955
48887
15026
13517
48513
386
26594
18980
47022
43479
3725
21860
29041
29982
15966
49052
21067
30832
26127
38758
6489
32042
42196
2599
29601
15853
7717
2444
15876
26729
4306
48937
22472
9438
36509
31951
48376
46840
35376
9448
27580
15628
17376
26160
218
21008
11135
25555
37776
25215
14863
35706
15427
43253
46958
4902
44031
23032
8951
13928
51709
41239
6938
32151
495
36771
29802
27217
1391
23924
8117
29879
21790
39493
29959
20360
12090
2572
24500
24676
18079
46122
13132
22783
14526
1792
3531
12731
32470
33848
23090
44193
48489
12508
46689
25945
36862
43729
49191
15492
19755
32671
12670
49525
51164
30269
13582
29888
34639
21261
20803
28251
4231
21754
6158
8515
43089
40163
37770
41987
39611
6078
10709
23678
18386
6941
38324
5091
48444
5469
10114
20094
4730
24754
28979
26951
21072
31351
51444
10653
47258
39984
7767
46528
4416
13109
321
5922
30030
8231
44261
36784
343
16362
9708
50687
39866
16116
10833
21176
45096
8677
23615
21846
37210
31232
2230
21511
34221
44153
36576
20734
39648
41821
49101
17566
12330
29018
22532
48670
13449
27218
27296
35870
11445
12900
37637
49073
28255
31768
50448
24514
40932
26471
20499
25804
6814
25539
5804
14974
47966
48281
16723
37748
8835
16939
24712
32513
34000
18514
6441
29141
28641
4706
43392
43128
49511
36742
24790
356
46116
30436
2627
38887
41456
31030
45282
36391
1939
17535
36879
17498
35516
5014
11032
35523
15341
46596
4535
8232
44696
11654
18147
4759
12690
35484
44025
18745
19541
10503
19660
21279
46142
41801
48929
7562
50323
40854
31168
21713
39044
31635
46723
45635
15361
46267
39081
12437
30210
41500
17956
38347
49025
48042
16457
40525
47326
37991
3348
41341
24851
8772
14606
47344
49954
42929
9833
39799
49405
6151
5356
17224
7547
10437
40036
5948
3833
17711
1788
31821
29158
8101
47925
16820
47376
2065
27974
23701
11623
20232
7676
42314
23366
1845
42750
10832
33644
6118
19922
47971
15518
7963
9261
42998
8486
42782
22265
42356
8804
4055
44973
48654
16015
45703
49973
28676
43722
44639
17165
3500
13297
1951
12898
3317
21955
23355
12052
51288
14595
44390
36558
20230
4426
22459
50044
36363
48263
25525
37615
22044
37781
25284
31214
441
18762
10821
25004
48010
47515
33909
42648
18285
35989
1966
15267
7779
22684
33600
15251
42305
24946
7043
9101
42636
26678
23998
4780
17529
45673
1137
44298
20715
42980
16254
25098
5436
15256
397
5044
13381
30619
32322
51627
50392
20212
38345
5854
1465
39811
50828
45616
49157
36791
43399
49425
37170
30435
30908
39471
31810
27201
15963
4068
765
13471
23832
18407
36386
27963
1833
32381
12349
51245
1079
44740
23835
32871
8272
5153
32389
6289
1548
10072
3241
9079
21930
4923
31537
6633
27301
43152
23422
21329
215
28962
29371
41079
20821
18395
33861
40544
21954
21061
37589
36244
11539
4164
30544
48841
21883
41385
19965
50353
24718
11151
11844
29391
43790
44830
38797
19284
36192
44290
9855
13333
3112
43293
5490
31749
47279
43949
11734
17226
23653
28603
8222
28686
920
1482
14602
25562
25671
32591
30
11822
49245
48945
43927
5905
49387
32752
4769
44724
2719
7608
5279
26779
38493
12905
24777
45093
42620
8050
30547
48209
10796
33569
31344
33874
34364
50496
16187
35653
28329
37431
36700
15383
15671
29597
6662
34297
37195
49386
28510
46165
48584
49963
42365
11054
9794
39614
45097
38257
43340
31714
31186
2575
39069
4695
16371
25748
21104
27349
49976
5384
6546
17989
19208
48344
35209
27846
36126
43093
23225
22092
5221
21295
44405
27628
17200
11181
3304
1737
27712
49427
31613
31627
37728
11575
8613
28428
3961
27089
16179
28114
11675
19338
8550
30515
46792
16430
9610
46263
22981
3647
15528
42741
14896
32405
2709
25704
49323
39834
7533
3731
50900
25073
580
1988
23926
3793
13402
39068
9918
45888
37081
25427
6736
26501
22154
42376
36781
1246
163
25322
7954
51058
15415
34617
1273
1789
14430
21923
48420
31519
12149
6428
45575
32641
43654
49573
12645
49636
47339
41904
38746
17576
33814
37112
32084
45890
30489
16767
5720
35490
10995
42436
49832
29016
36392
25113
13808
7635
40115
36016
35680
16605
14179
27799
15235
18658
21020
43570
35190
8919
11106
1008
27643
50371
2569
17723
23577
9181
25158
28796
45036
47948
19236
23428
5186
26080
6532
36044
6285
49569
2191
44885
28800
45263
14023
46973
24445
25719
39114
5621
43522
27184
4118
31487
1293
19746
5657
16652
7162
43244
3394
5835
5065
51184
22863
2478
2579
3637
37933
2728
36708
16947
49337
27021
35992
9274
35018
2753
43609
45489
20470
1949
24611
51255
7871
11512
46231
7151
11508
19907
46069
18014
40440
15604
27939
49410
11016
42399
51582
42965
34498
11886
5851
15591
15815
34976
11895
19385
35115
26289
24531
21201
17881
38055
8344
10514
45026
41927
6351
40542
18654
35972
35151
34284
10519
4736
33400
11717
726
43752
29935
10804
16456
50006
30744
10405
34821
13957
677
2165
34068
667
32317
31905
49413
40082
32685
10482
4191
24987
40886
32779
43282
31554
3066
51275
9403
27202
48648
6398
51420
50303
26922
51226
2883
10289
2980
38846
43768
10119
43071
51333
35104
12406
39239
38570
30656
5455
16509
2629
34604
43973
20822
29156
13155
21473
23132
21523
44013
40748
38518
21039
33636
16783
50365
6271
11932
3398
39498
43391
2032
26495
48940
24093
9951
2914
50156
26055
14043
46905
34293
3240
21189
20068
30145
12734
23134
39831
3367
12745
25011
35702
30524
9055
38555
46662
39402
20724
35360
26178
37521
6068
43120
2522
36858
44860
38128
4243
2931
8291
2375
10204
14304
22820
49367
44606
14649
13051
48952
51176
42833
47020
869
27670
27702
24163
19506
51074
41491
15132
4109
47512
18062
27776
4015
12771
46509
38234
27157
21889
34497
14131
22805
42006
14853
47728
24377
50882
15822
51459
42186
17142
4728
10943
45535
32460
24060
18176
1660
8048
46790
49452
41819
3948
3095
24043
40146
35083
30725
20999
51414
5127
32447
14433
20867
50121
4501
28463
2903
46750
8437
37887
16038
16883
19495
15082
26531
10325
22076
7194
41961
22021
26073
27981
40808
45723
24758
30076
1045
51595
44735
47276
12385
19677
8646
40307
42368
7988
50143
12968
12941
11314
47224
34968
17737
48983
10544
12847
23418
17154
29048
8552
8368
42139
27146
30645
29166
31882
22334
41033
2926
47777
48232
15858
5724
6832
33000
51639
47543
24388
46824
40594
39408
45554
10453
27836
25244
15729
8721
22411
38063
27823
11315
20190
6339
48055
10517
160
34148
24480
45702
12003
16322
50712
42474
43401
31899
48757
32590
35931
45640
33726
18936
13312
17324
22369
42463
5747
20121
27108
21287
32923
16960
39859
32668
27504
1317
35073
16949
17530
46639
2430
27689
47944
3548
49334
2672
24495
8360
5820
17444
20386
18344
4000
50928
30487
39313
1030
9612
33120
1018
23872
48913
21650
2977
32563
32088
36492
12772
42412
22130
5365
31259
18270
15195
17425
714
37897
12207
27209
24278
48968
5012
11494
31949
42852
29310
33380
42200
44529
34838
1312
40060
41908
49389
43297
39950
28136
51696
46352
3572
40924
23413
8818
5400
8000
3581
655
30049
49253
7952
31702
3720
6688
45698
23474
37754
34774
21150
48851
15835
26589
1835
15803
33224
37395
17192
6063
50184
47908
35467
4908
46503
15297
27650
1546
28161
40783
39680
33730
2986
34869
17357
19362
19937
22031
34186
41543
31683
18266
14913
34036
31888
36310
7376
19948
40859
979
30834
44365
48550
34964
7187
4154
32687
10028
42375
12965
20665
23606
35527
22475
11689
24279
35044
11638
37345
44955
23768
12930
33631
39991
28016
12733
27955
50625
9463
3688
4617
5971
37989
21490
39565
17808
44596
6963
46637
17269
305
15434
43878
4201
38823
33489
8036
17035
17760
47590
17133
13746
9031
44861
13545
26278
35177
47139
42198
39732
34953
14078
47570
3820
24730
9567
39009
540
34480
49420
23069
14057
18078
318
19150
32601
5868
12072
17328
21144
3328
37139
4060
25038
37502
9317
19882
14092
36772
4869
27259
44167
34840
23293
21800
38791
29382
44691
32324
1019
17813
12887
22670
30831
3204
42738
23436
25760
10736
39201
14858
25582
6359
24695
15496
19389
2497
43786
25573
14105
47226
33495
25930
34079
45414
24132
20580
37436
25590
46755
42761
12117
7658
41412
45862
28091
9565
41978
17262
16173
25603
9234
49646
26745
1918
13299
32550
29284
7916
24206
29275
20385
10075
46759
48803
15756
4262
11739
15003
47895
31198
24519
2490
37141
11251
17095
27692
35717
19201
20589
24922
32049
13439
9863
6446
14686
24025
24835
40856
20609
18363
24642
15941
39806
45276
37330
37596
22563
15689
39494
38132
37262
23700
31313
35684
23918
2972
28345
45019
42434
41211
40797
29686
21687
21636
847
8583
7567
5509
11187
18246
21444
6750
8085
49778
49281
23950
17263
33630
14859
38804
7798
9354
17092
3512
3120
48132
5811
26387
15045
13489
38425
36804
45733
43468
23949
18235
42819
18921
45459
35499
21270
15484
36079
8392
40242
46860
6199
28025
5885
33979
45430
37738
9385
32125
15007
45514
32497
39258
22101
24145
48226
17272
5986
24309
13756
23490
42132
47327
23017
9437
48145
36931
18175
35024
14701
30425
13698
2649
46095
21681
5993
40790
36654
26811
553
38080
10875
29095
31568
20475
20994
51068
3979
34315
17199
27425
18955
35951
13214
46090
44605
44944
46600
3368
21863
9523
43131
31046
29869
37419
6630
3707
23301
33025
51632
436
47191
41656
24548
26357
44163
36279
38563
33846
26627
45775
28155
11112
3455
46404
40283
42968
190
38979
19553
4804
36689
35654
40658
20654
7324
11426
3478
12902
28545
11968
40717
48442
40445
22901
3651
10354
6596
9494
30119
3758
35199
46038
7633
20739
47027
17610
25794
34308
40735
10981
20036
10099
4370
34439
19514
26865
22622
7913
15795
51616
26233
24617
37221
9232
42962
4637
50306
3908
11498
19340
15813
22809
42088
29579
5532
22906
32046
50086
39580
10788
7461
31936
17408
2187
21653
8218
9960
21665
33444
20423
44333
8485
44643
15698
3274
32363
13262
5210
30397
49846
35878
27203
1344
33443
25581
642
8398
20415
39638
6166
12539
1856
29189
43255
42840
38946
28178
16472
39035
44835
18436
27470
16160
9849
1331
28633
40268
14486
7231
46177
2141
37856
461
45153
7642
48381
1570
34616
5752
33837
23633
26948
4319
45765
11831
5015
12500
34313
18996
15508
34730
43307
47342
31071
5776
6588
41818
6779
46179
22195
17730
41759
587
15507
20578
9060
18572
7458
27183
26235
18159
19590
14832
48121
30131
24091
41138
5852
4110
47368
19471
25926
35339
18963
28536
49058
33581
16508
29025
898
140
31108
39589
42141
24308
14177
24752
24321
24916
13396
33469
45742
51313
44005
29762
2175
46590
46332
6564
8261
6676
48640
3698
15960
28586
6269
37288
47362
50880
46103
37873
49098
24209
37422
48596
11423
10641
19482
37766
19375
16405
27370
11936
11750
46782
49588
18797
51460
8057
27574
49977
13900
20429
47554
26850
35048
29505
49583
2517
47125
14735
17767
43135
41816
18025
43500
24620
47772
9983
25848
15986
25230
23187
12128
44848
28972
8741
23607
19874
12637
13131
39586
4599
10861
16170
50781
33041
49852
10292
48560
31556
49129
51120
47963
47870
38718
25406
50016
23732
48601
32137
19438
31005
34904
23775
19566
33038
33904
2726
29623
8435
1192
34451
42148
19413
15924
51204
12373
22140
12012
39347
44310
39500
27754
34019
8226
19568
31332
33743
44812
47390
34277
37936
18237
42415
7442
12698
37751
27125
28653
40963
50174
7986
981
41568
49670
47789
20353
33160
30122
14209
7993
3041
858
46247
30989
39115
35280
38475
3960
40944
36731
15367
6890
25944
20154
8729
50037
13678
31252
14065
3457
23594
39845
21368
36989
32780
12218
8168
25194
21767
44444
23662
43398
35458
31065
47722
24607
31776
5399
15381
12341
51504
11816
23684
3337
49702
12444
20749
50982
35860
30171
37027
17361
22989
16600
42560
31460
22
19758
50707
24506
7330
16103
30678
17080
30605
19202
2234
32656
1930
2884
46748
41336
22295
10343
29564
7459
48282
26899
40645
30490
15849
45988
51630
946
25902
28385
26844
22413
18414
40250
40024
9360
44064
19417
36394
49408
11413
51017
47008
3293
34794
11451
1234
33484
42135
12338
36128
46857
8346
34571
21202
18004
13395
39601
11904
15639
43400
45880
36258
6008
37363
43906
5473
39147
14880
37664
28691
32585
18153
11009
38450
18111
35622
2950
10308
19173
42454
28392
17642
46104
10497
6848
15576
30973
26507
40104
8376
21944
46419
22404
35069
29328
39727
5173
10462
37501
16251
7031
31242
35766
28762
48041
16406
48469
4105
27420
40317
21069
13748
18263
47556
12848
33327
15196
45357
16031
40793
48779
47980
49327
4077
22046
45046
48816
6340
6657
27749
4973
37327
22584
22868
6303
33178
17039
12202
32885
47596
15910
30531
47484
3061
36347
5650
21631
36534
24821
44609
5968
24827
20768
35716
11942
12758
24210
26410
10775
28249
9579
18174
42811
42158
17310
33174
9768
3859
13963
10460
39671
11617
30151
10166
3927
37224
36403
4341
49713
6137
4039
27828
49312
3138
3409
48382
30098
25875
18169
45437
34640
4495
16392
29803
49799
20071
26300
31789
48078
5548
34885
42390
39158
47747
42446
23744
8754
38988
4023
47624
46992
17227
6413
36964
27204
21213
7207
25908
23752
7263
36713
35926
14334
49876
39109
42572
4549
26483
24478
43144
46483
32377
23460
17656
8328
20289
24966
44921
22877
32264
14856
48005
21048
9660
1690
33720
11184
5236
36578
29673
10427
44087
14100
45718
23681
46056
31646
23356
50369
1784
17841
31616
9386
6954
122
36242
6858
24705
31016
26741
10268
6575
8191
39390
36960
28447
49330
31774
7082
35598
33668
49498
44458
24396
4811
43844
20880
30603
17076
33640
21060
12512
11721
24118
35764
10260
26867
26031
45466
7602
3108
37122
14624
28435
42671
48553
35898
29423
16415
11945
36008
35759
26772
21083
3391
19149
51211
20881
9409
12188
5651
11397
43687
31488
12646
42098
35650
31432
12890
33269
15386
26204
4344
51652
41359
41712
19407
42154
19175
8095
33859
50848
44960
29349
21160
47629
11852
9434
43606
47970
50393
4521
48470
51139
18075
31225
19734
2001
17806
39971
49437
16985
11981
12980
44954
17822
17680
8521
10153
22761
44988
22576
25436
17352
38940
12011
2448
32734
1944
39681
38393
22794
35245
32074
38829
20175
48261
19117
38274
22984
18598
49441
48197
6540
15796
36187
25510
12311
10929
10104
39946
48103
48332
23211
38656
16560
9157
16744
48496
6232
12259
25957
46218
24589
42775
28150
34763
2278
26453
42802
23238
32880
7929
34709
49522
50025
20125
35442
36541
7912
20897
31342
42740
18669
24638
43384
29364
27022
36880
51354
4698
40628
35910
32508
33572
39209
23489
45343
3506
40868
18252
43429
29947
14408
3587
2686
42427
33929
38561
12563
16022
33075
46256
40553
22997
11758
44802
14414
24037
31435
43681
14482
33098
42859
44085
35255
2521
27577
23861
50756
25576
41457
34940
40089
30111
15086
30143
31147
43905
31603
13884
27293
29577
668
24740
6756
32781
2284
17020
43164
22495
49092
50948
9355
34161
44122
39042
17668
47357
16292
36542
18399
40118
783
31120
48961
48076
51707
37207
20627
32020
2407
38243
13495
7285
26560
10534
11521
21440
7387
50523
6449
31592
45740
45931
11881
7447
27238
38636
48595
38124
28361
31511
33890
28732
38242
37911
10356
51577
10422
41870
15157
20303
5286
14178
36709
38575
39551
2891
38666
19756
38220
27166
27150
31945
976
44943
47972
43196
22533
10496
27316
51428
46561
2052
12416
19567
189
207
25811
27214
9673
11740
31676
14489
30891
42451
44890
19255
28498
31711
6385
47805
14915
32819
2007
28083
5784
11598
18431
27443
29973
39581
23547
31869
41027
28406
27219
11611
21266
13475
3356
50008
24717
42559
43369
51157
20658
13779
6402
46381
49709
10105
18064
21346
35611
20054
16594
31196
34097
26123
38338
18970
44293
39882
22629
14890
5777
32396
45958
31801
34958
2210
46201
25787
18184
2107
6423
48950
27959
379
38712
27404
15375
37898
15032
23443
51320
31339
31579
44850
41755
11613
1681
36292
27987
13243
8100
20779
42269
1242
13781
45491
1162
51096
7689
45900
21612
14461
1848
33732
14960
46100
44674
9357
37406
22262
21518
28898
15471
6327
46575
6350
32501
29432
3161
16915
46544
42921
34749
1758
47048
49515
23029
38349
43150
40263
8469
36461
49672
17380
35413
512
50028
14266
17016
10578
37713
46430
51488
43037
41260
5326
16620
45324
42494
37088
29603
9335
8965
16050
43304
33161
20722
3472
46501
9040
18314
9390
28079
19635
35596
6088
11513
15675
48751
43436
18520
31222
5783
22185
27804
7009
44669
25824
1304
24890
3576
4299
18950
17939
27958
32772
35334
30672
40572
46866
8910
40577
27567
26957
916
19652
26760
51025
37453
48006
6266
37423
7302
38065
40764
15955
27990
15514
26658
10421
23658
48487
26175
31509
41466
8770
530
48813
7631
29665
46648
3692
11573
25130
5404
23348
31157
22498
11996
1627
18830
23088
24079
45606
46377
38756
47897
42274
18055
36459
499
10876
46664
17573
2718
14419
49216
16871
13298
50308
6946
4745
28456
26124
49972
31622
23804
40702
38929
26927
24574
28222
20087
18102
39328
7748
31240
15109
9076
43613
25077
47542
28040
31131
39697
47926
32949
17084
38066
50216
13564
16800
11890
3536
17678
23931
31724
32234
38480
50431
16558
16754
3145
16310
10164
24643
28320
5424
47745
47694
8372
31675
43556
9330
11351
44185
19037
24030
11206
32100
14232
13941
44816
37729
30763
14332
27499
1536
34435
689
40184
11504
47761
11391
29709
12877
40985
32202
40681
449
22276
34474
23149
15486
25302
10790
13137
1927
49877
38689
16665
41583
38986
47355
29717
17701
45586
21366
43587
17082
12222
9073
15302
37338
36232
6425
50634
27629
11328
44866
425
41796
50802
42912
30613
42489
37392
6769
36487
25837
20847
45807
45215
47193
16391
14776
38127
27780
28569
39526
20780
1554
30406
6960
6984
31129
51434
33507
50244
36638
36680
17037
37624
41117
36511
13447
5184
15703
4512
47698
16021
12881
19192
7971
38709
21467
41637
40189
33139
50850
1794
12219
18617
29492
24194
8460
30792
22435
20918
47539
16360
49241
15320
46235
11791
25931
15615
26408
5277
32384
32229
30511
22112
15536
14837
38542
15158
18994
35299
18101
33230
40712
17534
4905
22489
43639
42764
8309
9627
38841
49068
26646
35875
882
20540
19827
37926
9553
17435
40243
19326
37360
33779
28360
6959
19574
19955
6341
18442
40468
24182
12220
5191
27427
13646
22128
11511
18090
35367
17916
23510
50415
40474
47429
44927
9636
50334
43536
36950
40518
29181
40902
24711
33309
9298
38490
13440
3496
11779
45766
23637
4214
6553
32376
9936
46315
20442
26636
4391
37441
38747
22957
18234
1370
39036
19022
21183
28908
11010
50579
34562
14271
5855
16204
40660
15059
40039
19988
4308
42339
20754
12705
22255
43533
41195
12267
23229
47642
39514
25064
4734
11407
41022
34188
43162
40850
17578
14935
42425
50574
21905
8275
10393
44349
24657
23242
11114
12766
30781
49505
21672
30303
25798
34413
42229
45138
31868
23811
22847
13902
23094
51029
21840
8799
48567
37545
42746
15387
28005
27652
41448
12726
7460
14202
40350
8022
827
1249
40826
42658
48306
31921
50970
43040
36102
13241
42847
27687
29029
48357
49815
28882
51604
16384
10063
51611
48
11851
13355
45452
42900
938
31829
26389
45721
32573
33251
51049
33702
1903
19703
19726
41322
36956
51345
44456
26535
24936
45379
29474
40946
30954
23874
22900
39615
26930
48319
45689
42749
41829
16414
30937
50279
20468
4143
33390
28252
14898
5147
21269
9952
10792
7161
51465
10856
1227
26739
29518
2311
13251
16219
17004
49817
40840
22264
1264
28431
19279
23502
4263
46654
39760
27731
51318
45907
16722
18443
36051
44012
40085
50129
38272
48159
29352
35676
42793
48452
45108
46519
1342
2827
42730
19967
37404
51083
46896
48436
40803
30407
15106
23337
50324
20745
44875
28167
14601
46294
18647
4494
22918
38719
47122
20497
28404
50770
37544
14455
45846
18297
39284
35328
43511
2162
23657
30297
21250
22555
37234
26641
39278
35915
50686
477
32096
23350
43900
16410
41882
9371
36013
33983
36608
33807
33601
40221
10155
11590
28449
36699
45
19153
47031
39268
35316
45732
47659
37895
29325
23892
36834
4573
48855
8533
25877
25193
23666
4350
48288
43095
11776
9743
9032
33448
5990
33946
26406
22722
31142
24794
2
40404
41619
33593
33429
31178
29679
3171
41315
47166
22500
47383
3462
41468
9147
17803
40473
20558
8727
42828
36508
12985
35475
31289
18282
42725
4033
9873
5341
45808
26019
49606
25046
6366
29836
9291
41014
13242
19242
49482
5431
28064
2251
27396
32759
45228
21519
11013
28537
48891
3148
10173
33990
15190
19204
43553
27562
24283
24889
41872
41391
40749
38634
31483
10276
25838
11152
21998
28212
39116
32342
50837
45950
11068
50267
44919
1003
25814
17392
43555
47819
31012
12721
41674
14104
14288
38440
30527
34673
30963
38576
42423
22108
2733
7380
39646
7494
34757
28327
41592
36433
37919
9372
48064
31133
48004
33216
18426
18864
10564
12657
4479
21534
2387
3607
15694
14089
19565
45270
41450
33878
36350
5677
36431
32189
7706
33899
8905
21747
27872
21766
38298
5626
49451
27875
37182
48764
14233
33127
33460
2352
40027
14224
34672
1498
41017
37281
20198
14119
39387
9884
14132
4550
22542
8573
34772
30970
42571
6287
34012
45344
18642
24002
29314
20794
24532
36379
7833
4373
33293
34891
19244
38495
18544
11263
42936
25969
45959
41858
19670
13992
10793
25984
21310
8606
18960
15710
17058
33850
47578
13511
47285
39392
7044
30067
1840
36513
3038
49873
24597
42731
32607
13294
14033
28916
3871
31245
30318
40682
45476
30549
42092
42996
45085
39657
39346
28874
21471
37566
46615
6757
39365
48792
32756
19085
22813
23708
23728
45613
2394
27082
43836
47443
42567
47809
46152
30902
6559
4724
43712
10520
14614
32763
42322
25218
11082
15185
42330
44095
17577
14381
25089
14143
24746
28382
911
49495
20052
8335
2074
17457
68
22241
18920
16629
51662
9730
27547
20143
18716
28093
16001
18037
21643
10383
27159
31160
16911
28129
10059
51570
41413
32150
35921
15362
11004
7084
41597
23079
35338
15556
11427
13645
17724
14297
13778
34635
5275
31193
49824
19128
49597
14436
37902
7808
14645
10182
26103
23077
26998
15766
16260
1492
29567
18984
5368
30596
43970
16404
43055
1502
12916
2921
7430
5406
27599
51419
27904
11554
17667
27940
12210
39475
7480
36934
12137
31398
10975
33869
43702
814
875
32241
43489
31668
29587
31205
21594
7543
10402
4288
41746
33003
13676
10582
3507
45145
51432
37074
14321
44250
30703
7536
14605
19139
22843
9646
27460
1734
14413
23330
521
13877
19774
25873
3501
3843
15779
1096
30793
51468
46713
18689
42563
30634
33369
41050
51021
13377
1508
36653
44260
26886
39075
42086
49793
10073
8713
14807
5544
18808
41939
34462
39395
36369
14207
24942
49938
27145
31166
18482
33298
35747
40139
26546
17351
50951
30951
9857
49338
11094
34668
3867
43684
16734
8633
7520
31967
13423
14785
38435
30037
44747
48717
30313
6347
24671
45551
21005
46580
33142
9207
25914
39626
16632
10424
22521
37639
46843
32905
31682
21919
30070
7334
22873
49458
12146
10047
42509
39598
20548
51657
41149
38816
40857
42276
558
25974
39888
4032
31639
41889
22655
13857
31934
6968
18311
10947
48569
27751
1072
38508
27297
50049
16759
39865
42759
41876
38426
13112
17787
40174
7354
30514
44198
40309
51270
32162
1538
41938
49715
11046
674
24373
8627
1193
157
20432
26398
17208
48749
25101
2535
47153
34460
36504
32156
1443
46805
32609
10609
30097
8363
25977
4630
47976
38266
12511
23123
39233
43958
45174
48433
12924
5561
8643
50318
35793
13791
22217
44962
48399
23213
28562
21052
30224
18723
17549
18467
44744
5316
35259
14421
7613
35577
33637
6628
43329
39712
29645
24511
23438
24666
4970
46327
26877
38985
39251
46062
48500
25454
8698
28344
22028
44713
17478
32391
45990
28625
12587
3195
2432
48295
17863
32034
49285
41895
31569
24882
39819
16555
9974
12172
49085
34338
36121
14195
47309
42011
16979
