27128
33031
16576
32818
29487
22643
9142
19121
22784
20164
15508
10961
31088
22611
6996
24011
10734
24113
508
25708
35757
3976
14202
9753
14622
32087
24301
1228
21666
16814
9316
3273
37003
27390
33927
32816
36821
26934
23418
36893
19465
22657
25377
5375
31265
17604
20303
3708
36365
35322
9552
33217
37271
22771
16641
20953
31529
37369
30387
14166
9712
19796
9206
32362
28887
22956
5487
26449
26618
25441
7379
12587
26194
25174
5333
3612
26708
19677
18619
11676
9591
29965
33231
6421
5118
10567
14260
4701
4228
22298
11656
21922
19821
25874
13742
16760
14470
9972
28655
23988
