9481
4337
35595
16703
22795
12976
9762
33628
2311
23471
35889
11749
4181
4736
26022
6858
19182
14262
19343
12798
19412
29229
10959
18594
15137
24514
7349
8223
18762
37571
28266
30947
15054
4109
23909
6087
15583
17619
32551
2087
2375
35522
7038
30557
36231
8864
20158
30753
8268
10720
36517
13670
29977
7650
32478
9537
32772
34264
25839
11255
27361
24207
1675
25019
21030
21799
36871
18697
12507
15301
20173
28617
14440
37094
23738
31609
15626
23382
36992
33530
6958
27633
8388
15741
13102
9781
20836
18835
16125
21812
14531
12395
21297
21526
2355
31517
6918
1607
13309
25411
35058
10212
30373
5219
8023
12363
19630
8609
34623
14524
9555
21300
12883
25310
37340
21341
31455
28321
381
21031
8172
28204
5606
10570
9359
37598
5802
28563
26413
30911
11413
14499
37640
19774
9625
3335
11634
18894
27197
5844
27342
34318
12258
14375
22562
8717
7895
6334
11638
11091
26740
15603
23996
37509
36564
8393
4882
14044
19241
6927
1279
21691
29251
23675
62
17981
7599
22760
28089
3486
29208
18559
29815
5392
20722
29179
26126
17415
34151
13463
5101
2902
16552
9794
19280
22192
31385
19298
37413
29415
36643
1150
26246
33047
29864
37273
22254
196
19265
2950
12940
10069
5968
19286
1551
33357
22022
26814
1975
13220
20804
35174
37046
16625
26098
16239
31629
8456
3849
24864
29911
1938
17859
10840
20385
21316
19556
32845
20373
14001
27899
26104
28029
24794
33562
36341
37039
18513
13077
7894
23893
1212
1617
26987
22949
23173
14682
22127
3969
1278
15607
25992
36240
21950
561
2621
15641
7173
22122
3321
8171
24528
33670
37706
15404
33631
34960
6197
8522
15872
22944
9509
20810
30935
9240
8449
2952
15964
20769
8627
17747
23887
36387
30941
22851
18759
13884
14841
13155
25329
15367
13571
3992
32759
6699
18575
35486
2227
30525
10850
29883
4010
35455
33772
7541
12291
33306
1994
36388
6479
6831
28597
17969
23809
17325
16827
18014
396
17797
17586
28337
9823
36828
25156
1245
10368
29572
18420
22346
37411
26237
1668
18205
22772
24073
32698
25673
5378
25936
3750
34107
30814
10554
10504
26999
35935
37431
21688
36084
13040
9318
8827
10667
35187
31537
28970
9147
25150
24482
23905
22334
9970
6740
12705
3421
18394
22430
23717
33135
29057
27505
14802
7143
33247
21755
33662
7403
33998
13895
21107
9834
15303
23607
9654
2538
21800
11227
28326
1705
32364
25749
18994
13160
14245
30939
14409
23157
5921
7506
36712
2893
33050
6041
28287
7837
11597
35191
13870
5683
2768
23174
13328
35886
35726
29814
23098
23588
4196
15113
26682
17282
28762
8463
27567
8335
7922
35764
19290
29276
2280
9202
9428
4286
4523
29379
652
18441
27709
23766
11109
13573
11561
19052
6691
34323
6048
6516
13587
7559
3003
15657
21484
21486
18464
20144
13527
27628
9963
10023
18229
1680
36582
16643
32912
16491
14424
10260
31015
17519
17580
31815
12702
6551
27325
16777
1580
8026
19051
32318
26865
2129
22560
22273
6947
18836
27427
6802
29698
26490
20711
35709
28419
11548
6543
12077
4993
26675
18801
25341
34000
9131
378
14027
31130
23438
10072
34230
18398
36629
16500
1730
16135
33318
8437
36366
21122
26641
11248
11936
20382
13646
34300
895
7622
2635
24551
18455
18711
2780
34492
34921
28823
23333
32410
15246
19448
2692
24703
11460
34299
34429
29730
31241
34021
31408
124
22746
18279
8906
24271
3771
3563
24723
19790
11530
18667
20787
25220
29107
31545
12157
15260
5093
16366
36489
22704
3098
10874
9608
8829
15117
14453
17442
4866
289
34821
19222
16538
23370
5054
1578
31114
3831
21476
23539
32645
30908
29477
30385
3873
450
4424
36348
11800
37575
11502
18690
12265
19713
14584
4313
32507
25215
36073
31256
15589
36859
26759
28733
29106
31889
14400
13097
18591
18118
15819
2883
1456
5035
442
32383
7725
7054
17965
22
21807
27921
11932
20508
19761
31678
27984
33563
18827
19123
25212
11564
15490
34045
32027
10256
36826
17450
37426
30132
37553
33754
36120
80
13329
9388
3159
778
10354
33846
36632
918
7110
30535
16738
14369
8061
26897
5329
7008
12893
29042
25691
17135
21636
30757
32624
12901
27560
23342
15159
10485
3104
5615
25187
20649
129
10937
17104
37395
29080
28312
190
17132
20623
34556
34015
7322
2347
21685
31133
27076
10459
5431
17542
34769
13491
36671
16088
24097
35698
19419
24985
2354
15372
2776
19381
6383
6096
32277
2916
34008
3296
16906
14955
12301
29825
18830
25349
928
7276
28018
7952
33463
32064
15753
3117
36924
29047
36364
4542
13554
13864
25883
104
8744
7777
14815
16370
27418
749
29788
29145
33884
30866
32301
17789
32417
981
8489
5691
32562
16407
33580
8762
9415
13146
29097
1017
28116
31601
4307
27468
14865
7528
37492
5172
16533
2688
12031
7645
1890
12307
5906
11993
12015
12297
29292
2507
22235
11175
8356
31131
28071
12101
7621
24397
29741
13370
9364
29983
15953
35283
1013
29049
7063
18966
5923
27199
19385
18326
5975
4586
24488
311
25316
501
16914
26838
26841
23647
30396
22586
2834
25446
27127
35719
27547
31682
9707
18803
88
5744
3061
19319
5041
35828
36765
32019
6249
9413
130
12667
7475
5387
8350
37155
61
14169
20456
18528
21665
14533
35274
37208
26806
32991
14372
25922
28735
17886
4511
5709
26562
22466
35782
31631
19934
35739
8822
20420
1740
24287
9528
855
24333
22172
33419
9541
34035
25218
7200
24291
12643
24221
2803
20328
9932
28434
5169
29334
25611
35123
16913
27089
23266
4859
33519
5447
23951
29513
13261
26458
2705
31774
24002
23248
37651
6997
8383
8743
23268
35602
35419
27808
3142
2050
24534
4496
27859
10839
18403
1175
19539
1907
5150
6229
27212
2310
11367
28966
10013
24346
1831
25760
2499
8541
5688
33051
1471
17875
27419
26267
31744
28263
35038
37662
36521
26585
33723
17273
19356
36834
27834
26541
29177
16622
26207
27526
11203
27533
24432
25069
16454
12420
13937
26250
15932
34538
21543
14792
37335
4759
17972
28203
2938
1388
29278
8815
29370
14694
15547
27875
32185
18890
18048
27488
16022
36065
30903
9229
35060
23078
25804
7351
902
16106
33093
7078
9743
16831
7847
30626
29593
1413
14598
8732
18287
32061
8771
20924
18910
7886
27050
31247
16425
2256
1166
17390
29726
6602
9982
34010
24351
36426
13637
25620
14084
17417
36369
11884
18616
9692
26206
16139
30547
25165
24603
7861
33521
8814
22523
5516
25710
26093
7375
2862
30352
36100
16111
27401
17088
11858
17425
20830
26272
2854
8293
8576
23617
17815
33434
15236
35097
8821
10650
5243
9806
32923
21648
22153
18482
5669
2648
17717
15927
24013
3184
2140
9024
4107
36750
25104
9000
30074
16356
17557
4283
35304
31664
16675
28313
37074
7368
2959
6144
37674
18039
5376
19949
12501
20027
21971
32796
35929
4290
19601
6846
19334
32182
32387
5773
7177
3653
25306
10026
10335
4670
25832
5313
11823
13780
30008
8309
37505
17185
22355
8375
34422
15324
7188
23656
7860
6646
14416
4833
25356
4687
21435
26769
37381
27088
9178
14131
3316
20832
33579
28825
26443
5451
553
28662
20972
3267
31887
3822
20909
29633
29635
35150
34690
33178
9287
31456
21528
24016
16986
21179
4186
19313
82
32586
12801
822
14122
29094
12470
10046
4797
31978
10793
10074
4218
18409
25937
37206
20744
18780
16796
18811
31046
27373
34531
18082
18240
17280
333
7593
13663
2420
25016
29984
3054
18072
23175
31365
36056
22598
8094
25110
27185
26514
23237
4988
16797
8326
28495
22246
37705
20141
37687
30256
34386
7542
27568
12213
25846
34381
9426
12968
2448
8296
22018
3546
25072
24584
3171
28886
19230
24877
1369
18525
13417
22206
30659
8165
5283
16151
22006
22029
26445
2963
16608
25423
15980
19849
4619
33834
2602
2025
15830
29252
18133
11674
15507
16690
4553
21992
10269
36815
28729
16471
1426
76
3177
33633
23568
36558
8948
36006
13855
36706
3580
22642
18117
30849
16414
18026
34603
7686
26990
19398
5611
19724
20156
32592
33798
27653
25532
926
18963
35525
29356
14732
16873
2216
25516
2401
13667
454
28544
34639
36862
11297
13474
3581
6587
1051
6313
35438
12613
15305
2763
11795
31207
23929
23864
36580
8234
8041
13201
5186
16613
24530
7203
29807
15760
29240
20081
14211
27535
33620
24843
10800
29944
8915
21483
10954
374
30859
16128
14921
11698
9289
26447
35833
14019
13902
24219
3238
5925
13994
9421
12092
3329
34067
33130
30786
17842
35035
6524
136
31971
11653
8418
630
34788
24200
36675
4269
14553
4974
32229
5407
24147
7653
683
24883
11525
32042
10544
24774
19503
18264
13766
34234
7295
487
25276
13777
33989
3602
7677
36840
21641
22876
35464
18637
33181
29435
3668
11386
30996
3472
1292
28696
30528
19611
36379
16980
16238
19126
17958
26831
8971
24720
1075
9978
2886
26424
16623
22838
15078
18182
13278
16295
20304
20607
36385
17436
9613
35437
16677
3642
10603
22424
6102
6301
27537
22710
285
984
7033
20246
25323
23009
6816
13601
2299
8428
30656
32979
20558
8881
29777
6182
24582
23634
18093
30501
20192
24257
19074
23129
36168
13973
31802
14060
11054
10389
2903
17303
10408
25872
12355
31773
5672
34659
21088
28392
26927
12255
27771
33442
24566
8250
32974
13500
7497
27284
18088
10942
17940
23148
36326
22921
30335
28615
6333
2724
18056
26661
13299
1368
22297
23235
15453
15330
25561
2443
12087
32200
34855
19937
24761
5929
37692
30499
30409
34224
30577
20719
9063
20242
36197
21320
11828
14201
2424
9081
4584
26388
18387
22798
20014
19325
12552
24077
6678
10433
22282
29466
27869
29075
5025
1939
18747
9569
23119
19158
11898
37607
16841
31768
21101
10018
37133
23023
7844
35667
29837
17452
34118
10998
11155
18899
13724
33285
29588
22357
10323
24624
20536
10390
31123
5792
32007
28215
35375
18895
28599
6181
23100
12147
36443
28374
27738
6647
33039
33020
22247
33745
25037
14074
27113
24479
21857
12554
13184
33974
23941
2659
34026
9010
29934
21256
640
31885
9350
29490
12865
30261
3913
14250
11268
20308
4326
37014
30838
29710
30799
617
21388
31149
14164
7830
17118
17634
3883
15313
35512
15887
2134
26280
3160
19220
27392
25751
6415
28665
29400
27094
16336
1420
16308
8329
10670
11920
15776
16184
33070
26475
35620
19902
15171
29316
31604
15717
9990
23565
4042
35493
10903
27569
37491
19652
32781
1744
8002
23764
29753
28769
23387
27673
464
10611
5480
2871
35399
30960
26997
7361
22415
3824
23492
35671
31656
4320
29176
24417
13615
7465
4740
17381
29283
27207
31715
34044
14006
7345
10032
393
26249
36041
10911
24376
16060
28
24759
22768
11017
17445
17202
18996
21951
32669
1806
14063
19544
10523
18472
29006
5963
22516
10398
34858
5766
17047
37628
22443
27597
4133
13388
17670
15186
28427
28299
13934
819
24314
14113
5958
12807
31994
2565
13591
2158
20312
14464
3887
15136
32286
12612
1397
6925
21245
37339
6482
20875
4506
30026
14106
31242
14953
25742
5664
30088
24169
25140
10738
28043
14675
8993
14692
37123
5279
10341
24026
16130
37368
3989
25549
9418
22176
2361
15799
5796
8221
3144
19271
37650
11380
21844
11063
287
19186
11769
11353
10843
28418
8071
19865
28964
32062
24929
34052
6464
13188
17414
28328
30041
35248
16269
15420
19292
16756
18354
26613
22354
21500
1463
3198
17228
7123
193
1976
8745
28747
29230
18632
2721
6672
11036
8859
10622
1978
2201
1725
17253
24127
34760
563
15972
17326
3751
31769
35843
29647
30872
7122
29155
27161
3357
4004
35102
16264
14889
24203
5382
4931
10342
16722
13911
7031
21656
28698
7307
29774
12984
20371
5022
33691
7614
9679
37165
33449
27304
2658
14624
14107
15061
34652
16488
2846
20282
36602
5421
10656
19721
35640
25364
7448
32890
35324
17378
958
13586
23569
8452
11622
20970
13181
26405
12744
9386
23861
14978
29416
33186
2018
1305
6793
8873
33938
32267
34922
14143
19921
31081
15740
775
30451
33118
25154
14824
3399
11056
18092
11931
9693
22324
31999
31192
10819
13250
30676
4512
33748
9775
19919
34064
20616
22279
572
12717
32282
17798
23002
37502
5156
11374
8740
27711
28483
9740
20550
34586
34739
18486
4775
35662
16369
34719
9818
3743
210
8202
22451
16331
18369
6547
36982
15067
12503
173
28360
10712
13800
29582
22259
21309
23506
24311
5536
611
8705
8325
15995
36903
7233
16994
10102
36411
18726
30632
10538
20564
25825
11411
16138
22055
11191
37361
37265
9082
32776
18216
20643
3470
10498
1396
12100
11639
7428
11133
21265
5484
33409
35987
33888
25588
9278
28129
19874
697
18752
13844
5684
10669
14702
2606
17094
16578
34927
36691
21659
8590
27870
35791
15023
20548
27971
23716
31049
31900
23765
6506
32072
29711
1506
2473
1293
33598
35163
5148
15024
27259
34163
3480
26819
3448
5714
10257
36522
8148
27211
37563
32547
25117
27571
28614
7174
13418
27549
4707
26259
31909
25279
5797
16442
31953
35263
16740
27896
14872
33654
6770
14158
13606
24822
12240
33680
33260
14705
37555
2116
15373
9680
1028
4272
28570
12464
17851
15251
4259
36646
24942
28421
14532
1453
12189
36492
18869
13965
17492
1979
27479
21609
33008
20211
33430
6549
12970
23408
20881
8754
23623
16984
33931
29691
11604
5827
6835
20234
9436
12139
17550
6051
16311
29646
7186
31188
24833
28291
21204
34891
23613
3407
11482
1682
20755
16384
12051
30990
37262
7075
16417
31642
35830
2954
33141
22939
21749
34622
709
24110
26779
30035
14064
37217
20046
6563
24390
16720
18003
7254
7981
35075
30272
18047
1564
19566
17076
36202
23288
14665
10999
20
33703
8090
7377
4358
19818
5039
18077
21146
1419
7634
36117
15395
31432
18810
34187
24879
13694
20684
17544
20386
11699
17183
36044
19435
35688
15192
3967
7359
36825
15048
2053
33934
14461
24407
18247
13087
5121
14467
8784
24701
7490
17816
247
21287
13702
15970
18727
18215
28065
1808
35022
2707
34089
1239
33408
13944
18987
1917
28619
18116
30282
33447
9137
28393
9400
15835
2148
14591
6966
20102
10056
5195
10590
7967
7158
22389
30412
13318
32998
33301
3359
8006
7151
27023
36249
5305
4121
26832
37484
15332
35355
18129
16750
32209
21900
9894
32660
22945
35825
16144
13147
1030
32757
9218
6086
25704
30178
17308
25317
5883
6990
27168
7674
36964
21819
30424
28059
17310
27415
34152
19914
15724
78
28590
31115
132
506
32791
2371
7440
16603
27782
26278
15309
31345
6481
5812
20343
2400
3688
7609
18174
30549
2441
26366
17406
15300
28553
22135
32779
35994
16798
34601
6458
13841
1199
12796
26674
12818
34325
9345
9227
36190
36079
32327
4688
23490
10859
22166
4925
28592
16782
13769
5051
5359
9922
9533
28053
34844
22216
5605
35562
18378
29630
11279
26168
30456
1812
6933
10804
28132
21193
3869
24003
5254
31862
12881
11746
35057
28921
12234
30958
27359
11006
37214
1849
32093
16215
17050
34095
57
20402
30232
3781
13915
9186
10853
36919
29820
26968
12508
24384
32294
14812
36242
5074
32715
31745
5371
17659
17167
4108
17151
22547
17512
35425
29982
8897
22180
515
28181
31605
10920
29973
9874
37391
9470
28288
16771
2991
30540
31795
24958
9551
4035
26540
3341
33992
35645
5525
26156
37524
28133
29885
8459
33269
34934
18417
17998
6838
14396
28174
22649
27882
19706
10789
23563
25290
7005
8729
22628
20167
623
22904
31110
15172
32584
7729
2154
31424
35991
23548
20351
17872
23058
19792
14387
32728
8415
14501
17320
2066
35774
15601
33032
36679
6032
13379
27150
17852
3575
29000
32123
627
10529
15548
23804
19619
12708
36101
4710
24445
4143
32043
23774
3262
5105
33136
9611
3291
27881
7962
18451
28126
28470
34408
12142
13552
26040
17579
6545
27326
21345
23692
11802
9969
27301
13065
18511
12653
33851
22419
19117
7271
6029
34178
6142
29294
1238
6553
6783
11890
37497
16162
18201
31082
22946
6755
30372
20527
27584
3842
27583
17786
7499
37449
30949
7841
35039
21752
15811
29999
21236
9715
22705
28950
21996
32682
5001
10927
10520
22581
36940
35349
15528
21302
12203
12991
14934
4690
34207
34637
17487
1178
34022
35513
28572
35338
22793
26548
1031
17577
20080
27754
11129
21582
36158
16617
1322
5994
26209
24252
25434
23865
18892
37474
14436
7807
26109
18880
9114
20538
26764
22284
18308
9255
29425
5696
4250
15480
11381
26891
1260
22651
31457
31881
31236
16845
4432
15098
28821
34758
36459
1266
11461
32263
14600
29497
35865
31986
31266
30800
13960
26027
26121
25141
16333
24353
27352
22974
9254
7631
1259
15966
32255
34341
37118
31808
27077
13985
15052
1546
658
31176
9493
11889
25955
18737
5873
9108
36683
1762
25449
21529
16465
26516
831
15297
7500
36732
6654
17716
18046
25025
30167
26154
5835
23017
28454
25151
6255
37131
22660
23698
16664
10763
27966
33611
25433
33404
17598
7449
5504
2289
7162
29157
20452
21177
19532
15241
8322
17409
11850
35326
19885
37531
32254
21678
17525
25915
5718
36368
30769
32671
15618
24379
9771
25649
6058
31224
18817
8668
34171
14485
35196
15398
10222
7721
15752
25624
16183
36109
21489
25560
31497
35824
3901
23649
35267
21502
25506
24662
13324
26833
29326
9548
20996
13623
31426
13903
427
2946
9662
34741
27240
23997
22862
13115
28992
26230
35067
2714
27265
28612
32227
16328
17576
15408
4300
36072
31206
19787
17858
28044
2947
35223
12824
31020
17482
19995
18938
9327
13380
34006
34987
36320
8844
6218
28151
17656
7566
11053
36803
9033
29563
36644
33990
34896
27501
36699
36022
33290
10176
18907
31423
6305
18114
22063
11672
25765
9182
15087
6001
26673
8833
11478
2711
21614
31906
36756
6856
17654
19031
19742
22659
26903
21867
21622
34956
17808
29727
7366
18010
25021
2646
35445
6396
31300
4299
19307
14658
30173
19194
22177
35100
22250
25903
34407
36596
15855
18430
30267
25455
4675
30204
37303
34936
399
1663
11886
4467
8684
4189
17941
35154
30122
9760
18787
29890
14459
24330
37005
18906
31035
2071
11753
24996
34553
15197
19036
12106
7214
513
5368
30434
21237
6750
32627
20189
15808
25139
26924
8580
27879
22878
28925
4284
23212
21768
6336
14270
28021
6637
30063
19952
17978
2816
1398
31638
15310
7326
34722
17881
32642
12441
33338
7776
5090
25926
34643
16510
6843
14377
25871
7032
9155
37178
7402
27557
21448
14056
23782
15858
23080
29368
4529
3364
14004
24128
1098
23265
32467
15560
31936
24561
10792
19332
3132
2438
4244
32112
9876
34738
33416
15392
4201
11244
13083
26066
28835
12787
32829
29631
6766
32505
19480
18634
8508
14902
9621
20059
27686
18601
24821
9195
36186
11937
27607
21059
30664
33995
30946
35167
18630
26198
32623
19587
32824
2660
7762
28106
29801
23343
24542
20443
2542
4398
4910
3308
3026
19802
12722
25013
34268
13377
1922
7376
1452
25221
2069
28093
18832
9572
2550
19408
28796
14248
29718
6650
24131
10472
2488
15265
29805
10944
13568
2279
23573
27183
35271
34462
34272
6288
14479
31640
30513
19938
6036
3149
17149
13447
29079
26055
11689
5450
15538
22070
15417
3594
8402
4455
31577
10666
33401
14636
28650
8199
1640
9020
23033
15155
26014
19219
12437
7607
24896
7153
10545
20007
7045
3577
7006
4928
4375
14700
2942
23987
28947
15127
34507
17529
21099
28040
28816
118
8498
28880
7840
34215
25782
34750
3018
9416
7948
13410
9671
32358
10673
20800
919
12481
28147
26141
26536
12315
4352
6319
31294
25260
20718
10636
23491
15237
23725
19444
16609
9574
7854
7463
9050
15988
4765
35401
32130
16768
29110
37494
33009
18554
4350
1502
11062
13683
9845
16957
22491
3511
448
9442
35212
30279
26859
19580
24778
472
28993
33969
9407
12153
26622
15726
6794
8328
30364
20475
26954
33470
22427
36136
4462
23810
14210
26253
33043
11600
17297
20637
35763
23851
36959
1274
1739
11306
7132
2317
24264
30891
36819
35923
19528
26692
22702
30445
28218
7357
36298
24880
33656
21180
9504
28763
15812
5444
28285
538
10507
26770
21260
33350
24036
2478
28302
17480
8156
3857
37309
8235
380
33564
31556
4541
32035
32678
1218
1651
25678
8925
188
35746
5641
24070
5702
13198
20899
34161
23520
14975
17039
16813
26459
3356
26151
7942
9463
6425
22510
1445
21523
7224
26980
30339
19754
8681
6031
6138
6694
14361
3695
16329
30529
29937
9339
7821
13943
22188
24389
5175
4263
5594
3465
13778
30852
30053
25805
37160
14782
32894
18689
22480
7921
15469
10690
24793
16281
29351
33237
34864
24727
22099
10625
25272
9432
25041
8773
14230
11094
10496
26849
1070
13029
7103
26417
14718
21960
10191
11418
15892
32806
31901
27625
30244
23138
28528
9913
23500
31292
19045
12177
20597
2693
26377
21501
11399
96
21064
22906
11412
6585
14567
24085
20358
26884
5449
35461
15608
16257
24712
1937
605
5737
19329
9443
26097
37677
13603
1466
16505
31232
26242
12026
28678
25622
25224
24538
6344
22457
13249
1910
12999
5723
2208
344
6993
15334
33578
4501
30765
31873
17491
665
27866
30169
34058
14146
22222
33996
29331
20454
36704
10464
1992
4774
32240
34227
16266
10794
20228
30358
19728
13193
34370
23346
2828
22446
20384
4981
3573
34333
20859
19960
22147
20792
2904
37406
34005
30079
22378
5331
12924
9722
14528
20625
11314
26052
12878
1918
25553
25595
22109
33923
12637
27179
28164
18785
11295
18509
23452
34117
15380
36345
6499
24341
9095
11633
4353
20099
4476
4999
16173
35663
29974
2248
28355
12698
30717
31578
14767
7072
17081
9839
34254
15664
2178
15562
31985
33920
16529
1143
29089
31153
5377
26782
29861
24953
20595
32378
12239
37362
6972
30049
37496
33426
1936
28027
8497
19845
3153
12287
13344
5772
2747
23616
8687
18753
35079
8269
34584
13503
30027
25684
6767
21828
9910
34759
34327
16741
29810
3874
33167
14684
27550
18468
12982
11243
10098
3210
8776
28754
28243
13351
18068
9815
21318
14487
106
32338
8952
11987
25971
24121
16905
25902
6576
17509
24062
1483
20447
23944
30503
5791
21901
21151
7696
25521
25238
24130
34983
5427
27486
37161
10593
34267
21172
24943
23794
10338
10130
18707
10659
35361
2228
5579
26000
18285
32228
2584
2643
26327
34735
7608
4706
36974
9875
20930
9749
24467
9675
6573
8562
13772
37345
16769
23862
17013
20361
5384
28107
36000
24137
9635
15512
8866
29443
8135
23753
24375
33418
11292
23831
26006
34666
7825
26271
12934
7167
25884
11824
6900
30789
3756
32774
25080
21575
12571
4171
15788
22676
6486
7026
13600
32571
1233
35950
19966
7015
34651
15102
4591
14460
36160
2686
26029
17230
23674
16705
23389
16120
21080
338
12659
17133
3075
37479
4831
3020
1753
11820
5566
25105
34619
32896
996
15316
8440
2872
16955
22853
18098
25006
25103
5846
35360
32516
34575
23813
33252
21416
6183
24133
6429
9116
10444
12548
15628
58
9128
2232
11978
23442
5009
2774
6436
5094
9531
14986
971
22002
33248
4140
28144
31240
26867
11969
18427
12909
2111
502
32840
17077
23369
36900
19553
18043
9139
29882
20862
674
20721
21202
10509
20736
14901
411
34616
30808
36188
29975
36532
24383
18541
23115
4965
6608
824
35080
11164
229
4879
17780
5386
9181
7474
11573
3450
24726
21470
27109
27842
21410
22436
23121
32268
29966
28895
22787
2564
36045
18485
20893
21315
2836
28694
26842
16939
35888
5551
32760
33704
8353
24475
27156
14327
4021
23429
21730
14002
21289
10708
24506
23770
25905
27682
7341
7926
17836
28607
36141
26653
29616
28681
11503
28082
32236
18796
9011
14717
11924
8166
31902
36811
11178
25112
15501
30848
36641
31437
10014
25930
19345
5209
7280
24967
23135
32619
20299
23437
1371
30537
15861
13165
31630
33765
14637
35835
17312
31019
6539
3348
10993
19302
31487
8495
37073
18268
14399
18156
5671
21883
9856
16791
20956
14471
33343
16001
29336
25995
28064
19401
13675
3143
16596
34679
30198
20368
19328
10268
35266
8849
11787
15479
26131
37350
8521
4505
10940
20095
22610
15108
767
17846
27765
14287
26731
12432
15977
31622
36053
13036
20107
19699
13454
16105
21499
26257
28459
15650
11690
30893
1734
15974
9099
16594
20314
14774
12423
37006
8650
571
37283
26506
30484
1934
33818
15388
35472
35026
20349
29384
14519
19590
12107
4174
33289
6636
20751
14332
17001
15933
23785
3430
20415
3339
34514
32874
18823
6514
25125
35028
18815
20229
9967
27995
20279
10812
17255
17543
20756
23132
18535
36546
70
29160
2103
11035
23552
9943
3380
25149
35204
10537
17510
23455
17906
27135
25416
11860
36145
14936
19716
7464
36588
16304
14831
23152
27357
23872
18452
22158
10724
11156
8935
24581
6077
21369
782
31190
24193
13262
33423
15428
21762
24275
34744
19604
1478
31706
2624
29369
2209
6273
19357
16919
22140
28907
13822
1016
23959
31687
19069
4348
25788
24904
25738
22475
27356
6006
14522
8317
34177
8100
33788
16938
14721
7720
32493
5573
3043
10726
13735
35989
13585
14557
7978
36617
17489
20699
10024
21947
9788
23576
27559
696
26570
20676
11382
23704
29129
20280
26741
37101
36030
1193
27303
21368
9408
1771
17511
22034
27376
29380
37373
11660
27408
24296
351
32703
14284
2944
3292
14489
11225
8697
13322
1709
17703
5202
33330
31584
3469
30573
33823
6110
28904
11814
8092
9895
5314
12380
7730
21199
26634
26345
15787
37424
21627
32765
4634
18440
20363
12072
37465
24418
2685
21290
9617
6903
30064
15167
33351
26906
8774
30475
7990
1318
13627
13538
81
4117
17690
12068
33146
30806
3611
11543
36018
27701
24515
12609
20370
4653
10635
32934
10145
21026
18819
744
5258
27072
11928
22186
11444
18586
37606
2702
20978
11111
35683
31036
21469
18423
818
29933
17726
22559
8958
14670
29248
6980
25000
11973
30551
33175
4803
19551
28290
23031
20430
10227
35541
11171
20657
13707
15255
2865
10060
14412
17119
9180
9351
23508
35647
6689
11025
1128
28716
20473
22721
16646
30726
33508
23483
4749
21052
22615
25732
13845
12506
9718
28505
6702
35705
27610
8480
14057
1352
37313
12819
4637
3077
8589
36446
16713
36414
35914
31732
21738
2269
6527
12990
5061
143
30203
23022
16794
19923
13032
27147
19829
11527
4194
36717
21722
24990
13817
6944
36530
31702
23034
69
35661
26519
23743
28316
27225
16476
30312
2285
28179
13019
31353
1331
6660
14881
34944
11031
6718
22947
20276
8010
8855
23659
34707
19943
993
21683
25233
24230
32986
25551
31108
32304
7247
18918
18599
32086
548
36761
13761
17216
15682
14951
700
26288
34134
2462
2336
5810
32430
22252
24845
10932
30685
14814
14772
36474
7628
30392
14913
33763
27012
23935
35459
8112
35458
12334
29728
18633
23243
16132
23822
7070
3921
19646
905
27675
7918
35567
11880
16567
30393
7874
31703
10586
5839
31375
6985
22445
31865
5452
13825
25082
34233
34776
16017
5381
17617
30249
14581
33881
26522
4273
27799
18442
16721
10665
19811
20599
26275
4748
17942
19314
35548
28487
22449
22871
12386
35910
2948
9923
2523
22622
12882
12884
26159
36853
11816
22905
24090
33809
29700
21445
19968
2641
20835
25977
7240
33029
27403
18572
25999
36460
24093
13955
22251
2005
11593
32165
9406
18926
10512
28444
37641
2874
3053
10592
15962
14715
29778
594
12158
30038
37435
33003
5310
12117
36916
21662
32981
30136
31473
11574
19506
37225
33286
28896
14614
35955
25960
25574
18940
34484
25292
8174
32289
16453
20805
17806
15870
20281
7012
14347
22858
1032
10652
1439
24683
79
33171
1575
17973
34948
30138
21086
36020
6332
13048
11494
25544
326
33935
28466
7107
22152
23112
710
33756
16829
27421
26426
31315
7260
29680
934
34937
10717
544
29663
37113
7172
2268
16437
2068
33906
10609
25535
28846
37082
18145
12515
20803
16014
7335
15640
33552
31720
1360
14552
10923
24512
16170
5403
15410
1417
20205
9773
9292
20040
21516
2329
2907
15536
24214
4310
21862
9331
947
33119
14808
27181
36137
28115
16561
19571
31976
17781
24228
11228
29259
22967
37298
8003
25385
13442
29022
7811
30922
12280
31165
14086
376
14606
15756
9989
21041
4678
5272
29874
900
1154
18303
5042
20929
2064
18150
29632
672
29884
34253
7128
7523
30965
35133
37678
18037
2873
36040
16606
21716
27793
32420
8597
32059
31750
3694
22225
2056
36291
28851
32371
12013
13745
4156
8053
8888
36807
24247
12540
15091
21089
19104
31398
11271
35148
9690
24047
32199
14333
25853
28207
15261
35316
17369
35869
13679
26750
21411
23244
29785
19254
21028
22398
36130
29809
11733
17249
2625
27432
28206
13486
1998
30211
31996
24614
21689
21019
8946
22535
19013
22743
12780
35553
23219
32404
26078
4703
29335
16129
34568
7056
15021
11323
12366
2494
28755
9381
17839
34674
32720
35985
4919
11603
27566
25059
23332
32079
7467
16490
113
35233
13493
9710
9013
17169
19379
18008
18346
26144
12894
4370
6937
32848
10475
13640
35436
9519
22358
6022
24123
4520
16108
26855
4170
25076
10246
24706
3845
22536
20223
36406
37346
33161
20375
546
14055
21020
11540
17805
9515
29758
21343
32403
29090
4426
27636
29244
36439
4142
24529
25795
4114
26213
10006
35032
24451
36796
25153
13660
29881
22619
5277
36929
33019
17
32311
22856
35411
10758
21760
26296
29534
1683
32621
36173
10385
24694
15554
37656
27880
9488
31674
35429
32436
25348
5877
18916
27234
750
27430
9709
34614
8689
23597
22190
4990
9226
6280
18476
16233
20196
6774
36125
30101
29615
11609
20006
19287
26325
3265
32071
4853
32742
29705
25031
3446
29271
24739
29013
18645
11801
21106
6314
34139
16190
31955
23297
30985
32847
36656
25858
17040
25237
7501
22193
31925
22394
12069
29479
26063
5328
24658
15833
8371
18846
32313
30005
3540
25466
35742
31945
2603
9018
34914
35649
34396
9868
6381
20018
26802
18376
20251
36003
28693
34102
37364
14301
17404
30734
803
10310
22617
15
18671
4785
34256
24672
32400
20036
8399
11265
26666
21703
23015
23720
5280
33945
37646
27414
36391
11640
22296
17146
12448
12410
5988
13436
13513
17495
29553
11337
33961
14905
15493
5915
11327
1185
27916
21953
9199
4095
9399
6431
21619
16
28927
7138
14455
35004
20166
662
24419
8669
1632
36623
35822
3941
11280
19632
28429
33623
30820
20412
821
6658
504
22895
27747
20068
30485
21458
21931
37081
20518
34428
30585
26091
34867
10700
14500
3658
15610
13971
12751
35019
27934
33348
441
21337
22752
18768
16639
13726
813
30574
27749
24673
29151
15659
30868
28761
11026
29641
24054
8187
24192
17036
13364
893
4616
13529
30034
27706
7938
17564
31355
22478
29915
9700
1127
22276
15080
30416
32022
28403
22312
31250
7661
19260
24288
5580
11582
22241
388
35584
13883
10264
26619
16864
3836
24339
23338
12268
14586
9609
3124
13672
24625
15950
32929
21137
25340
19654
27658
29358
19832
7866
18252
16862
3379
31830
18847
9352
17061
11123
16034
25339
31450
22504
432
20689
8307
17234
33707
6661
9105
23075
31618
7325
36233
36210
36947
15730
23417
27541
22043
3393
7431
25835
20021
3355
2171
32924
29489
8287
2398
22819
22754
6115
