34400
21536
11518
184
51331
24672
21893
16122
18705
50849
21192
38513
41430
16193
3839
1605
34639
25297
28106
2337
26856
47739
30955
21013
31507
15377
37378
6634
26562
42116
26300
35051
29693
38172
5817
32518
50033
31408
10949
16313
12307
42361
170
36626
4992
34060
29273
15974
13091
33004
25936
22949
12720
5541
47428
9140
43261
747
50908
44462
28666
30205
20866
18727
27248
12394
10493
11902
30608
16732
18524
32385
23314
30047
33857
39724
29598
6627
21415
36468
19836
25778
33622
38200
37016
1049
30877
19236
6846
31568
49472
25631
880
32463
10702
38033
14975
15857
32972
15678
4199
9261
36524
43916
22223
8401
22957
33846
29471
7977
32627
11566
1974
39821
29543
25202
5029
16045
748
44707
42315
6520
12627
11189
33230
23409
43789
34934
23054
34219
39752
12848
19954
35137
22117
15521
29698
30960
9368
30566
4373
29312
18439
49587
160
21933
37787
51083
44529
6545
9844
6080
42292
17943
23114
2017
7122
50486
30642
12511
50723
21407
31901
31165
51140
38517
48592
1682
11649
15822
13373
23361
16737
30946
17670
6999
18340
15337
44451
30887
31715
16998
21100
46361
751
24239
29005
1234
10553
39977
592
28762
4302
39196
43377
463
8779
138
44117
5462
41558
1700
43691
1698
46076
4201
12104
42985
43743
20236
42691
12950
20395
16905
12128
36012
46794
47022
50865
9516
7880
11776
8017
33120
30541
45848
16863
50719
35959
14063
44721
12938
1863
3153
43001
32774
43519
23302
15367
11821
13992
13056
19526
33696
39342
15618
6801
38620
21563
1742
