14332
12157
40088
30335
37327
40466
48054
45
3095
42621
32232
9482
11252
48145
49577
5669
25573
44658
29516
17404
22377
37955
23296
26160
18053
17214
43926
9636
23241
16504
19183
15212
47911
39555
50050
23497
14116
26026
22825
25033
34160
36503
31065
15870
27589
37581
35655
24644
2943
40439
9392
21816
17786
32962
38707
33792
25496
47901
50199
29120
35944
43755
36767
24613
51695
19992
34479
11507
36996
43902
32772
64
27227
22221
11922
14009
39454
24230
8776
30324
4834
29031
25377
38247
37344
35060
219
43489
11801
34886
20129
8420
15366
41137
22053
8792
42967
39813
29532
31884
48803
11217
36306
23712
36612
35610
10397
3938
4956
3551
7647
37401
20296
25162
17954
26804
50231
4369
36721
4441
43883
22926
49958
30878
11877
30065
43859
3716
39110
17088
20137
12708
46921
35757
26581
25369
20013
2012
22950
44185
47199
14118
7115
9806
51555
13675
31153
11098
7727
11149
13733
24186
49693
181
47028
29354
28104
19813
33285
6337
37047
51389
22609
5465
38226
32926
206
33898
15312
36146
47081
18659
21762
18283
16898
36096
8930
22055
11070
13721
25031
14209
18498
4878
18282
44649
29668
45711
50600
34398
14592
35261
14478
18980
7502
1772
3232
8279
39968
50714
12188
15347
30851
37508
33680
20096
48539
15708
30719
24826
25609
38177
44275
8037
45729
4950
44314
43542
5966
29660
18209
25237
46822
36099
11019
33094
10270
12080
41494
25615
39094
2479
32990
50997
31928
49897
40940
50091
36440
17424
36313
7499
40900
50761
8560
34446
19747
18984
14690
24416
14587
43572
5486
5910
547
34427
49420
23158
40958
13563
10944
38388
14714
44404
9660
30390
36979
34035
11892
14553
48276
40702
24691
414
658
9611
5656
30733
36573
31469
33594
49527
40168
41006
9191
34175
11777
44266
25538
18562
404
8533
11835
10228
20650
8914
7276
40269
37367
6459
35375
12940
25141
18245
15140
36342
36064
14711
49953
21119
35351
34095
32750
40221
48519
13962
39028
14882
50297
6861
44481
26859
48392
11069
15799
14035
41455
35042
30239
40809
43323
31269
19296
15142
9733
2504
22953
12275
13245
19521
27374
14485
34563
17622
34307
32059
5727
23385
24925
34517
37330
33990
51294
48558
11697
47186
475
21723
51169
8866
23511
15298
42126
28586
19564
45009
19763
11074
35093
14236
39491
32172
33695
40129
14692
48418
32890
33134
46178
11398
38406
51073
19289
42034
25125
3846
31774
24937
8623
35278
28967
48359
32621
9691
36453
31582
7915
35535
38300
46805
27771
33068
38334
36768
47367
36371
39247
13831
21603
32196
9994
19929
6821
29959
34917
40542
30540
31264
32495
48933
45024
9875
49734
45477
21348
5765
4570
17675
48336
680
21513
51638
47657
3591
34190
49671
26826
51188
6228
28868
37438
15003
36150
23954
42476
5857
18176
18767
28067
7888
18650
49822
49678
50483
25063
23567
11096
16509
48773
34373
17382
45514
11000
4014
2416
25095
3098
43143
3700
28079
26263
32680
37310
10765
27608
40074
42088
46907
35389
26602
49922
44284
47938
42495
51126
38055
41781
40286
50462
42454
26524
43596
34914
28409
40084
10917
33816
14090
13238
16248
45728
23595
16724
32200
48158
10187
7412
49266
28940
17162
19154
9377
7594
38343
30800
11445
10457
35289
9896
15931
38159
44231
30265
25211
51109
13160
7486
28357
2460
50083
26138
44175
11673
29675
14170
45851
43536
21301
48602
43851
28959
27888
28515
12719
101
31095
13170
31736
30939
39337
45245
18528
43178
50610
38672
39868
4131
20584
26354
6405
25368
108
12893
12376
26380
16457
11284
21467
13121
33541
24424
2885
21565
47987
37977
37120
49003
19339
44186
47997
6158
21560
17301
2132
21964
31773
15912
14076
16234
45658
28150
36592
20958
15818
47373
19808
10904
26283
5052
1585
16259
5160
30660
26220
10243
29292
12039
22320
6081
22969
30052
43608
16441
38701
11873
3590
23563
43411
50721
24046
24093
3956
11648
30350
28464
31014
38909
27098
37582
40023
37118
6685
8995
7611
46879
19337
40932
10211
8227
35197
9865
32094
953
30215
37431
39799
1356
26958
18118
24306
44281
7635
33665
40735
4715
40950
43610
24068
9187
47476
47324
5102
19541
51119
37306
38929
30066
50504
37705
27780
6429
50815
23130
23041
758
29062
33394
29427
10843
37758
278
23743
21545
21046
635
49457
26532
43470
22208
41493
48622
29702
23742
24625
3522
33060
25059
23166
22039
10369
44667
2029
2569
38576
19224
2722
33923
575
30194
40502
49871
49797
46379
13026
50593
26552
12309
18010
25637
18400
3729
33435
39374
2920
35991
2317
25892
30303
13074
35763
14405
40408
7194
7330
4703
30771
39314
5000
32297
21955
49259
3893
19811
20342
39253
36204
40906
48516
30802
27192
2463
48810
19849
43719
4775
47578
40021
32563
20089
30984
50395
20014
27484
26073
20536
48094
42219
48683
19726
28695
37280
42728
43687
7623
21903
15850
19402
49296
6513
22541
28291
41712
11693
1629
20925
27389
37671
16783
46780
28203
25061
7360
34649
10081
25850
28532
11833
1193
916
1446
5329
46868
8664
41112
37464
33247
45138
9833
32686
26776
12342
22508
50926
40706
30997
50300
30704
16173
11912
37414
722
32400
7419
4379
7577
38273
9405
21167
7142
44019
43336
16854
25712
6485
43798
44678
50661
454
49211
9101
36971
14978
44765
35706
8412
13315
17036
40421
421
4162
48567
38889
41317
24063
1012
25447
26029
49260
36071
41432
31257
24892
25602
23251
6836
31454
8387
36831
41066
45856
15575
7927
8343
41887
10034
8835
4839
16665
25655
35468
51524
13033
19734
4682
16951
40373
13867
45757
43833
43432
6121
19988
34580
8397
26892
24261
30822
23749
41698
51549
41352
44115
22072
2047
5957
24463
26464
11478
6348
20692
9204
44134
23619
23633
14319
19899
21519
39488
31730
21606
48032
27901
12994
45194
21567
40005
17217
31018
33034
42067
48618
24085
37483
11815
18059
6717
18471
38460
12513
28928
784
7788
48510
48221
2798
28690
7840
15738
29205
20732
16984
20696
24571
30908
44518
48714
35930
6098
2423
15340
12235
14414
28437
28197
39281
8070
15264
27559
18137
23873
4244
4782
2440
30578
47761
16645
39956
6361
9927
38072
2379
19171
40471
42591
10873
29947
37658
47468
44854
7608
42442
39023
44126
27642
48527
30234
3982
9576
34895
44858
3417
38028
49217
40375
48006
2452
12908
27127
3643
51017
1804
48718
37838
1050
30334
32735
5716
28370
32347
12437
1905
25416
30641
45644
19181
29682
33466
47584
41942
14968
16678
23457
31109
14806
329
40819
22863
30819
36403
38778
27378
11352
32533
39330
43814
22050
8579
47573
18089
38234
33300
6632
3944
24055
41598
14357
26301
21039
44074
29298
5815
11428
5905
27704
26462
23991
25605
22751
9942
25106
35928
46610
3630
4537
2106
50234
31256
48894
47218
17117
35472
26528
48472
35477
41658
45369
38441
26726
20081
9237
40841
21595
6042
46946
48421
28934
32192
18052
40758
25994
30118
23254
6866
31930
34344
27768
50179
33504
8156
16458
39469
32862
19123
690
13023
12439
50963
34530
34854
37759
18730
49329
14012
32398
40377
9658
23610
39449
18178
18343
41367
24030
2125
40697
7932
1659
24116
30633
41253
31772
2772
38898
5245
35429
4561
3381
26325
34808
47773
1455
46811
25510
18951
4904
1009
23272
22431
38639
44097
8862
8916
16659
5948
19284
31040
8899
23758
8530
11881
20243
50021
12898
47248
30069
46743
13198
38211
16957
17274
50579
46299
37728
18497
24928
7615
5720
3331
18084
41057
25210
50149
46350
47992
2338
26830
4141
50985
17468
26732
43074
26629
28872
20612
50121
23077
36652
16973
32976
6156
4564
4676
24887
26492
7921
28408
8833
12917
43846
20272
16882
25606
43037
46023
45287
38521
14385
50038
39049
13817
42040
4327
30763
22137
10473
339
823
15970
36171
14844
18785
45037
34706
22310
20622
16543
10891
18483
48091
16801
13753
50380
18778
10965
20146
35347
24292
43547
22636
4545
14812
19356
269
44155
15250
32112
21130
16661
48550
19922
18739
44922
14564
29534
48014
23167
41389
47835
8371
32788
2978
13592
44301
17035
31634
28365
1576
49408
17802
16605
2776
36542
16401
9141
3585
43863
22585
11555
24795
29483
39242
39104
28391
48284
47738
45945
32724
48548
7628
32899
26164
12789
43779
18851
18116
33589
31539
45495
25845
3236
15693
43688
12101
18240
38991
22795
4252
2609
20457
13807
31158
51159
7209
1235
47957
19847
26692
38160
42657
41892
34092
17667
33743
20478
5469
10372
46221
4557
6200
51104
7646
31732
11436
22304
1069
3516
22058
12120
34742
8446
24417
40603
45963
41341
3152
2227
39370
17286
28513
22302
6686
47888
23664
37191
40147
39622
24933
8181
19051
42836
49544
43339
25200
22392
21401
36775
17138
1893
26968
27044
48692
22532
49165
32308
51508
29838
8395
13430
9439
25547
25138
7519
41122
25240
49485
45979
33729
48711
432
47036
18447
16265
979
3825
48143
24957
4310
35711
38795
28527
10915
38567
10096
27199
21700
15706
27487
28006
33079
7869
5436
11446
45847
40169
34882
21274
16741
21643
49394
49537
768
37884
37032
44945
14768
16531
34425
10785
37855
48721
20300
10601
20809
31035
50076
2927
12689
2441
21625
2437
51288
44389
28724
18995
30373
111
15077
23646
38798
5633
16066
50246
4912
17645
28573
43854
18445
37701
47353
27596
24407
4295
9172
3559
11452
7556
30867
20904
45616
7447
7462
3304
27413
17821
25279
13062
43732
34356
3641
38827
46962
31943
30783
3040
19454
27925
10197
6803
36322
10343
8460
22041
40182
17590
39318
26216
36603
19394
16613
8106
51622
34528
29206
38268
5675
36904
16409
40496
8369
45960
37972
6486
984
40120
17942
45685
11233
20428
28656
40351
31644
8802
18987
1136
23047
16006
17144
44104
27372
26923
44830
27751
8092
19546
20265
42296
8891
29746
36296
6643
51709
4500
31989
20321
23327
18606
34328
5545
36605
34226
30909
41454
7947
21369
41382
19508
9457
37222
13790
33366
5464
12785
2444
31138
34811
17344
42831
38897
4871
40215
43815
37839
25318
22061
3892
2041
16994
35241
41201
29106
6019
23571
17743
22774
4304
22463
13987
44506
22974
27937
32700
12845
40300
51134
22966
37999
49405
20309
15327
16190
27765
37585
28580
1295
31858
25521
2930
25426
37885
25533
31277
20615
30320
21154
34483
6847
7903
17746
20110
23237
20018
12625
48939
51112
46703
28502
36647
38922
36044
41423
20386
35695
8132
890
14910
28077
24414
2102
45770
44356
13205
26883
36914
39919
48951
42871
44690
13314
11570
2301
14166
32749
21156
18556
632
45279
32861
47800
15137
17351
36351
10322
5969
7446
19874
49139
22924
44309
13296
46483
36582
6927
18336
17585
45831
39372
36961
28305
51349
51678
15741
9632
48348
19525
51480
51434
51634
40777
26006
37125
9441
26401
35220
34401
13236
30134
1534
50385
36578
30935
30964
30843
45118
26174
31709
27272
26801
19672
31011
18370
31892
3867
13250
14850
18568
6460
10400
19054
27459
40264
36125
34418
28699
46288
38809
40660
35599
43417
29910
21670
22550
1074
45099
25494
41294
43697
19001
34926
37023
3651
21501
11205
17259
18450
42389
19199
30640
46826
44257
31421
29944
17194
8388
34690
38972
44300
34624
17220
43360
15958
24810
32661
41795
23505
7299
27767
51292
1412
49747
39347
38458
32242
30173
35182
14617
31545
23637
3270
3020
44513
23687
33123
40290
18171
12152
50075
51240
48190
33915
6579
22232
3279
3997
23372
2745
5554
42762
13021
26584
34554
24006
51519
44633
18157
22728
12516
37140
19531
2818
9533
50150
51075
41730
43466
16087
45873
8952
17678
4494
37436
45234
16098
9598
28927
33190
8633
10202
17341
8146
12945
34510
30661
12036
36465
36760
12154
26662
471
20200
8836
50333
39313
17836
34720
48432
24369
40606
46818
27686
28612
28084
33233
51694
39356
2194
44308
39229
21782
48163
27365
27523
51411
6957
46618
27917
9370
12361
29451
46568
24009
46482
46653
34509
5921
4977
37057
46430
2418
1995
14298
11867
36964
37820
13418
22085
16224
15159
8431
10264
42554
24846
4576
37482
8272
2248
43669
5004
46440
38254
21779
16857
42171
5210
24172
15620
4211
28097
21243
2461
4630
13413
50336
30991
42780
2316
9184
24732
49435
17620
26599
26299
10090
34503
8090
24420
17049
22814
14061
51579
17330
5917
5608
1299
45336
11645
23218
45724
1831
42496
48695
15583
36706
34088
5167
4152
48940
29695
18996
41195
24756
32674
13132
42759
18994
10851
2285
51353
29893
11844
33065
17920
30331
7866
11034
5205
40185
39605
20570
41506
30277
21254
30792
37909
12420
11491
20955
36627
45786
8538
6447
47267
50609
39627
45672
38414
15164
22009
19188
45143
26570
27832
41030
3758
24815
39122
26001
38362
44605
46648
30211
24003
30787
29594
30944
36459
4153
50851
38665
13550
48913
37507
48506
16668
4079
10753
34601
20367
47094
1621
29714
50416
21042
3770
43526
18927
39084
42633
35357
617
1230
49545
3200
8605
26435
1502
50904
46498
31700
19140
4665
19258
3614
47325
17727
44786
27940
41700
2783
49800
2781
6697
35248
32077
7583
29750
45444
13749
37652
8751
13262
21396
20619
827
12300
22602
28528
5753
28533
9790
31754
22329
25037
37746
26427
42358
31785
47388
11453
30020
22194
43196
23760
51578
15924
47917
10260
959
24054
7277
42536
50708
36940
38722
38090
22103
37560
5317
16827
49294
43446
18164
987
28420
50495
21242
8701
5843
24078
3644
30428
34667
28512
26198
31155
36828
5952
38209
19598
49615
5654
47260
44084
2653
2408
16195
23252
29989
3127
18794
31603
14885
39998
31565
12757
18753
31249
4962
27710
47239
34523
16959
24320
19443
34224
19998
1972
34922
10869
8197
30973
6825
31246
41104
25409
36558
16014
28081
43575
2654
17913
30378
51207
48269
40646
45769
40063
17901
27038
19682
50733
30105
25370
7396
40516
20191
18597
20057
40859
1476
1051
14388
42675
5203
41085
28149
2353
37183
36691
19751
38330
49154
23260
13239
32933
39579
8182
29439
36868
34899
9924
45746
40491
7397
31259
46014
35870
15856
32752
12775
6940
5954
38428
47697
38709
29000
16594
30927
43383
31034
40821
8994
32365
46856
28546
28283
41100
3753
10940
47857
25242
47628
50597
3450
643
20052
2145
16778
2804
21116
21050
18086
5504
4240
50606
32842
46134
28637
26058
45983
51707
13977
4776
24165
12793
34441
17523
18895
2381
11786
51658
42968
5224
41150
48416
49466
29012
50288
8920
32769
2032
22961
49682
30562
20262
28196
798
22544
1931
44641
12816
38738
16250
41080
12002
30341
31363
25909
13738
3755
19745
33066
45597
38117
49918
11318
681
13604
12875
7756
28629
38766
19067
46227
29530
21361
20657
36060
21395
35225
41022
42184
25473
45841
24139
3896
9946
38470
48328
14429
8588
16344
33239
34274
34330
30730
14068
28939
22519
17796
14586
50686
13846
2442
3784
6530
31487
50685
16291
21251
51093
43312
31941
34867
50580
48537
15772
30414
23301
8615
27451
41483
26503
2973
15249
20301
46375
17870
3361
16322
48231
11588
1486
45822
37947
10769
12732
50731
9907
41947
46650
9870
15704
8054
1099
39074
16112
37323
41556
28860
27228
18189
5288
25477
39812
31477
30773
24945
13446
28457
32496
12450
26353
33924
23266
11022
10272
26066
45965
50900
49878
37434
43525
46715
51455
49486
40484
48530
32785
37361
1816
30827
6576
19180
6455
27865
48467
20047
12099
37889
36897
11729
19133
7180
11152
22985
28178
39736
48459
49531
12357
28617
42895
11807
2995
41011
9587
15686
41886
24300
14046
51245
38336
28169
39340
38015
40947
11456
1203
1603
16680
14858
43601
48037
12404
2345
11606
12552
41342
23714
44118
37449
36041
22326
17562
13405
21793
7125
18540
15727
8010
6467
19587
16024
47497
2857
29389
2767
33324
35892
29140
11121
22132
17287
19022
19664
14537
22459
32582
22605
15236
48253
7445
8277
10999
34682
21446
12302
15145
4213
51016
21969
23670
6334
3855
28434
28298
30837
50016
6490
41785
39319
22502
49907
11046
22344
11851
51272
6238
34482
42749
25412
37003
7046
23750
3509
36308
37289
20949
8481
19260
40
37992
26636
3560
42180
2077
26600
16366
28936
38115
21722
11383
33906
47258
26405
1505
8778
628
46095
50330
45003
15949
13671
2346
26240
8693
48893
15486
31931
24791
34506
1781
44898
16695
29186
46034
3289
23639
47952
45972
26194
21267
49945
28704
28134
6275
23846
14507
26459
4616
25508
6852
17761
32372
30990
35985
24469
41049
46222
27092
5197
2340
48922
6718
15449
17948
7843
19173
17433
14246
29490
37115
47842
41161
23430
43844
29784
15038
51517
10448
18088
12424
41186
44372
17253
43487
3272
51470
20523
38283
34724
12635
44801
3019
5395
13002
48171
38928
7079
12892
48095
44773
26434
13225
33783
51010
37412
20971
22091
2170
10647
38498
14227
29096
34628
12121
34671
40858
19675
28402
18931
28117
36200
27496
47651
4672
7091
45032
4256
41860
1975
12325
19358
309
44636
47641
29165
33067
50079
41715
35701
13357
47787
29627
13839
11195
20771
19662
21473
43490
5527
6128
49524
40354
12179
1644
9497
35601
51074
30363
37095
45706
35521
38051
3931
5280
34585
2892
17011
39746
3205
44294
46584
35509
10850
34511
29937
28568
33967
7964
42804
15801
25977
13860
6565
42106
11961
9323
30644
38146
30160
5544
49343
21043
18428
23033
36282
40199
44861
50264
13453
17671
38855
17863
12575
30159
32500
17864
27388
39134
24542
11941
31136
903
25235
26871
28913
47068
15292
48706
41603
35801
6738
28778
37455
40630
9816
5406
39646
40798
2594
48547
50134
5642
34050
44236
19033
24127
1072
19872
19129
39803
37258
40955
33323
28398
16363
26832
9427
1970
34541
6137
13994
10964
13809
4543
31423
50390
8205
24922
4377
29101
22753
48229
39882
25495
50377
43685
34836
28180
2877
40732
10333
15245
27637
12855
35437
119
37109
30601
18744
39602
3476
45220
46909
1550
48680
32032
44835
23642
21248
26640
41590
46528
48142
14188
6510
21558
31352
36807
51527
18632
30607
27878
727
49556
36217
43460
20547
28275
25964
34935
47203
38743
19317
35555
33582
8528
38408
4279
46319
33927
37707
46219
16062
12622
34718
50604
10716
38064
47041
32202
50932
47780
41520
3489
24785
48625
24090
26291
28605
50415
26840
47621
22133
12736
30048
34206
21514
499
43993
31562
15919
28478
18087
17302
23144
43708
7832
15283
1824
24520
36818
44161
19120
37221
32876
32566
4180
12208
3379
39124
9956
4873
34093
42013
22720
39050
48743
32171
20293
32380
13377
27424
8311
35754
51091
39899
6026
17378
15233
15920
39404
22241
38869
51423
16544
16140
19817
44942
31425
36588
40495
25324
31991
40064
44098
19909
4015
44021
19077
22847
11921
11054
3505
15766
33026
27513
23746
33849
3976
35831
50219
6061
22018
32510
39098
42409
2263
36153
26016
47116
17532
14023
21315
11895
30805
43996
35300
15961
21443
9011
16430
6187
12853
25795
45395
23558
51147
38495
7940
17318
46210
1447
2011
14673
41742
10382
39307
35967
13228
42064
27333
25990
44327
10525
26612
21150
31874
41375
26907
20673
27606
13082
3808
35840
38134
17479
46193
29002
21060
12143
28632
23990
35395
38538
5673
17449
23063
14314
36945
4466
5444
10183
2500
18754
50113
3717
19427
3518
7444
3387
46945
35127
22246
8714
40280
13244
10980
43005
23380
23421
38668
47535
13093
12711
26157
3702
45251
40155
27552
13824
37229
44727
5547
10528
5339
27954
32405
43324
10423
19011
38753
12107
4231
9229
12409
44550
38289
31686
585
8727
49219
14191
49087
32943
45222
490
8827
4169
28450
43777
21829
33781
37826
18172
18091
1330
38191
19094
11761
13868
19245
10404
33615
29774
10662
17403
41173
14797
40907
13120
44003
48633
14133
50350
46175
12135
22732
27746
12808
51394
48969
11512
25859
7818
3453
14098
46506
27661
6028
2795
36579
3786
10140
49450
23724
44928
32340
21976
22505
5803
41498
43563
48690
7137
47729
2748
18330
12985
14391
1741
47114
42541
6254
26799
38962
3890
43462
7224
41326
46494
25448
34186
31468
25411
10122
9493
9839
18741
48601
21569
1978
13778
42173
26320
17764
8384
39255
24415
29114
47073
28725
42788
11824
16090
30872
36884
49418
22415
17584
7691
42926
14124
31178
25515
22403
22677
47520
46891
38042
30106
27277
10486
50477
4355
8686
29102
11420
32106
32886
41302
36042
26067
17368
26361
8013
46796
38385
2520
32057
36103
38908
26778
36881
34679
24770
43721
9732
523
1254
11533
29975
49312
42191
37618
29458
48501
24746
31880
1541
1296
39664
40467
23706
45092
37396
9629
11780
7387
47206
330
13371
28221
21411
35617
31959
51683
6250
35953
2979
24670
19286
47171
12584
8493
43738
29353
4552
5696
2427
7839
51103
38464
27026
28461
14638
40076
43944
2678
19041
26265
36561
34368
49557
39170
36124
9060
46292
13499
46164
33502
8514
31972
32461
10578
43057
10724
32165
16228
39849
4647
15710
36518
39615
17361
43409
49791
20583
45603
5881
26843
35088
22071
36292
9126
7762
49992
14908
5492
38896
44675
26124
29982
19957
23370
46968
23186
27385
7606
25857
36117
1626
30323
6211
37574
37714
23107
39654
39835
16321
39362
22042
5115
10478
30461
24012
3382
50136
2656
11058
10934
8660
3813
12271
36779
34779
11410
23013
48977
17073
50025
19345
37959
10805
6330
16355
25011
34817
29371
47826
40825
26908
2205
3483
19869
32138
26019
2286
27348
28225
46217
20061
41008
9143
7390
16175
45614
9402
13351
9107
13593
38718
32973
11571
49210
47351
31570
6426
7334
41399
39693
8933
3947
22555
12664
46784
11843
27681
10105
17565
38941
23782
8057
4237
39750
45225
44778
5028
7492
22625
41851
7759
11871
11758
32523
41165
15729
8011
19826
8239
43478
36422
20706
22810
50683
50068
14115
14106
37624
33044
23108
34907
50250
9610
17406
39059
25942
6849
43234
13508
32001
4397
42928
13076
5643
25747
36484
44959
20140
18263
9357
33520
8206
42545
21173
6160
37917
7752
22395
2446
10642
2931
43070
33322
21647
2732
17519
42626
7063
39366
32324
10719
2341
46621
35759
8645
1907
28297
51514
41814
6427
13281
30408
36206
12765
50668
42356
33240
46390
44571
18415
45984
12556
13347
45093
33953
17832
17199
6272
37892
26891
5929
46534
41346
40549
30952
4648
40553
6144
21676
2525
21421
32320
31370
29515
44401
25650
49467
31843
9792
9008
29466
8097
11579
40154
30032
46414
35459
14848
35214
19639
15457
5637
36682
4511
37890
46711
30929
32796
15566
18337
8217
32574
17163
33465
34426
46681
29733
11694
49117
15880
22979
21358
5646
4102
15717
34085
31488
29436
13929
25424
25744
48110
22097
14020
15352
48326
16385
15821
44509
35491
39554
164
33986
42061
26155
29224
26347
114
3564
41308
10225
31787
44769
44705
27142
48345
7613
41636
35936
44359
38465
17337
33773
50648
7495
30243
20008
37601
2611
16246
32805
16138
3166
33833
49423
19506
46485
34251
29621
38077
36268
19777
8662
42070
259
25956
11897
14663
4638
48072
44103
44501
35169
38762
23303
29072
31188
42870
34249
44572
15933
47423
41427
1533
13406
30615
33509
765
8960
24620
37007
16011
40518
39595
16831
40508
31110
10446
20870
40586
25371
24400
195
27613
11211
7487
5411
46382
49306
2322
12684
15864
32935
39479
14397
1080
4735
19002
43072
21126
33151
8257
20569
40337
8541
17396
11565
5980
44203
37409
51378
21620
9453
35402
47716
105
40830
7581
47105
1213
9062
45609
36815
11307
36166
15922
24487
45286
18079
46976
45373
49182
15082
13761
13071
10101
31538
263
37073
5531
48476
37809
30295
45465
18542
17322
18401
46001
40252
27993
42572
11148
49809
49826
3828
4668
41417
39846
14643
49391
50282
21360
29960
33372
30293
37485
28069
41978
25817
38601
9901
33789
39999
28182
15016
37729
5825
24212
45556
32255
40325
32957
37984
21179
40475
47441
41092
34785
2355
8059
32851
6624
10727
50341
37956
20024
25000
38648
50903
36446
4422
6350
29258
6662
47524
6453
26771
11254
39470
16258
39379
26473
24480
25120
28103
40146
17295
16252
47588
35478
25485
51548
13451
37342
45549
20207
29871
39166
21366
45100
50991
40111
24447
13595
37583
4993
46412
45680
15020
36250
45120
44206
9199
51513
10094
46690
12446
50191
28220
41796
45868
11111
25613
31156
37317
39439
20448
1307
44902
6775
44139
20931
8462
34217
18420
48320
18990
34831
38731
35623
45226
37627
14583
23576
34984
50838
28792
9365
3421
31154
28125
25347
19244
50392
49506
9690
6339
6886
42620
7573
48292
48942
42501
446
22445
8008
46417
42139
16077
32302
42268
1552
44432
29826
36591
21674
50475
17650
18829
44564
7515
29319
22082
22028
38906
39834
20806
23235
32730
530
29105
23106
34992
16453
39422
47505
49935
28552
43010
27150
46550
49835
15598
20970
47048
47777
29259
11293
27234
35785
6989
47519
38739
15166
16624
46245
46285
36337
21619
29692
32503
33739
28274
29597
2533
45162
41424
10699
23499
2033
15287
42867
40388
6783
30996
47564
49161
36019
47638
7539
29302
27400
16514
14604
4137
22389
2122
18538
34173
34304
48365
28825
14010
12218
27961
32720
43668
20148
27366
43694
11544
6384
46983
8741
24084
40121
33011
51635
16050
48524
29481
43834
26267
11819
45894
3003
25519
37242
973
14052
25131
45715
1270
2630
48643
31895
30271
37053
27483
11539
21897
32611
28522
34599
14147
38725
11179
11885
35969
9197
29704
3055
36084
34332
43838
23669
30726
17874
5968
15259
28057
23737
35821
31840
33023
37267
40259
10350
1657
37577
11882
15789
50879
46928
31002
6286
27641
6005
42869
6832
14378
37245
40854
5861
30435
13237
18100
7215
34592
24549
41720
44495
42661
17566
42029
26827
27022
30309
13360
40107
25702
4164
12244
29582
30835
23376
26127
25669
7776
46065
27843
24428
3571
46499
8705
33184
30797
10736
3725
12248
24757
152
2557
4674
5237
5523
7619
17783
28148
32304
29215
13841
8999
49248
34387
14050
3396
4436
35475
12350
8569
29115
41647
33457
19019
39284
8940
1383
2762
37315
7307
45430
9435
24135
47553
35532
30377
34544
48351
25692
25180
4948
27470
8618
43564
25208
30612
46056
50321
11775
11047
9662
3142
26634
23093
31330
29803
16370
31911
7111
11527
35622
5314
18260
29976
10632
25636
36692
11092
27503
25098
10137
27848
7093
21911
12907
24515
23940
44056
51092
7059
36562
38635
13300
31623
32609
6051
22181
3262
19895
21292
36461
18917
44235
42270
42285
19516
51550
26850
15215
43254
27370
29709
43232
48371
31713
20481
4115
13049
6850
28505
44430
48025
10316
17228
30902
21278
526
16560
24070
10358
16708
29322
7863
124
9848
23543
12444
31861
1720
15005
25304
30928
1247
42077
35409
3451
14201
26076
9235
14361
39380
38549
43952
16137
9364
50973
5730
31358
25645
21202
12974
22504
41884
14024
35465
24540
282
37676
3328
15529
9103
24797
29596
15151
41478
38603
41355
51213
43758
11003
24132
9552
49833
39733
16417
39625
40203
9673
40060
4963
16859
7879
47582
25951
17350
11105
23776
35984
38069
37014
29777
3447
23528
25348
40445
48354
1871
11269
31868
50553
40319
21551
38600
38531
28238
19380
1061
38325
1540
17673
24626
38143
19554
10918
26764
32739
33299
42494
34480
49666
26368
10192
25096
18403
34946
4122
15666
31063
24280
43605
37604
5211
17437
39643
45257
3769
10617
27736
13949
46132
48466
19153
6609
4308
24716
6451
37112
30995
5735
34074
5256
13349
42313
12947
50710
14053
27482
34994
32068
49738
34100
23869
32274
11281
7498
28589
16103
10158
19876
51458
19784
32779
13317
33229
25468
578
32522
28183
7549
5791
41847
8783
13920
41208
10223
41016
48557
33392
1066
22273
12242
26731
20474
18266
44018
27428
41513
33611
15417
465
5898
6017
46456
15570
25417
46005
48456
41935
12688
44307
6774
3607
13748
45573
11497
18506
43839
21688
2221
50482
26428
16146
32353
31611
14504
41891
12814
46537
20099
39458
36183
19628
38309
12628
5718
4473
23319
43147
37034
36284
9243
3119
14651
43629
20305
23755
12774
1273
5279
41876
13154
3680
5798
44044
51646
24406
49979
27207
2810
30616
10437
49319
5206
48125
46950
48670
363
37945
44953
26616
51679
40966
47182
8254
24849
41007
11245
16423
35820
41336
16735
21433
10683
29275
27164
26402
32786
44976
1282
5342
4246
906
44751
6737
25333
30396
23015
49483
11679
9646
1842
17810
1986
47703
33720
46419
35787
39683
3906
9590
45497
24254
590
16454
44938
44225
44821
32647
31642
9573
2201
35879
11367
33707
3319
11489
25770
36278
27889
13633
21849
16711
38774
9700
45089
10514
31580
2820
44907
31307
20237
10761
8911
10263
33670
17188
1713
47063
36189
30722
37172
44606
7545
6906
36055
9856
32526
31873
23436
45438
31946
30198
12292
21664
27972
12415
38992
29363
19282
25958
38402
16571
6122
29446
21378
1559
5392
32838
8602
43401
42011
42411
4480
28841
23697
24686
23867
15830
6731
31830
49040
42654
34494
40256
19978
45652
42544
42021
48383
45319
49565
24310
5371
2413
40458
45662
38614
29023
42764
14323
40003
46792
11926
13500
374
29979
47091
46929
42741
17529
37146
44289
40598
19198
47673
15119
39105
26542
11026
35419
34450
3629
13892
34049
38662
20218
20231
15102
43376
4936
42256
6394
8322
22095
15778
43290
41331
43475
51011
26343
21498
41632
19701
31875
50480
34311
17165
36658
41592
21914
21442
42477
28040
482
40766
42368
20219
42473
17106
37261
47852
31473
36072
23644
7273
4336
29703
3537
9823
38201
15083
45201
18509
19616
42537
1843
32991
18519
38291
22256
27884
5143
13344
8063
50827
8103
16465
1622
16521
23274
17759
2712
33297
50491
23979
28416
37637
26307
17664
33269
35516
15009
2257
41501
39226
9953
43772
47802
33631
19306
42852
42791
20422
22427
37009
24713
19705
8471
48181
28035
231
34901
49662
20045
38784
47210
40915
29549
4351
36275
49267
36062
33902
11183
26685
3830
34367
46612
8750
44515
38822
16280
29846
2726
28593
30606
25541
6778
32581
40476
19102
20470
22542
30979
5578
4329
1480
30404
47845
45051
33500
36644
5012
9916
48831
10327
26493
34813
15713
44378
6352
13161
41486
48522
8216
31807
16901
22600
24435
5474
24113
42153
19749
31852
2369
46391
37991
392
44285
46006
28218
18040
13213
29896
26872
22971
41492
48627
46701
41975
46556
19553
11945
12337
50255
32965
18422
39980
29872
30170
5764
8758
418
3183
39302
38915
17017
15165
41741
17792
16681
25911
796
21014
19695
44797
31089
41534
32860
41922
32634
41569
6607
4449
41155
50354
42815
37189
6997
451
17122
9659
41780
35243
51668
15107
21077
29686
25019
24618
24821
45531
30611
8490
3416
35309
18587
27125
23853
25378
44267
28487
50089
5195
3988
38350
13298
43671
45922
21201
43727
30151
28054
15314
38297
41634
35911
32288
39457
25213
23350
14214
30717
3305
50435
15783
33522
31919
38318
8902
10326
14903
39002
13682
47065
46153
30926
40240
22109
36030
20551
10594
33391
852
1172
33294
17717
26564
29131
6023
19312
8905
49052
11657
5934
39020
2035
16972
21948
13520
35118
17804
11500
21564
51446
51319
19987
31247
10536
46102
3767
34463
279
43590
45876
34385
16619
12831
47147
26733
3267
13956
7402
7449
27113
11689
25482
19240
40099
24171
39608
37103
40663
13725
45419
43458
2941
63
48413
24352
9703
46778
45621
29922
47274
12891
41142
2950
23836
31615
36056
12340
19437
38450
15827
43480
25816
24643
22148
22665
43113
34371
33970
18619
46574
3023
18748
8119
45744
42757
32610
10519
35418
15284
27463
25039
25388
30860
