13704
28238
29365
643
34404
25931
36233
2697
1052
7471
45
32403
34850
8325
27572
36506
21971
18279
24960
22391
30820
24566
22588
7995
36786
14948
28434
14751
9727
36323
2449
471
5418
25252
30315
34533
28718
15251
24525
35098
22470
21284
16163
10524
1250
3905
21057
3788
29117
31458
21172
14286
28937
33122
4609
9500
26011
1915
20460
21950
28200
15039
8118
12689
9863
5555
8875
23362
25352
33065
18852
18133
33076
27981
16955
3220
3261
16624
479
27526
30696
27398
29749
3020
21073
33177
7575
16244
30815
33883
1298
33326
13885
1529
32666
20437
17597
17291
35565
26083
24425
26499
24183
21933
20861
40
2584
5207
3352
30931
18187
17319
5115
29414
31674
8646
13640
27648
9267
16997
12817
10809
25846
26723
26998
25045
27763
23455
6488
12950
12318
163
4720
21333
37381
12615
32220
14737
34153
7928
27177
2057
25219
34635
4044
11980
12142
26065
22460
33091
37551
30392
29879
19079
10787
32636
4423
5705
35327
31705
32932
27499
13531
9714
9903
10692
13783
25770
37300
10914
34939
28469
17385
26176
8321
19365
8539
35830
37230
951
10670
36727
19585
10894
2698
11494
16528
14463
1979
23247
13811
19008
20640
27941
19950
29436
5296
31536
21387
6334
24791
25807
18983
13142
2475
35650
29822
23808
13805
760
37187
16316
18750
11737
12974
9315
2502
1456
32481
17621
14058
35048
18402
21039
27882
35105
13459
5250
32330
497
32110
33586
23816
36436
21492
10850
7385
33916
4300
1840
7048
17546
21024
8878
25705
15061
15183
2955
25014
23135
9740
25709
22611
29417
1566
6825
15803
9059
2826
4973
109
37521
18838
3344
34443
13989
8868
27029
34935
9100
24358
26168
5721
14307
36519
1825
20763
32956
22533
28263
31828
34843
28076
15869
31007
15989
17081
2846
8562
13979
12457
33992
34357
16707
9506
7700
12081
2673
23772
32699
3336
8507
305
99
36328
13112
762
9973
19648
9799
28916
33046
21144
35846
30540
11216
34150
10687
998
23921
21067
22027
33403
17382
37621
4125
31091
12563
21185
27612
36421
33090
14754
7409
26963
17442
811
31549
3138
37045
19430
6467
15286
35527
10188
7201
26665
33468
23041
21380
25349
26737
33986
13879
7054
6958
2596
22955
983
343
8254
2519
19037
32745
20208
26394
15459
14676
5311
20603
7467
14481
28231
26393
1174
36451
20085
18739
20014
19173
28721
10478
36766
29531
11044
71
30608
25414
22582
28078
27813
31275
30098
18172
13270
24956
34055
12301
11904
12597
19431
34950
28063
20677
36928
16988
8334
12203
11532
15564
4458
14786
21994
31917
19303
3754
24173
30389
34118
8749
16512
17210
16356
37056
2056
8675
36970
21183
25673
34415
25056
27593
30829
18072
19147
36193
8135
13300
30562
31590
9642
22410
10174
25261
7656
23813
18110
6037
23427
32790
2587
29306
29324
1110
15876
21862
1376
12390
35601
22082
24757
34302
22887
25019
23575
19498
19397
11136
30876
6615
11372
28350
28
20512
490
29466
29751
24163
4921
29390
21832
19264
33810
30701
21176
602
35220
21364
37273
552
28083
11226
11401
10889
18207
9369
19872
19772
15450
4559
5884
34170
105
20229
5284
36880
3058
18828
35276
6119
31147
20739
29182
28059
8479
31474
3234
24732
514
5069
6880
21076
36441
19186
4942
29667
7389
22644
22263
28605
14003
1779
22300
35803
25325
23486
35916
23448
36402
11071
29126
6766
4349
20189
23794
14023
3047
36657
22876
24509
1428
26787
35675
4303
34702
37118
23037
7714
1875
18749
32371
11950
29103
28077
363
15620
31165
34252
16287
4159
22371
31139
7468
34923
3668
25435
25749
7478
26457
7137
28106
19627
25578
32328
9685
23016
12911
13135
2107
22322
32071
9025
280
25447
23301
23900
10298
215
27724
28334
16970
30583
14588
14325
33521
11391
500
26158
29305
29316
17715
14950
4039
1815
31335
3623
24637
31043
10246
27477
19612
25151
5856
13382
32970
22488
6311
26610
34711
26245
26250
11011
3224
25065
124
29242
13985
957
19555
19632
11055
7113
7603
33619
13266
36347
33385
30471
34747
24626
16097
798
4631
27339
17475
30327
16655
28342
27919
6220
15119
3163
15154
709
8292
17194
6909
33678
21535
18540
35194
24368
8694
17856
33401
13444
2578
2978
34384
13740
17813
26666
27202
15067
37097
26096
10037
5370
25479
23163
24803
33017
5662
19330
16994
25430
25981
16511
20858
1486
5344
4389
28971
15503
25565
20569
12827
20160
10650
26104
1688
2131
8659
15242
13149
13025
5150
35964
18863
22135
13793
12
32008
31810
32856
34752
33345
25611
23017
22987
22425
14381
11135
32172
35079
1407
30010
999
572
22526
33351
22853
35673
17505
9114
5007
29779
14841
2536
19706
13900
31842
21266
13886
13211
20394
6338
30652
7721
24941
23286
29453
23956
10727
7197
28988
12895
14108
13511
531
28906
34482
19056
1559
35399
29418
30875
13784
2231
20893
34918
13378
25158
35157
21686
3856
2919
24452
28373
22024
29115
32824
37475
4529
27146
26483
21271
21967
17328
22690
19211
15894
24159
1859
4703
7534
2579
14683
11911
23803
3333
22502
33157
17064
20056
14341
25059
30025
17151
15085
31637
27959
10351
10859
13963
228
16938
18269
33282
19827
2230
30006
13538
29455
8949
19276
27037
24024
6556
1069
6013
20496
22637
2809
7636
33926
11274
1270
2434
28741
33663
336
19148
13428
10385
59
8111
14071
3014
23825
33853
15994
34364
34409
24546
9628
21320
18537
2227
29594
33769
25328
26362
30784
30484
6506
20576
11538
29008
1323
17205
14663
1936
36176
1214
21147
16872
36632
8228
13907
7859
26474
36370
6897
10699
19410
32864
34713
24139
34100
6425
2969
10118
19429
30249
7590
12657
31890
7283
17233
13699
14916
8913
19738
37547
12327
21270
12780
35492
20266
14115
20989
3487
30538
17132
28229
16993
24272
11225
16305
35941
597
35654
7917
9974
32284
32820
24682
5504
27521
23830
34647
24370
13513
13647
28041
3749
9939
21649
911
23161
11956
32282
4272
34821
16811
29352
22439
15404
27014
19479
4001
22746
2260
24147
29937
34626
22192
33162
9964
26587
9135
5302
4401
5875
11167
10091
6172
35599
10167
26264
27120
36897
37023
33359
30266
14413
9728
35408
32509
25399
11195
20550
22534
31695
32556
13656
25927
31942
30135
15743
20388
2103
18556
2308
533
27772
7040
485
21410
16563
25353
15243
7433
3914
36814
10626
18562
6210
2656
2832
10041
31963
26175
18388
14303
3710
14162
34223
29161
21120
34228
35545
30045
22647
29066
12117
1793
12620
22609
11454
4475
17900
12364
20354
34387
11424
36371
15267
23238
29121
11126
24585
25309
36854
11875
5044
15493
13123
28669
25682
21726
37642
23593
10503
28908
32087
1798
29464
22701
30153
6764
9379
19328
10718
11807
35993
2572
19573
24573
5806
17309
11068
8575
5833
9615
4554
8746
17698
14184
6074
4890
2352
22871
20977
6021
13591
29193
17292
17294
2301
8560
19710
20470
26973
37207
11235
31522
26545
15495
3865
12662
22234
384
36780
34366
4141
8725
21650
11698
10593
29257
32049
4902
3385
14773
29252
16870
23863
10483
20879
7267
35014
3829
18717
26180
23990
26079
25191
33901
12593
10634
32149
29618
33981
11181
16185
7250
10741
32525
31322
19356
21344
12900
28326
20971
28035
10055
18452
23326
30188
27897
35131
36200
5472
13636
6167
18439
6859
16409
20272
23199
36539
21429
37626
30641
12389
7779
21713
11769
33984
24467
14991
14982
18546
11870
7188
16370
34145
19642
8418
13736
15874
22254
8941
22716
29690
19667
26164
19230
20201
20087
16201
387
4878
11316
37132
20204
24148
18186
1873
17737
34448
30478
19340
4354
7052
2161
36373
9250
7903
21963
15697
6704
7665
24029
16836
29847
10200
17485
2794
22403
14838
4693
30783
11939
22951
35475
25133
33457
18575
256
17285
18177
27719
27811
24951
11842
9335
2479
25476
24844
23976
12325
31379
26282
2173
29423
21247
9405
28000
22041
4028
23662
16931
17949
19939
3169
22411
35119
22170
29432
34584
15607
21135
21149
7384
34969
2593
14063
4861
35901
11739
18512
35167
13354
10777
21919
37271
6935
929
35520
31161
239
9541
20806
25658
34765
18275
15196
27269
18815
22378
21263
13884
29755
18922
28776
37561
23097
29136
20102
3945
4350
474
37593
19033
25718
4360
12118
6818
33878
30237
9944
8338
26172
18158
400
12002
29524
9153
14269
23133
15573
22283
35314
26336
23876
33141
1263
17513
22600
11894
33893
22933
12250
31402
30595
8301
31097
62
18337
14910
34025
36388
19069
14872
19961
26270
3316
33070
20622
1417
13648
21740
21679
5160
27867
18234
33809
19843
10176
24684
18545
1784
19292
17166
9374
300
10264
21681
34596
27759
34858
6670
29032
20236
22954
4379
975
7141
301
612
31341
13040
4659
13134
15781
34128
22797
11748
10589
10775
36009
22969
901
29818
20340
34561
14373
31321
14493
7867
2598
34333
18843
15264
5586
27107
14247
33829
22257
11537
7473
26314
30403
16430
1092
11470
18719
20734
19623
12547
8961
23062
5640
35998
14820
20273
26637
22720
29899
5079
27628
22313
28752
3640
15949
4532
27033
25383
794
33216
26447
10290
10954
23767
7839
23200
18435
20502
20854
31160
7684
26871
22236
14739
32580
22307
35794
22010
20125
27449
13950
21342
15909
22516
19707
34376
22306
8398
12606
16756
34844
17617
5910
27458
21817
11155
15731
15941
8591
31953
22694
3245
18237
2567
4734
28169
23660
3743
18205
29010
37111
21412
2605
18876
34668
20492
32005
11909
9883
28602
12929
15390
25588
1212
27589
2782
6104
15839
23995
33482
22220
28946
33347
36188
28306
27933
1924
21025
4226
28369
35655
30311
28022
12209
22094
29555
37625
21735
4320
18455
22351
11508
4548
6044
11065
16607
27342
23127
24
21398
10474
15443
5410
7051
19775
1469
17933
33794
16929
19059
16078
16791
27374
30524
839
7865
19382
1043
11598
35324
14959
26745
11081
33632
24998
5002
22976
19492
28544
5086
32201
11244
8741
13792
20596
21449
34456
4936
4451
32733
217
30041
5010
17562
19992
173
18599
21052
19293
21552
16523
7023
23419
25650
3581
35117
25025
15276
21414
1554
20752
23442
3291
7381
5078
37480
26365
22905
29576
24516
19523
17655
14793
1782
36512
19848
23692
6266
15598
2282
18045
35836
3559
28142
28279
11432
37581
4567
12192
992
35866
31286
11545
8630
20747
33295
35999
16302
37009
23508
16900
31244
28979
24315
711
13301
3825
30590
32694
17555
13564
23782
9951
22730
3327
33381
6862
11420
34171
20397
27315
27048
8811
22815
8726
16040
36473
35049
26339
25948
5733
35077
8816
11968
36364
7583
37332
23807
26631
8921
12920
34072
260
11285
19751
1165
17370
34353
3405
30780
13075
4433
25922
21708
7019
1378
34160
35898
15408
12027
19660
8559
33603
6639
27714
35067
21349
14709
33719
12306
15484
29529
34368
31404
33415
17262
23488
12063
3027
18567
36408
8042
29767
8969
26893
13983
6174
4370
33756
2666
27144
7390
13281
10074
26934
36363
21141
18453
26953
29173
12009
3307
7107
20697
20104
172
29714
33543
3056
26387
15577
33300
11692
29633
20645
22098
28335
33919
15373
36761
766
1040
744
37422
6904
31334
17387
20475
6929
33850
35469
23407
1213
23049
12724
6783
21908
34650
28859
32461
11400
30381
32834
17824
23207
25560
4263
7174
7516
34794
23992
19401
36699
32841
18369
18252
22786
9289
971
30060
9790
24614
26220
33736
27096
34619
17730
15184
4967
8472
22618
16223
28254
310
15317
27403
8779
29692
21872
24018
26684
26510
35959
16939
34488
7292
36141
3192
9496
6811
12130
6126
8298
18122
37052
23639
16741
17966
7064
6512
19767
25799
2069
4269
33460
12781
7057
19598
8363
6388
7406
11674
28822
2562
17395
6448
6165
22904
2577
23318
30339
31954
18971
31570
32708
36685
37079
33748
23040
25629
27074
16246
6476
3142
27787
26388
26939
1650
1255
20391
18566
7236
7275
32117
33622
5490
13453
21336
27165
10314
36950
23003
37675
25484
13540
17136
27131
22698
21689
28812
11125
17474
34808
5341
31098
1839
11738
15371
37588
24729
29301
15345
13490
10801
27290
3927
7740
8740
26504
2736
27371
33151
36975
23410
26847
28843
4231
6695
14518
4122
29440
35519
25445
20268
7097
95
700
9084
3381
17880
36730
29380
29094
14787
20802
8635
8997
18106
23836
21356
167
6719
3840
32931
171
7750
18797
28948
10372
5683
878
18642
4645
28396
6293
23517
9021
35934
15026
21676
10473
6744
34807
7695
3401
28517
18020
11942
10931
24427
3800
27947
20508
28516
29645
23629
18114
