21695
26333
29523
23467
8199
503
21010
6552
4619
17404
16340
20557
8890
30835
35233
651
17669
13863
23624
33701
2045
29067
8744
29284
14781
678
10728
36518
10490
33709
15805
25597
27531
14276
18759
13598
13454
32221
12682
30306
36504
31655
12205
20536
37161
20105
9360
25061
14001
648
31364
9893
17875
12006
302
20515
11954
3273
27501
24445
6473
23261
30479
14528
26966
6127
8573
15665
31111
31620
14908
17639
8318
17258
16198
2132
28817
36163
37418
27761
5545
5952
8435
13707
22151
30993
7533
2241
16059
23277
20690
7004
36636
36369
14135
23066
17742
33364
31362
27161
6802
8188
11926
20794
27497
4773
13090
12989
36357
16772
36531
20883
11488
31516
32534
31505
24870
26068
19673
2348
12493
10066
1431
16516
10590
10812
3045
13031
19880
35358
27224
28241
23917
30843
14906
30223
5471
30673
9499
10957
7240
28046
3089
9123
35380
18398
33540
29741
11371
9515
20764
15861
15845
32774
37214
13808
5987
29269
23354
35919
10956
12408
27599
13835
24245
20131
1148
32229
596
30174
35889
10885
7886
581
10484
29610
24714
23360
16548
8267
6844
26560
713
26436
20218
37225
6600
3255
11140
16478
34943
32478
17509
32111
10888
33816
15006
11169
3257
3017
35932
19697
22479
7531
18353
12796
31523
11335
19461
31775
22105
3418
133
25095
6298
5182
24672
12034
26473
4194
31062
15902
16253
6605
31881
26741
19339
9047
2236
2242
29281
7346
26734
11326
12882
35127
12598
3206
27621
35058
14939
20807
34597
9865
24484
5304
1817
23069
29039
22054
23829
20696
22828
2332
3585
20457
24877
27245
1690
8484
9453
28921
5840
21318
36183
12670
4488
16579
27520
17484
17012
32571
36470
6968
5209
29220
22782
13553
25929
7496
20609
10881
19935
4705
32128
28811
29839
12744
8420
32996
2561
18764
2362
24027
33834
6961
9249
32574
20489
31004
14389
15942
5533
34632
5540
9272
24447
2084
16758
37583
33895
18243
34325
18705
7682
7334
25031
12668
27141
25123
26258
20243
17059
14524
2537
15722
18438
26505
21791
14224
11596
6566
11984
12713
26555
2151
18958
32140
36557
34874
3463
14494
30293
16684
27634
8655
31023
16803
2732
24440
26994
36500
36748
348
27035
15667
14815
19994
33214
15098
25326
36656
32921
35775
393
33328
3732
29875
31131
28205
36676
30848
25860
17931
2595
4847
12017
5357
13627
17077
22554
19913
23405
25402
36344
30731
413
25728
9805
35169
2322
19785
24751
5704
26986
14592
21034
8329
17532
30357
25176
6796
37432
8146
28950
6694
32788
28628
30722
24131
3319
13788
33814
4925
20143
397
1975
11458
7674
4089
36307
33393
32874
36294
4746
32852
33221
4627
2295
3911
15793
18117
35980
19218
24220
11838
8335
10983
1563
1074
12271
21060
28020
33774
32194
14800
16774
6029
28765
20179
35044
32393
15570
25894
11581
3084
36552
14407
30033
33932
34300
13137
25625
18730
11204
18840
16102
33780
1005
12518
189
8661
24884
34863
34791
5609
9804
33982
24773
1509
14204
21516
19093
20176
17331
23769
8843
17076
17107
15704
18065
26740
15510
28982
4427
35369
31473
28161
34304
16712
14402
34959
27301
29637
34590
20026
8590
3406
21792
24858
4069
11346
26954
5332
23784
17754
15042
8488
23966
14726
19594
21458
26265
36921
17318
31182
20042
23008
24555
34501
32781
3776
11241
6798
18280
37513
24008
27452
19502
944
3053
13195
12762
3340
21876
32434
2309
29766
13420
1108
37001
13124
19438
5053
2155
37614
11559
26867
14994
22667
18342
1880
19029
31546
19470
8674
32026
4032
17696
3402
34534
32575
4198
16308
26205
16206
16039
7975
24635
17843
36864
23250
25509
2211
34749
23142
6031
18154
34523
3244
18213
20168
31214
4873
18571
11744
21379
22718
26855
2425
25501
10657
18349
34598
9156
31158
27602
29374
60
15488
8592
63
26541
34056
19474
32560
16761
33237
29849
29113
36610
8515
28315
1305
3780
14153
11988
14771
28756
5309
29582
3250
6340
19570
23078
24050
2718
35745
35669
8791
21331
11484
3288
20833
14134
13327
32475
33851
10733
33670
4738
17071
35107
11192
30653
19097
22998
32955
24703
23534
12581
28932
23998
37305
30990
17014
22913
32477
14265
16600
20657
26260
35330
26206
35108
33939
32707
19011
33677
33832
16529
19234
5940
14607
3551
4478
2914
9806
31788
914
17522
23912
20994
27462
4011
1963
3569
1629
2340
25996
2814
1239
9896
30386
31318
13904
2688
7708
9293
16319
17773
3524
32261
16649
27030
5950
35247
13236
31150
34291
36487
1663
4539
31144
8147
35505
23642
12759
36492
31118
8754
16652
10302
19957
14523
12335
11560
2653
25471
6530
15550
3751
25570
32629
12174
26300
6607
18004
8759
17695
2169
28492
14553
16497
19971
17412
18702
3145
12959
12591
5151
12382
37695
19681
29385
10063
10600
34454
25521
14456
26786
6194
6056
4970
16504
18135
31204
4418
17122
13451
31900
16605
24247
14106
11663
36693
20864
17927
35366
5454
32043
17547
2740
5267
28061
27584
12722
31668
33234
16276
14601
27611
37186
26531
11213
29332
14167
11859
25677
12346
24576
30393
1479
8446
30762
7330
37003
20509
37405
6529
5860
32572
25769
19639
35113
24876
20410
2459
11091
27422
29450
4972
29728
11912
6432
14635
35468
18295
31597
27852
16292
7649
28645
14672
10796
24204
33803
29163
22885
33533
2172
11868
30415
25408
31984
32248
17963
21787
31794
11366
11378
22519
35285
30711
19319
37221
12577
37473
134
17560
18000
26682
4799
14075
34937
30699
34728
1474
25786
26454
953
27902
26839
25005
27925
12544
8849
28949
11700
26680
24804
22141
37043
30620
8530
27350
7276
18127
23932
15827
20783
10828
36135
12336
3627
25450
23938
25574
20408
6440
19736
25020
4456
1241
24882
37088
25013
7264
10475
3777
33269
18621
1182
11161
3659
6452
19073
13247
5488
1775
30018
21709
22555
27310
30623
33182
4982
3416
12779
36415
3791
17503
33563
14667
9364
12092
27094
20586
3088
29970
10806
12254
17079
30989
17902
26641
177
30413
21300
17188
15111
12867
16418
22781
18570
14772
22288
33762
8378
11170
9060
33963
17198
17497
14920
11591
32232
18990
33861
28518
17202
23664
10830
36245
25583
14079
30886
865
4592
34317
28325
10969
8939
30757
6614
35473
18294
27841
6685
5
10133
19611
22780
29586
10570
22729
19223
7204
30514
22570
14147
30350
5127
29891
7333
12857
24693
8060
21368
6063
3171
7704
19984
36008
32486
30363
22189
23104
19484
22778
25159
30692
24879
25882
29617
1735
11111
31632
26332
5932
18738
9008
20799
16619
6970
4572
17728
30773
5433
35995
5963
20939
1863
7146
32621
29791
27983
22494
30219
24659
638
25256
14096
23721
16379
32073
5872
28734
32959
31438
20417
25956
35788
12135
23974
15763
32898
32269
6148
16461
23910
4493
25405
22724
1789
13866
24982
10933
34778
28073
1351
4723
27309
10905
11286
25576
27308
8731
1218
3156
26236
20072
13919
1578
18378
33003
18419
30354
29516
9311
27257
12703
18783
23184
37493
8768
24970
7235
35694
28435
11267
1093
2651
23168
23689
7398
34467
12433
11703
25672
10002
35187
26414
31889
2489
33372
24127
30805
1186
564
8882
2789
26964
14311
13323
2723
3983
34312
13686
37435
22944
29733
32459
23254
4722
5576
1821
34336
21574
3272
31733
20205
444
7167
21979
3437
17734
7017
29181
28341
24586
28636
34348
17069
36663
2847
5278
35850
11313
8177
30253
858
6091
1990
33804
600
19337
16773
7597
12332
17464
26506
14721
37669
15525
36181
3637
7749
33133
5492
14746
16148
5264
1499
23046
35602
37105
14144
5547
17154
5880
10482
1687
25188
9402
14699
6619
16176
20770
15465
31378
2258
9538
29803
276
21856
2104
7284
8324
35456
32421
7921
5843
36698
8160
8388
19744
6092
19759
17627
27164
9124
9841
25595
2850
27242
29267
17704
3631
34681
21197
29561
20790
35907
20196
3936
11409
19922
26432
16626
27430
21511
13034
28825
31735
341
26886
8113
19416
12677
28951
14890
23103
1664
24244
20946
8538
20518
18616
26380
7135
36167
9532
7457
20704
3557
26792
30571
10580
8557
18424
24172
27081
20452
12384
28004
20291
32741
17894
25097
1861
23542
28274
7177
5559
14288
33844
4248
7512
8914
17832
20016
17504
24860
17943
29326
21533
32797
33785
11280
18582
2733
15992
34657
23289
3903
21327
19690
32783
24668
26165
12270
34112
7131
19733
3690
29768
21926
362
30434
7421
1683
1425
25480
9633
28968
25701
34893
4403
7854
18032
24501
19782
1320
18273
11604
31250
19407
13911
7221
15188
9468
1180
13284
9672
19902
20276
11699
16718
23290
14511
15478
30420
32360
9531
20584
23514
9992
19591
12542
16905
35689
10374
32337
20905
23196
22565
2397
12706
11823
32867
23191
15900
26153
13368
37197
11900
4598
22870
29225
28849
23864
15825
19982
32435
25608
29187
7435
3816
34780
12070
18832
34224
25594
17156
10350
11110
27197
14586
18085
20881
27938
35598
21635
7069
27943
23544
36803
7419
20575
10622
36527
29971
14143
26618
24594
26758
17774
2792
1697
11064
37670
29830
6026
21621
31956
36736
20482
29557
12400
4995
5257
29627
2453
16173
33935
8217
36515
10726
17567
35661
36659
33050
25563
16154
7483
32601
5367
33594
30191
14408
5215
5046
20419
13436
9940
28821
18219
10151
27835
30055
33656
29212
9195
22486
28860
7638
2942
18997
20466
4036
33201
35096
35112
18903
31309
27451
31787
3967
9915
5766
25879
37364
13249
18462
27344
9854
4562
7844
35566
36130
9332
27802
33528
22398
5749
2395
21438
10903
32372
21423
11652
15479
10581
33961
34290
36694
6303
12310
29054
18417
36680
6759
12602
34912
11239
29241
17844
19968
34158
21754
30331
35645
7527
2223
14206
18323
7517
3605
18926
24009
574
19664
11191
31580
35802
20461
17396
15625
28580
35712
29297
34278
18001
36843
35897
16657
33485
35617
3820
32600
19024
35609
2628
27609
34176
3193
27695
33595
31958
5266
29153
16000
18875
10022
27868
2857
13990
4706
34029
36116
25225
34687
16456
18673
18914
26850
29872
10681
8761
26261
18386
2633
13833
21021
21476
3577
7428
6436
15177
34949
19931
20944
1289
14669
10789
26256
13314
25077
24491
10051
25731
18162
14132
32240
6648
12162
27080
15791
20574
13278
9255
35196
8066
6854
28923
3473
249
33947
712
6304
17204
18081
33976
25639
13653
36458
23240
29439
32397
6697
37503
22347
32086
21008
8996
24783
23176
22912
35195
10047
27807
35036
27414
34498
32463
19488
13917
21864
16091
32954
25073
3629
24927
19677
34548
30962
24369
14788
18762
1541
3674
30002
21486
4208
28176
15357
3128
26951
4541
18008
31188
4348
1352
34651
13659
23790
15508
7840
1404
21242
33743
15103
18946
8330
5466
1765
4869
7114
20997
26067
28437
16796
4766
9578
32302
3994
6412
36535
6146
11827
6554
26864
33604
11137
21636
6301
23454
14081
25892
5295
13974
2907
19417
33113
27750
18515
37367
34582
8281
21966
5223
25844
28614
23697
1493
3677
15108
30336
23820
478
14734
11411
21244
20324
23007
9724
559
16088
12031
23582
19857
24909
10947
16236
11641
17626
35585
629
1079
33964
7634
19996
6160
16303
16667
7832
23714
20834
1802
14410
5651
19587
997
6336
5622
11809
12876
4105
22166
18090
10097
30224
15322
8670
28259
33379
37184
37189
32479
13051
8574
4855
35872
11646
18048
20813
18147
11797
821
14120
17725
27729
11165
23399
14531
2777
33322
28052
27493
6112
27815
18024
6484
12090
32757
36238
14060
7998
18254
27494
9420
13903
18159
18375
17153
18380
22111
23031
31756
36565
11654
5832
5226
10275
32642
11705
3566
1638
620
13706
8888
12165
30159
9920
10613
10549
9072
1758
23029
2464
9196
8608
37025
27903
11175
9647
19852
29087
10574
11764
17826
14072
17523
4935
24101
30742
25390
14005
7140
10696
15207
26817
9458
26056
26775
15639
24194
34048
10192
19052
14530
15221
19178
7353
34592
31689
32178
18009
19221
19472
7837
5397
32120
16642
37031
34013
25839
1306
22806
27157
2810
37501
18126
14719
35962
15648
25968
28503
14321
35147
31085
11742
12483
1670
11850
35151
19349
24823
36278
8523
33904
29118
28182
34636
13763
3233
2816
19068
7147
2496
11429
13644
31031
29071
21171
24299
1564
16022
24746
24587
15278
27039
5037
27667
33206
32800
5396
31812
29014
29465
33427
33055
17005
6090
24110
4977
21174
8839
23118
29307
31028
26050
34718
18
29884
35269
10941
9832
17508
12305
21232
2100
17553
29720
33198
22204
13751
23817
9375
10106
28938
21884
25939
22510
421
33651
9720
13367
6494
28477
24660
34462
6706
11620
21029
10991
29000
31342
28427
10204
30560
12043
35462
27894
29496
15136
5737
12878
4917
12454
5853
13992
20963
20092
8353
28992
7452
369
3279
30606
34504
14963
13660
20850
13535
11626
6795
8257
20361
34143
34431
25549
34595
19408
21045
18497
880
8008
5513
15662
15925
28797
25122
9543
35442
3029
31646
27748
380
17272
30020
15918
35988
11535
29504
29917
33845
6913
31627
6316
9654
28693
867
22382
29116
23019
11340
18382
3298
11207
12574
8516
36189
33666
15011
24701
37443
21796
33020
22560
36599
20553
13737
5572
10512
35778
21514
23485
27613
8582
14254
36192
13223
7263
17758
21826
25615
2737
10724
26211
34105
5143
3022
3474
14846
31493
28006
35894
20141
3168
13908
2580
30213
28839
32533
22756
27587
16592
2183
8300
23067
12357
8610
12764
9322
22635
28349
36221
8055
17359
4724
8482
15604
491
27663
11412
33763
27646
16191
34957
34900
18879
14257
28409
10009
26407
19949
15784
9755
20094
28502
33152
19026
34856
13782
31051
31455
15266
37294
5905
32268
24019
22777
16031
3741
17263
1985
37413
16082
3693
28599
3553
35305
27367
25545
36872
13118
29754
18288
29758
2891
1898
26257
18415
27591
27554
970
26007
6116
16688
36532
25384
7449
22719
33265
17158
790
1931
33761
3942
36649
29780
2185
492
4428
35687
10453
3270
28007
17981
8009
16020
3468
29160
9862
14575
8053
11098
29663
1908
18137
29020
4324
5336
24985
19136
14537
1419
35560
6067
7414
16034
2833
24704
25903
19280
25918
33397
3144
14459
30097
1359
32342
27295
33204
15471
16265
21473
29011
24179
27869
36268
34331
10261
4599
22427
31483
6472
34906
29834
25006
31169
11783
23361
22117
7305
32078
6754
3337
9497
24154
34543
5185
7771
314
19237
9328
27232
3129
12147
33601
13079
32521
15814
4057
35659
2818
35660
31022
33463
21001
31236
11691
10274
36355
25522
4127
3622
14645
17952
21481
21916
22432
25016
36828
33735
24210
8253
8332
12095
19693
20731
35046
35534
16314
6731
32161
37329
31751
8605
23329
21975
12555
10595
4326
16784
10946
26196
30164
12740
23139
23095
22196
25007
6193
31560
11047
33362
7358
12632
36106
18609
19426
15846
19049
27292
17323
15818
36726
19564
6456
24462
35769
16399
3965
21069
14541
14384
19944
10831
15608
27687
25631
30707
4650
7862
20976
36719
20581
12228
8924
36749
31981
13502
6644
14591
11513
7185
13846
8076
27127
1998
31983
32863
27093
5305
28547
36616
21202
8326
1227
14750
37153
25947
8030
32927
33691
33354
18077
1264
32038
13387
10500
16428
35310
35629
19333
11405
21250
12691
32098
3365
32294
24367
36480
35020
37560
8019
22926
26059
16572
21066
29658
3414
14382
4192
1206
27997
9092
25108
16290
8007
21845
18221
36820
14798
5990
27249
15980
36517
28984
37270
24414
27377
29111
37535
7356
26878
22262
22293
37241
6603
15691
6638
25822
21007
7635
1021
9478
3811
801
26477
5169
22774
24171
37326
5882
2965
2800
24972
24834
37307
8276
28239
13087
36682
8448
545
15160
37281
33589
7513
30912
25235
35004
1127
25695
10928
26012
9437
16493
3673
15226
35707
12260
10449
22683
9548
15589
35743
25982
14007
17519
24308
19377
13243
24859
36992
20789
33906
13516
9016
18619
34868
509
19910
19273
36615
3953
2954
33944
31054
26575
14880
15698
11301
23500
3119
4136
30251
31914
28945
5870
35150
28772
8125
15005
18131
20653
33903
23396
2334
35947
20347
18261
16216
18623
1899
22335
10439
19876
36094
37234
18586
13341
4031
2957
37012
20107
16651
8911
3262
23848
23747
11944
31057
19781
16158
36465
31601
22444
35397
4794
5047
24510
26714
12939
30278
4602
13953
32503
35401
17118
23586
1377
5667
3292
33087
4023
26027
11028
8944
812
7125
7009
16552
8445
11459
14340
22383
20277
8134
10872
17703
7906
20694
36219
2286
19511
13583
32113
32428
36382
16395
35720
26673
10028
25833
4900
33272
5712
7472
24582
15452
19955
4062
15739
21168
5124
33966
16532
29969
30621
3311
6276
779
20270
25251
35951
12629
27910
20389
13776
6851
1780
24532
22341
10869
10114
12462
15751
29525
35218
30179
6864
16738
5335
1846
16064
10442
14016
12545
29434
3140
2200
4628
20748
29556
20122
16397
3364
3412
30429
17084
10279
10418
14019
33172
12565
19928
34609
6617
24205
28800
22266
16412
31636
18344
6959
8252
19424
34110
24185
26746
11382
32327
26999
11636
34805
33227
26962
32553
2991
11227
10131
31562
29668
3512
4239
34940
26579
433
1435
6724
16063
12413
83
17521
37242
27810
16241
1384
1232
1399
6972
11159
1792
31816
6360
29426
14277
21026
30407
19286
2741
28553
3537
20157
21557
35713
4636
5762
4728
24432
22892
25886
13723
36340
18569
24595
26785
5468
9096
8904
18651
5119
3646
12932
8938
4920
26148
20733
14169
9229
3547
8526
23376
21538
3575
30512
16417
31423
36824
4180
14646
33363
518
35955
27394
17280
32089
1713
16498
35958
451
35861
37453
31294
23835
26411
33865
28267
10690
18589
10615
21055
5444
11019
29235
29443
27230
36001
35543
36442
15668
23172
32227
9077
12307
29166
27193
25310
36423
12654
34328
27674
13115
29323
21935
14951
29607
4647
27192
33831
29260
35804
4083
27294
16225
4319
34508
6564
17426
32029
4305
7225
14637
27439
33703
34001
11383
5262
6726
15120
18068
1800
28632
24121
23968
18031
26875
25725
9667
9821
12541
33578
30690
19347
12067
22198
21490
7734
14738
20285
3689
390
37653
20503
689
11
17635
14893
19155
32961
24265
6939
36980
17407
17368
36941
18088
2468
10
2643
8680
7596
26820
14923
30986
5118
32290
15197
2970
26274
11999
8501
18409
34763
8669
22547
10682
29906
2336
15102
34568
29923
27365
13106
11252
18420
13013
25360
21114
33130
34526
17970
29676
9479
37462
33724
18520
9686
34202
1995
14035
29573
29583
31663
17960
37076
21484
273
32082
6196
4604
32823
6395
2086
92
35350
3349
19269
4000
25260
17663
31734
36589
19508
23218
16053
14533
7552
18144
35426
22051
2175
35715
31282
18322
6416
21657
22222
33813
10672
32655
4407
37687
36524
35260
31307
6742
30511
5909
16885
28031
12727
33179
14344
33266
32764
28324
9432
7628
33240
26087
22670
14728
21460
25371
5415
25789
2221
898
25209
1433
33014
17176
34767
5469
6032
24336
26144
4678
27467
14598
25428
30120
1619
17312
33028
13641
29245
11300
29812
10612
16364
21684
33695
210
22971
33264
4947
7138
15670
12805
27544
30836
13546
8870
3380
28033
31633
9874
19146
6444
12848
16474
21593
27571
20127
35211
9366
21706
32772
19679
22577
8881
25823
7733
37483
3043
9762
20214
27455
12858
32362
26484
30539
32096
4826
15734
3388
15991
22964
7230
5981
31868
36549
33097
29726
35286
13826
1244
17335
17501
15813
3656
14567
21760
36572
10635
11848
10839
30764
10591
6228
5277
34716
2671
31228
32659
22409
34715
21051
20501
8980
3803
6668
29521
11803
16118
21234
26124
20505
2355
22525
18281
23753
1453
1162
34994
10564
28186
28210
8480
1640
34646
23831
35050
36846
31407
37577
15107
12745
31490
30561
31803
35126
24379
22442
2932
37099
17857
2072
20321
3104
4471
37128
11774
18601
8393
14379
17488
25935
17650
9068
5948
36493
4747
21880
37325
37237
21838
23751
18333
5372
8342
35064
14974
32101
10937
24053
22154
13887
32536
15963
17173
37192
7226
11332
3853
5798
8804
12255
5831
37129
24476
8106
25444
27838
29203
18746
11773
11228
1129
5364
9788
30259
11074
29023
5613
9958
25763
5008
29360
8447
4285
23372
12816
10897
18959
15447
17098
37055
8537
35924
10767
8072
20529
25410
12104
19030
23401
26563
13425
28648
13042
19607
20886
4229
4822
19795
29013
13339
28603
13194
1277
7348
9225
30378
21767
6164
24255
11905
17630
4852
36112
18694
20001
19017
17169
21546
4356
20348
13460
28837
37605
1644
1649
2490
36291
4781
35251
18704
30800
37336
3779
27851
18240
35454
34487
28240
24374
28775
28218
16457
28899
26029
6100
37566
9887
22149
11287
12783
11117
30640
36866
23946
9879
13767
30889
30483
3980
36452
33228
36548
12350
14078
30846
27111
14489
23615
8249
34762
2257
15937
17217
5248
22881
16582
1884
10327
27950
20732
32244
35757
31375
16080
25281
37385
4172
14221
34640
36689
16146
28579
28374
3127
21441
20
17934
36804
14808
29247
22807
11655
36283
35702
6919
29413
31657
36284
32336
28639
29508
5799
26927
11016
194
11998
4971
23349
29777
32088
22641
5316
29329
26888
29290
26111
23524
34245
7585
8369
27818
36672
34032
11012
26798
2949
33049
27126
3556
14391
23334
30496
11973
10414
20414
5748
30201
25333
3536
19450
29406
24694
1496
28696
17541
17554
12658
13245
18198
16959
17087
24365
6186
32207
32219
25137
36083
10371
26089
9758
35533
10260
27423
18883
29259
30917
24557
15492
24100
6729
15498
3398
21588
5228
13803
3226
4960
33897
19814
11343
3436
8166
29578
5514
36915
13219
31476
36296
24273
37541
33542
35019
24705
24953
2895
9678
21953
2109
36261
36160
206
2011
30232
29030
4432
18518
12052
8696
32994
19556
26480
26133
17967
28534
25375
36834
35071
17646
21075
26313
11786
37391
20759
26225
34637
6213
18986
824
4927
1776
24698
14293
3096
20490
18952
33464
5896
37290
30682
9650
34383
23155
19969
26935
20012
23375
34026
19869
29885
34306
10994
34828
35837
26459
26635
29317
2773
12447
27778
26507
29622
28621
30156
4595
20367
4966
5263
36739
34575
29239
1824
30916
2960
34835
7818
5225
21328
29926
33011
34359
6860
34793
4956
13967
16865
32015
19373
2830
31220
19981
33135
33161
23260
27904
29053
23914
18580
24596
236
603
19251
11232
37006
18690
23446
33807
19560
8210
19624
21527
35245
178
13578
7961
22001
3802
19652
26341
25271
10035
28166
8766
24249
32567
16472
36624
18490
21501
37539
31387
17502
9932
27564
9003
4500
9953
5509
33823
27433
21502
8750
21640
16422
19376
36774
23356
7913
37674
11966
23403
4265
27352
35165
31930
36731
32230
14565
33837
29507
31125
30298
27949
15438
16719
7943
26804
28577
30786
9824
7427
13396
28584
13264
32189
34362
10935
4371
11751
30921
4426
29420
1552
31141
75
6515
35318
30854
23572
2205
18633
30247
8786
19180
3966
463
12440
10392
17486
9683
26848
33825
21321
25463
24269
24788
98
18427
30015
16543
26500
31843
13048
33997
2781
12943
30664
11882
19504
2882
30973
24513
949
29045
8713
18865
22616
15130
30873
11095
12570
23159
18028
12110
13140
23796
10648
9464
15133
36173
15574
29526
15063
20793
10716
679
11580
32566
2937
27153
19753
21867
625
841
9769
28558
34737
23587
32361
33690
30928
15189
10065
26980
15852
23091
30663
8270
3202
33517
7716
36389
666
13749
15693
16911
22940
31576
5425
14252
17731
23856
23449
5082
29742
29015
4797
844
15412
30633
1617
28745
6035
9327
13894
22880
8923
3574
9463
27254
24739
29185
34727
32675
23343
31771
19104
22235
23621
21143
3339
14195
6898
36855
20451
1946
22650
33222
27218
8110
9757
30375
28008
15901
25959
24295
7813
34453
20252
8144
32270
10003
16881
19326
15652
108
10406
141
23174
20155
29710
22485
16805
27158
18445
16933
20280
25787
15240
23428
27376
16485
16964
18174
27926
10706
16283
18166
29027
21594
25821
25790
35333
27683
641
7923
2625
23716
35300
13791
35115
4836
3720
34019
30679
29204
17236
9466
22244
34091
17904
16501
26756
17577
394
19692
8955
721
22435
13188
26529
15477
20000
5715
5147
12182
22146
17514
4760
19243
11295
25345
22277
16763
10410
26102
17162
13066
12645
22340
19797
22496
7345
9936
36541
4137
25612
5822
20520
2867
21599
8212
4985
12189
29966
32091
2023
128
25071
7139
16336
25207
12054
1719
11978
15601
12158
34133
27487
22401
27464
10496
28441
29850
31924
28500
29069
24796
4154
13840
35954
27
2142
9912
25238
4104
22736
35295
27749
36144
22482
27283
21903
22015
8224
7727
5402
4850
18638
1524
35288
22501
21150
986
8401
26017
28781
29671
27078
3635
37038
10467
17444
20624
22363
24817
25243
26840
28698
29202
25783
2441
30984
26278
19793
11364
4227
12241
20458
26581
25598
16818
7055
9348
18975
13674
8001
19057
1949
22930
5510
20860
37272
8775
24157
20064
30754
16538
11145
21601
14828
1569
4178
3268
10394
18858
35132
20046
3772
13519
6998
23462
9732
31117
34455
315
30589
36592
18554
16816
19324
10336
27468
725
30627
11500
19390
8856
37375
4640
36947
25810
5452
13022
26608
28001
37255
12403
33059
4280
9224
5589
1769
24058
34050
31979
2966
24902
1448
23819
36771
33056
1009
12214
11475
27198
31464
28309
32125
17992
20409
34693
17389
22025
25043
3887
19987
17819
23015
30602
10082
13303
15210
16306
23764
31686
3975
30826
30536
10332
19883
19741
18099
12769
21482
12460
21309
25070
8897
25060
18737
34942
35764
17041
241
6005
6590
37363
35834
13133
22185
17785
30855
13852
19194
24713
34088
24790
31015
1444
5439
2583
6278
11822
24627
21062
31089
1343
4318
24119
28316
33835
399
519
37104
29248
2981
30499
10949
23576
19177
33513
27971
17940
23270
9957
3466
3063
4800
10244
31499
11187
20084
19314
10621
28265
4801
25516
37654
33717
29199
9521
36084
10163
3890
11031
15565
20803
10104
17870
14472
9869
24612
2941
33388
32174
11877
26530
10368
35386
34589
32551
11982
25755
28536
9780
29407
5489
8170
21276
29083
28596
18752
21283
18472
20162
31715
25848
23592
24388
5298
438
22312
26120
12898
20985
7992
35138
23812
31968
10211
2287
22980
22308
13366
31326
1198
28133
27665
13570
21289
11772
19151
35900
13130
26186
30487
13839
20895
3858
344
31575
24700
8138
28854
28310
26979
17345
2092
8873
24418
3124
51
14899
20942
23391
24216
17830
14426
36349
14921
34684
27845
16329
3736
10601
21443
30447
22540
17061
946
12397
29234
10130
3700
14386
9791
22238
29907
23598
11021
1120
28268
26154
4312
11141
2117
135
5584
27480
5355
19245
12432
35047
37235
20832
34468
20258
8976
31201
2192
2993
11203
8817
29404
1755
480
4061
4765
15029
25443
33669
9461
37460
15487
65
19991
3841
20978
2925
13331
28236
26815
11763
36838
915
1007
12771
31190
36129
4740
14818
4573
37320
5166
14610
22159
1201
9101
23648
26094
19905
24756
18160
3435
11590
1741
1865
18510
467
23266
13477
118
22706
35413
34023
11858
31596
5412
5244
259
37135
19518
5194
23843
27917
7238
27163
11478
11775
20724
31229
20814
33642
14331
10209
13395
152
23797
583
33550
1272
25237
21038
3576
5863
29319
3310
15228
25544
19209
13390
24004
35658
17661
23833
9948
19298
32900
18766
8978
30492
12852
31920
33582
12826
32412
33229
28520
2266
30028
2000
31867
4889
31600
17748
2497
26097
3320
13611
28911
16743
6669
13662
27866
37107
17656
31885
15473
16724
32425
37171
17592
20981
26434
10233
13977
26731
19926
30482
1236
19847
13309
25134
18112
37116
9108
20352
28687
22894
18476
25715
33572
6089
32306
32433
1436
1215
35857
23187
23783
21998
23350
1920
1333
34073
7606
5949
13172
23687
6836
17480
22428
6326
14416
31547
26590
446
35568
32241
9778
18802
26423
15379
20299
32100
27217
8790
25321
13509
3938
7322
24044
1762
3237
35773
2539
37491
28887
28919
14173
34093
2523
24620
14174
34393
21268
36057
18834
14825
18722
1976
15455
34220
15958
15007
12472
28088
17739
33029
30988
23328
36098
2840
20945
4273
10472
29924
25174
12399
11276
28123
5297
6216
21723
4735
13876
4820
18574
8649
17587
30189
21217
29206
9634
33501
31187
9066
35161
27822
19463
22676
25086
1816
20948
29081
36745
34121
16890
11502
32103
28124
25878
9584
9230
30314
34406
19656
12905
27124
30978
30448
24886
21668
34274
7856
6075
24243
7987
7578
31242
4761
27051
22822
26561
32539
7504
23977
36783
6598
2692
16087
13716
6357
8814
6790
25700
8859
10413
19732
26461
15044
31948
23313
9545
15929
12206
8671
32006
21462
24690
33494
36607
15808
24219
34907
13489
34086
13951
4245
17765
9347
26753
34700
9470
9889
2481
27174
4542
12829
24656
6422
3610
2110
5535
652
26321
13709
25573
1625
12393
35121
35864
1501
36324
9836
3407
4536
406
29476
13136
4668
9075
32061
16680
33574
25808
13560
31080
6625
12007
907
34729
26221
22440
34111
21631
4110
36448
25469
8387
26134
36182
1767
11133
5011
30449
35817
35631
17723
4992
15445
2237
7272
15950
31749
13796
1481
16384
5808
2128
20339
10649
4331
8331
15796
23713
27900
30401
8952
18736
5233
7277
3321
27539
28664
11253
31552
16496
30674
29539
11211
4776
34768
30125
24945
7282
35627
26668
7195
17997
8408
4308
35040
27541
28972
29808
15653
715
31256
33330
1518
11645
18200
9997
11656
2269
30891
21604
15383
32153
37468
33611
11042
37095
13171
22305
25556
16717
52
31683
8250
16571
4041
6071
14888
30190
8397
19864
4283
31175
11794
21241
11825
2319
22475
11062
21157
9523
23248
2265
5774
20524
13825
6604
4786
24808
21822
29776
34983
35284
7831
11839
14453
25144
32287
9028
9167
20032
8402
15754
29580
15381
33478
17377
23472
25562
33772
20039
14688
10493
12972
16915
15758
3982
3481
13834
21431
26831
15776
18228
5935
24802
24279
331
22314
30491
3740
20379
28276
4183
6344
3907
19558
21577
16876
17644
24639
21625
19311
7128
21895
11765
25338
11220
14576
12537
23317
36027
15391
736
35662
12841
35862
2586
11030
3004
27650
7926
19581
11467
25871
24474
19529
3792
20264
27097
8926
29515
36148
9935
37126
102
16462
31461
1397
36710
12424
31445
26234
25640
27793
263
27931
29620
12489
18429
35141
35480
14640
4763
18449
19089
15756
33607
26399
21682
4189
27717
35450
31491
1813
5493
29049
20062
13524
18399
26517
34642
354
16583
28120
36285
16057
539
26487
33747
7035
3915
5605
17070
8396
31950
34630
33128
20061
8323
30112
31743
34803
27934
31468
24752
22057
18896
35378
15191
4834
26958
12056
16119
30890
23737
14624
19749
9377
13297
24038
11994
23672
24799
16665
28882
33296
27495
3580
22974
10588
34732
6024
23532
33840
6739
22726
10523
14700
4980
17127
21315
22917
17865
24490
33418
37404
32494
19604
2285
21858
24666
25136
14989
28449
7848
21097
15002
3500
25075
15947
10614
1788
16235
13001
2049
35584
27194
27407
4267
24280
6499
35779
6102
30048
4399
13804
16327
19084
7232
36117
371
7959
30040
16962
23707
6489
18161
36211
17989
7448
28017
2521
4872
31921
7216
6713
22860
4168
8328
34472
7042
18904
31163
18559
23935
35628
12008
35796
19882
9897
15430
16125
12086
15975
30881
12504
31495
18508
4144
2133
28187
29999
12767
22612
17114
4664
5690
23965
15930
6593
14883
31094
4414
24562
13380
30377
23567
11967
