19557
21585
47543
28497
47247
4675
41122
13368
4585
14352
18631
20687
35300
14946
11378
21748
20378
26907
40599
32045
23143
19772
2271
46090
41195
38853
50889
4069
27816
37883
27850
51325
48221
10000
19297
50069
46372
2687
37976
24292
16017
15597
36503
26165
37553
36052
25364
2898
43514
14676
1186
46315
29526
43449
48274
34258
11797
45874
37343
45538
38544
34417
2122
24344
35603
34525
1133
39742
34682
27845
19673
10129
41879
34411
42860
38018
20030
38991
12056
26294
20776
42788
20874
25643
27444
27586
7913
25644
7568
23474
34322
31192
24685
31165
25546
30068
27699
38378
13382
29310
47355
18324
27502
29607
3981
6515
844
41703
6194
31016
31986
12112
25685
15490
16516
34066
38867
50842
31241
48744
14475
754
20469
2625
37699
35119
42892
43444
18212
33933
45295
19749
45928
24814
47421
6466
47466
37429
24720
6254
51465
30424
12418
42375
18713
22596
7334
26709
18267
41858
5278
5635
9195
34253
34802
38169
10040
24390
3932
20216
26093
11102
25531
34110
34988
23062
50511
28044
21494
10878
8262
46071
18600
34257
37552
38836
44685
7796
1871
28101
46688
34345
27908
50388
44982
50153
17658
16042
7723
25377
27635
34527
17272
1342
12207
5292
22745
35032
43777
25397
24861
34008
50436
41182
4772
11272
45513
4808
15339
33549
38630
18372
36186
8902
30346
6047
31207
1259
3264
46702
1081
42032
5474
32203
49241
1299
20741
37966
3212
5024
28378
49145
32539
37323
4258
26543
13925
16441
8547
34692
48823
33174
47000
24852
43930
30907
34576
12065
3980
51525
26626
13093
22431
42213
31786
22919
4404
17561
40064
7623
15132
29365
3270
4456
9056
5272
30863
49723
48076
15610
10571
16563
39266
7273
38612
16904
26080
136
9313
10536
48556
30383
4926
29264
44047
45072
25126
47960
14014
23840
32293
37155
39243
36181
46775
13255
1911
48678
35753
24651
33659
28959
11311
7947
21863
28217
47768
5863
25267
41822
18413
46077
34382
37780
32333
18215
20968
5369
23599
16333
36059
7847
20703
6188
20575
37764
2158
20483
48351
15726
14703
42179
35620
29661
7435
27107
43782
13860
32390
33580
28350
46824
28564
26801
22344
38446
14471
2180
29852
17526
35482
4138
17954
33253
14756
4717
39750
45185
27134
44963
49520
30786
17824
8788
7792
4483
28048
20807
46604
41335
23628
33231
13048
16781
5615
4498
32563
41704
23792
46323
24202
17366
15680
11973
12852
40726
47516
16291
855
32722
5775
5735
355
39720
27272
48028
5773
40563
27651
30132
16160
23315
29377
32455
19604
13226
23654
17078
17336
43895
34578
45808
6740
18281
11595
34935
7772
37572
51534
22726
39186
5974
49111
20240
1872
12679
16401
17402
4170
35271
13757
20135
20110
2428
24819
33125
19983
24187
33058
37473
519
35827
14344
40388
23730
13166
8627
35121
35201
15310
38850
13100
10246
43332
38189
18742
1370
19137
10920
47251
15203
41974
39627
23245
10457
13134
30093
5516
41475
49927
23817
43614
2440
11515
1161
24994
6320
2131
20375
43041
33461
29203
38053
6655
28902
11544
34880
32229
34019
26728
31753
51130
20157
10498
15776
3199
12805
43390
2904
12551
