32022
17017
36356
12864
38760
3777
33818
48673
41356
47712
9642
15396
16426
39291
3534
15515
19299
36773
25367
38802
45383
40107
18195
45733
34184
50780
12366
6470
30833
43074
50457
19388
44868
47358
47439
32721
14909
41897
10983
51614
50760
12787
9505
34632
49680
2389
37815
22390
31772
42569
18859
1957
5227
51048
35499
51028
6354
17670
43747
18282
21742
17429
8167
32438
6287
23493
49037
51076
38067
14836
44264
49365
26686
25538
8795
3359
3840
28018
32085
50636
31161
35889
45491
15895
6878
31416
1748
1790
27678
14265
23351
4163
35700
32959
21371
18044
48367
42721
34131
6196
44307
21146
3262
25335
43654
40776
2301
31958
9765
45880
48473
51250
16367
47757
49701
12872
15961
1613
38929
47448
37907
6773
43167
37313
38019
36881
16913
37740
1794
46642
19727
36641
22227
38684
29717
42054
13581
43252
20398
39546
39434
36416
6864
27322
46951
23114
9960
39408
44385
40702
47843
45616
9442
45488
14896
1225
33760
15413
45618
40639
31073
24405
35440
1891
12618
842
3423
20286
47748
46855
17847
36513
2008
21122
18548
8440
48701
24876
11871
5136
43169
7505
3991
26684
42660
7083
29514
5683
693
49852
20034
23843
4798
17552
5825
49414
15552
50782
10475
5963
14879
2414
3731
17832
31988
51450
49935
10769
12297
29214
13729
13660
14923
33977
26941
34941
14381
44197
50696
30130
44694
7691
4540
32270
32218
22149
45707
46715
30564
25092
38532
19307
37302
13787
11594
41314
22128
48232
48732
16393
12524
39643
28615
11643
10967
26592
11185
15144
22693
8422
24335
20326
10641
32895
28210
38768
18449
12189
7773
5893
37210
8989
32709
20510
12527
37562
29422
50647
39144
31982
39988
6512
23656
1524
39382
3675
51702
11951
14153
4942
42249
21235
28477
28694
10101
7020
7041
35815
8237
3601
48898
35076
21268
669
41854
46963
33152
43008
31113
30018
3742
21338
44473
49053
1090
15247
50463
39901
5360
16486
25875
37492
5960
46746
17407
1018
12259
35922
43204
28194
2407
37878
6785
17765
14293
20544
19102
11104
27130
13703
49118
32626
9062
4525
18997
15001
5271
36098
9142
31166
21438
48856
36238
51675
21687
29481
40366
5218
44361
22058
2119
2862
16556
44129
18118
42108
32841
44168
29956
42220
47277
21867
34232
25043
4811
43808
35105
1208
39911
48340
36869
25060
16992
34822
36878
44445
47490
12132
11212
22598
14617
36549
9065
21025
47179
16272
47244
41972
11554
35240
18546
6743
46098
14947
44418
46480
19719
36011
7145
47677
14432
37503
20197
10757
26224
30218
31652
27749
9076
28556
46281
9860
29610
34698
31315
5923
49687
42519
46880
41729
32802
38274
34776
14040
19918
43794
49268
43128
39321
44521
48957
34174
17171
40355
2642
3407
29993
51367
47152
49568
50907
33683
48260
50426
42094
14776
12250
37267
9047
28293
30391
5816
26332
15760
35610
3921
23381
12568
39997
1280
34487
23074
29553
31368
1033
20763
27233
22261
5341
11904
10562
5940
32811
15873
27697
41125
13280
48245
47802
5967
2106
14558
22419
9905
50115
7450
47173
31069
18820
41209
17154
34320
30114
17900
11675
18244
42965
43188
15242
10278
42576
3711
12254
667
45622
24088
20349
43340
46172
44203
777
46363
39529
25869
50174
27794
1415
18293
44762
51519
33176
32153
929
1858
17436
23274
14182
17155
22201
39556
31295
49395
27467
8226
25938
6485
38621
42344
2729
24326
41766
40159
44412
29142
15717
4504
3127
18876
22842
12257
46761
15056
27803
35224
41364
30658
50071
51295
51271
41205
2702
26242
16893
28910
43011
6560
40512
28820
43265
5054
7007
40855
26819
10470
30681
21337
19593
34272
11948
30454
34734
46069
1210
24495
37015
6370
36128
51293
16274
49237
49163
18001
207
13602
35826
29385
43119
18525
33230
37604
9419
11574
4914
10334
16141
33584
424
35369
31492
44377
15048
41554
7327
17242
21227
22459
20836
38074
18155
10183
11796
32413
48938
9208
23015
45722
46725
39688
772
8087
23968
3537
39018
40516
50285
31602
11793
13125
6472
17696
43290
26418
34898
13215
33452
2006
25316
18551
28803
30979
47974
40923
25053
6588
19408
18452
22584
9789
47741
28508
23983
48114
41627
6081
21444
39592
34786
17355
11494
44854
24424
4593
35770
24736
12200
36687
1442
14466
24433
24131
24277
11492
42050
15227
23876
30309
26430
14016
13250
49141
7378
36749
7351
9924
30578
5989
2672
42980
8782
51099
49367
17464
38849
29955
50930
18020
39462
3337
43993
18881
6406
22950
27971
3217
8417
37707
22297
33316
7999
21395
19959
13823
16859
5050
4085
8563
2036
10273
37451
16138
36677
7534
24364
15492
33529
10718
23135
1336
12265
34930
34974
46253
21047
14674
47260
33110
51651
27595
20581
3174
7381
15840
19529
22103
39356
13328
22568
16279
10508
10280
18678
9681
18563
34518
24030
37030
4147
12652
14053
25797
5367
17829
5993
15724
42924
11198
27259
18719
37338
19820
35562
48751
47863
30613
30545
42380
5994
29266
24775
26770
33112
34035
36741
48390
8035
8772
23343
28015
21685
18468
15439
345
34421
10244
45348
37525
47737
2096
7027
28168
8740
4395
42672
31105
43805
50624
4739
20749
21926
50565
28009
22105
19090
37349
1034
40812
10785
30719
33069
11888
28786
39432
19777
17165
30708
38238
25760
13143
17452
47902
46028
39177
49524
38653
3634
43807
44934
40426
45981
46064
46422
35333
13846
26670
36901
38951
15334
37318
12733
40819
4029
8212
3078
25140
2438
20384
20637
25949
20612
37456
43513
1554
33532
48326
22166
11668
13566
39703
1016
12561
40401
44809
41415
24784
44715
26973
30221
13758
14863
7022
41640
12674
18139
4852
27985
15872
21972
43727
16854
38946
61
30593
2606
19343
43585
47625
15837
10123
23140
786
32799
11969
5744
24609
10970
50037
27220
25029
1924
41944
47598
15992
31853
6221
12708
23279
30623
5560
26293
6881
45438
28597
39437
2633
5576
24640
21575
24972
14187
47250
23659
3344
49575
42000
18792
376
16031
36873
36373
8365
28693
35392
11927
4074
40110
43487
14934
41863
47810
50362
50179
39104
4649
19217
44917
39871
3234
7234
45905
1448
51391
46890
6448
45174
19549
19875
9687
26390
18337
31403
49360
40119
42017
42106
13958
37870
10151
43743
3227
45759
45005
17084
25675
10587
6558
36001
41866
32328
37111
48097
9799
27051
37061
12271
39666
7539
1709
19052
4084
7912
49803
45512
46680
2308
9058
23302
11604
37557
38787
18979
15770
37042
11620
32154
4604
18579
14045
15808
5210
3171
20019
14570
25107
3322
21093
26735
30962
18051
36357
31885
5232
9856
41368
19937
5550
48228
39842
9027
47573
15616
32738
31646
23937
35816
16332
38654
14007
22483
17997
21221
30230
16930
27578
24219
10044
47570
33599
12734
45402
50403
35247
21715
35320
21838
3051
16819
21137
5586
381
34707
51383
13034
41215
51337
13352
33565
35575
13755
47228
49873
42637
23121
1952
35269
24632
34238
14608
23218
47461
17802
4411
13565
19556
43868
11708
48203
28727
27940
9510
8003
27084
7632
38454
32166
26097
21182
48731
27498
23801
34493
46346
30568
29174
19418
10082
6039
48214
4340
49628
21115
13547
20270
29828
37919
28211
4039
36604
659
6551
28360
18722
45534
34338
44090
24800
42310
12196
17819
42566
16626
21900
18465
7994
31398
14460
42322
49359
6431
44384
10941
26185
21489
38767
43737
16123
1455
5111
25351
12242
33291
48313
9033
37192
37033
12554
51333
43401
44958
12413
10684
39932
37902
42307
13728
6229
20343
51233
9654
10106
18222
45443
7229
24012
35186
2088
979
33647
34387
2156
26793
47072
12806
43726
19780
9545
24686
35761
1421
1750
43405
21027
10157
42652
12857
24783
43519
1088
47869
27013
28343
27172
40745
26860
51586
14370
41923
36380
23261
48890
14531
46535
49670
41206
20645
50943
27121
16926
26485
8104
23418
38721
32731
18532
28684
21351
39449
32183
46611
22938
36352
39156
5829
35418
34911
10940
37478
30847
45237
26493
28239
23950
37009
33073
10056
14623
43863
19740
22597
42360
2369
39677
28484
28123
5868
16806
5299
50981
11532
13057
8347
31185
11806
734
43815
38151
39836
38088
40560
48687
48149
45038
31340
9241
29560
15818
7202
41774
26255
40612
3838
30471
12268
1375
9381
23027
25762
25393
36058
36848
12147
22829
4521
44996
15526
16325
28422
22966
31395
45504
3661
20666
34199
16146
22194
36263
4716
21114
35959
22795
29726
47915
19623
19266
14015
34000
15615
8761
21054
24856
33563
36368
34369
46029
27273
48012
21558
17126
8057
29433
36799
36361
42358
8558
14874
39544
26369
47008
28830
49571
5951
46269
18097
17110
20350
17184
36606
18721
42063
43482
28834
22762
5788
2532
6518
47121
11154
35029
23150
27325
1021
3635
38440
38514
32393
561
33579
43049
35647
23263
19415
50853
26199
962
3892
37590
41258
38407
22827
19622
13336
14298
37546
3829
38101
28258
112
48819
26486
2254
6175
29721
633
41084
6027
20552
24957
47811
46282
10581
43926
24343
4300
11621
12768
1541
40835
49898
30313
16786
37654
47141
6809
47666
28107
7952
37924
38925
25988
21015
10165
16549
2958
9890
17883
710
46789
17897
44458
8616
22654
51046
23629
31145
47997
30138
17898
26172
33751
15596
42198
37807
32705
22323
8121
6346
1756
12479
47500
32511
13986
2208
15415
46079
12715
17657
32164
48921
36948
14669
20472
10945
23275
13610
40596
34875
21953
29005
4102
7784
16574
12091
40504
5693
5882
9007
36229
10260
1304
6181
43773
11249
43751
21794
8477
26049
6407
608
16967
40274
4477
8854
16506
19686
24203
14449
36534
12307
13157
43691
9600
17055
49235
24454
41899
20738
26356
8752
12644
23248
20750
50004
34733
24164
29036
28509
3773
9733
9750
29231
43968
25216
11537
2433
21544
51464
30974
47992
13545
23438
14849
28298
39315
46914
42446
20758
37132
4587
5310
6154
40881
12435
20486
27488
35695
50141
35496
32545
37940
20655
513
50375
31832
43261
41569
35571
26581
7050
121
37303
20816
2245
50231
34397
46082
29583
30717
2222
41910
1940
35497
3188
35310
23220
31769
30924
4361
40162
21760
36656
31424
20192
7871
17950
35451
6216
41650
31703
2817
11049
44584
5200
2093
50465
37505
46033
35113
49408
46402
2066
47614
45418
7996
49073
8294
29442
45221
47571
33576
47760
36384
19186
30364
41064
11914
15661
12176
20361
33354
22005
44998
49937
12376
44393
13550
39255
51708
5992
17582
6987
10304
50443
42800
50994
37054
38645
27938
31209
2877
23563
44919
39428
16004
51366
4932
19540
12120
16064
21289
40918
37739
12717
5145
47377
14306
10611
43397
33443
43399
41706
37871
27745
24368
23755
41637
15919
4500
46983
20680
38218
1238
5439
45289
13436
13539
28079
2906
45186
12406
27576
2953
4802
33846
9217
261
4256
39003
4241
45477
11576
43651
20328
43581
33905
11301
44246
12145
18618
40753
31359
23958
41264
888
12966
13484
27495
33026
29457
25128
13593
23269
47213
41143
12667
26179
50558
35487
45265
20408
9150
40735
15694
21782
47932
13309
17456
42457
45113
16597
34937
13177
25683
31388
162
15325
23553
6258
17240
42392
11787
13716
10541
50645
33566
19301
46464
9221
4066
21155
23912
7604
20726
49224
37520
21566
47471
8180
32036
7333
37720
37166
22356
37973
6277
8414
8762
11032
16379
5339
10078
37000
168
18495
50360
18096
45782
50740
31125
35432
5513
34321
30156
675
51378
45103
30284
23775
4010
9291
45195
4704
11315
4538
44840
17036
47491
16653
47734
8534
23070
8481
28382
18050
51554
8632
48787
6276
27165
784
31999
14727
22574
25575
8722
948
50387
8612
12550
36390
27836
33617
2884
39601
17668
1265
14742
29437
36791
14682
15754
23349
3668
16974
51131
43395
31843
22064
22716
18439
40778
51628
20112
34978
34897
43102
28329
3006
20658
28740
16948
22646
5746
7684
48297
49669
24223
11741
22903
50840
34859
42173
19626
35851
1530
14958
16432
48727
7642
39886
48961
1803
48766
4847
44244
3995
46292
4174
9440
24338
23378
22651
48440
51372
45889
50250
9869
32938
6784
36582
13950
38040
34803
21904
12166
3565
51652
11344
23382
41997
40310
6917
39102
8011
8281
43984
19258
10195
7738
33056
4557
28878
49578
8602
13687
5070
32823
19980
41532
22691
3104
12843
48476
7039
8799
24469
35398
22322
47815
42821
42929
42756
14797
20530
11745
638
33658
50670
23458
16329
28369
13361
9352
34583
71
44237
24652
34902
12155
10290
6409
6144
33328
23210
18047
24563
47368
38667
27451
40497
47285
920
39704
39267
29342
11784
50335
51259
37991
10625
33691
2213
46216
11935
41162
12357
25639
24744
30476
49817
49161
28726
27321
37867
44697
7741
35415
852
8855
2698
19012
34593
18499
18353
14981
29901
1704
40101
6429
49738
26910
21026
31103
40066
50391
27766
39622
43532
30502
4731
6608
945
27264
13046
19527
2284
39400
18383
8861
28995
47099
37350
43626
9744
20997
27243
26839
41426
22965
20022
275
29389
8435
44178
30457
19943
48093
14690
7495
40625
31866
12039
38705
51343
36732
29046
49490
50747
11302
1003
44558
50979
42855
46245
29948
22607
46366
1457
33024
31517
45229
1547
11547
36027
23673
5223
49958
30318
39325
9857
8929
19292
20203
15623
35891
19643
21533
35193
7997
45760
14082
7254
6807
35439
29088
12258
24753
5493
23626
33932
39973
49714
28500
43734
20410
4011
7477
25392
40942
44555
10761
23484
22410
46619
17963
28551
8599
19706
10212
7815
24869
16086
21553
44598
38167
30363
28340
15757
28406
26748
22448
49254
46413
12083
20214
32432
41428
45373
31215
38008
50203
33163
47520
43432
13779
24334
19677
13509
50824
15936
37872
37332
21755
16738
24864
13816
44770
34270
41507
47898
6120
18860
4275
25719
30271
24837
10155
18994
6787
50409
47955
6478
24860
46973
28866
6569
34099
31137
34249
38463
42240
34746
11831
9315
20772
34950
23277
13673
36247
16468
11393
42610
1742
27094
28344
33181
9535
40260
39955
32369
10864
17558
29272
43398
18112
15984
12657
5363
4645
10079
49808
24067
37007
5045
29274
36285
34663
44689
8609
6126
7889
23293
13536
4337
37265
30390
18422
41232
14223
16823
11731
25430
25204
46152
47476
21557
14618
16815
24218
29782
50380
5096
47002
36287
14397
25958
22378
46002
2844
6493
23267
49096
35901
15402
34954
22602
8882
19978
22549
5308
47407
18924
34521
40069
46501
42689
28103
36737
36475
27695
9239
4145
47445
28132
30772
3431
45680
9101
8672
22411
15741
39868
22981
47566
40757
30267
32849
15715
30070
44543
13948
39651
45407
10370
19485
35088
38234
33716
10640
44321
20895
4962
10821
27128
11746
25129
47559
20005
28773
16826
43206
6225
44108
41090
10115
29430
20345
7152
34643
42423
8163
30885
27627
16398
44932
36250
17887
6671
40536
4279
41915
50435
12836
29707
33373
32654
13834
27170
43700
24966
41518
9161
15361
9932
4983
42554
3971
30566
10816
5059
7905
8745
12537
15841
39593
34306
5337
40325
1162
13224
9830
22497
8822
2891
20636
16066
36363
10750
34219
47690
28852
27091
11918
37587
21776
47993
23329
29712
27326
51643
36301
4795
3580
51173
42109
44079
28108
9644
2321
13853
45305
3697
47201
17752
41023
4464
48183
7309
35966
35143
41291
15176
44470
33325
30853
20862
13960
43716
7203
8159
32911
32021
39334
23747
20650
41634
17838
49242
15205
45660
24229
44261
6355
46489
50345
8339
40816
12841
17311
30317
47557
33998
32971
44869
49942
20149
47240
7033
43988
5648
49532
13614
9045
44290
37936
24107
21615
5103
47865
4589
21699
4595
32105
46580
43440
41309
28675
9706
46704
12950
10531
37211
8319
834
25884
49840
24251
5932
44497
1154
22099
33701
27029
27352
29411
6331
49098
8505
50324
35424
2931
1899
39263
12223
48015
210
44913
23122
3920
7888
30839
291
33427
21824
47752
20108
771
27646
19018
37836
6586
21497
34432
50195
15391
45232
779
20317
41134
8592
33628
4624
32167
50607
43219
13308
23985
15626
28909
18186
39633
4101
11732
9232
48402
9020
42072
38491
17064
17630
39032
38801
33166
34814
49372
19003
46329
42174
13005
8001
6938
3930
25900
13203
5557
51535
19492
42690
42334
12675
25325
15172
10186
18232
7819
1983
26410
25907
27333
41312
22026
47909
28359
33407
47730
1418
28734
8746
34474
22513
3357
0
13285
18454
36839
25001
37088
7550
14931
43460
9391
7304
14424
696
11713
51133
22820
34194
3155
47442
40413
10843
24583
35757
14272
35910
17547
47482
3736
27324
15495
19369
42107
35171
42798
2968
37372
13013
19718
25788
25034
25329
35167
40394
11858
4466
17596
27964
36708
553
951
42402
41760
13988
42157
25726
28057
43240
32668
40224
20303
24721
42592
31920
6796
34938
19239
31704
37978
9248
44887
28142
34765
51680
660
4590
14892
7210
14321
46344
40981
466
20813
37354
2852
35973
46367
19578
4610
46950
30495
47922
14362
10518
8196
5408
27386
1771
35363
25507
8773
49390
30705
41900
3815
27102
19098
33904
35621
36180
14940
35405
41152
36870
13027
35768
14278
16158
45933
11697
11128
20898
45436
5730
27580
15621
13652
45223
24818
43357
40519
16949
35715
48036
42460
19015
369
20537
49887
13797
44430
8805
16998
30991
13132
3929
36746
27686
2341
9046
5415
28816
51162
8056
41257
11619
48680
16431
42169
16693
28112
26776
51487
29191
25483
30381
16266
40912
9301
21214
34749
44969
27752
5822
13668
30854
40701
32872
24000
47077
3471
51185
40568
31037
45770
42172
18152
6381
22223
26943
20399
20617
2641
1043
2319
23151
4555
13070
18991
10128
31967
28731
22569
48108
26983
17878
44976
29574
17978
21256
48160
28683
48267
44625
50440
49059
45829
41776
40728
25921
22796
34484
24306
48380
10279
44857
19744
8432
30803
25385
592
13414
19610
21110
25936
19913
42439
3993
41058
22511
12598
36282
27311
39701
11552
32339
49624
15293
2138
14985
17999
29831
38874
19866
10791
27072
48474
43313
38759
29995
40950
49834
33210
48314
10829
42480
28472
1708
3009
31181
10284
2330
24468
47825
27401
49707
51165
18410
31708
49837
39726
14245
1433
22453
47203
33636
10787
24827
16193
14204
51176
44711
2486
3982
43499
34693
11754
11531
4267
45292
17025
4889
21931
38286
2314
44632
33835
23226
22457
35091
43535
525
34744
8700
13407
23175
36857
4470
48455
2541
11189
5697
6394
30408
41623
8570
28334
44764
9459
40405
37996
13099
11307
48074
21932
2216
33731
35530
18149
2214
17197
27939
46214
45202
4193
20554
38708
12514
29698
28795
19504
34122
37655
31794
569
6779
48377
39071
2150
23936
145
25435
28904
19585
41602
26375
45968
44062
33002
23780
48855
3854
8584
20731
31227
12458
7329
1023
37601
14238
17481
43955
33740
34874
17179
28921
43798
14769
32979
17400
40217
38394
15283
40556
41747
3392
41343
20686
295
38489
33538
18985
34159
41883
549
217
27242
5835
38893
18787
11248
7223
3543
4516
38528
39033
22107
34251
30210
39340
13814
42100
38930
2917
27316
32420
16570
10243
44233
37147
51602
17656
26107
2295
17640
26974
38559
26912
43439
18089
16245
1064
22402
9204
16104
21204
39663
10693
33660
36163
38392
30101
6494
18933
33556
12668
35324
43713
3986
39283
17334
32896
40896
41501
17181
14390
15788
27883
37826
45498
47457
46601
22988
48117
15670
32376
43851
41871
43213
30690
31685
5170
45493
38813
37482
4941
37594
17936
1454
938
51475
25818
1585
23187
46268
5944
42847
4865
50471
26187
22541
6242
29025
11933
13529
37344
13316
21700
44985
13473
10310
10489
34894
41590
31840
33014
25800
30997
8918
12239
9616
931
15330
18601
26012
48437
13015
14630
26688
20742
10477
47517
739
15607
23376
29923
30420
44650
4520
23963
20392
13413
48333
8456
2392
45750
48705
14700
49728
4455
38992
24633
5650
16780
38908
46847
28533
13351
6894
37717
715
13999
9179
39612
46210
51305
50773
13297
42414
11585
6060
5565
25849
25943
43823
31592
31528
38479
41409
38785
20760
6786
33010
37621
4430
46014
44577
31694
6552
35279
1492
31098
26208
18848
27479
27962
32450
41610
40898
42693
2018
48651
24679
48616
40526
48364
36615
27782
49063
11514
49159
11120
34699
41183
6130
36015
46432
37491
8008
11883
37117
13992
45056
50470
6435
42015
19834
12608
46752
21670
10264
35512
40237
25954
37888
39957
27354
33739
10505
16955
17057
35967
46851
14805
31148
24659
51304
26459
26189
47779
2806
3690
23105
13171
6831
45429
29331
37559
35181
37325
12020
44537
9536
15617
33096
4700
41708
38231
36588
44503
47420
17326
40078
15915
51047
13737
5698
22273
18313
9012
51297
34689
30437
4385
9742
14358
13395
43215
9107
17499
6978
25002
12172
42305
42159
21543
48280
28797
24492
10986
38066
16448
6388
13683
47762
21649
1289
14056
36445
22040
38547
42445
47555
27672
26031
32312
5342
12295
31023
48263
28812
11898
30217
27416
11995
41159
48561
32221
15200
34395
33602
45688
26496
42140
19522
27533
51687
40424
15982
3502
49613
12883
21865
13344
37806
31631
9933
19563
37545
50014
17164
47672
18316
40178
39284
30972
4586
51068
8779
42052
24634
31320
10783
13440
13291
38215
11040
6265
43966
50924
44161
14404
15811
21525
23705
314
26842
26913
9650
51040
19581
45846
16908
18194
14544
45873
23584
43732
7469
30533
32594
51407
16580
42224
2393
50872
23860
2920
1337
43082
35522
25302
15080
8316
33877
5013
44663
21203
44804
29682
47216
41827
44165
16428
41809
40715
12513
39376
41118
32737
37316
19829
12855
44098
9420
2804
22193
13765
30441
3757
8567
16225
15196
51184
49729
31191
29343
29685
48374
17948
33232
38860
23926
6739
23310
46575
16136
17306
16290
28808
42371
44506
2236
11124
18561
21842
19965
38681
21599
20366
23453
40655
36966
51341
5569
36040
36486
12041
20388
21646
3608
16312
41836
21259
33227
13425
3507
25470
45234
38985
42597
47744
7692
49836
48618
40067
42983
18386
49291
48051
32126
20801
9335
8646
6270
116
36262
23508
15848
50398
10133
8376
38921
22203
27375
16785
50885
8699
15294
1056
8292
50554
27574
49626
6207
13519
2510
30289
14438
21704
4447
42075
34732
38350
20597
40395
50055
33064
16609
14304
37658
29741
35771
18858
22904
19940
26568
48462
41573
30654
41331
1836
3611
14509
26247
23144
8927
10690
41287
13713
49403
11107
2565
18091
29938
48495
45353
20952
23305
36392
48317
45799
4956
4767
21420
13249
4603
22196
39764
2604
35778
51552
44616
50906
4005
24995
25672
24866
28215
11865
12964
35564
30349
20356
22896
19074
16483
3403
47284
23465
9272
2762
6908
23337
11109
48024
40265
19267
9174
7652
14048
37825
27022
6963
412
27901
22963
4339
47315
956
6015
22063
13095
38327
28172
38432
28061
37803
35114
18363
39503
48738
26465
46378
20593
35682
4290
39716
8451
38773
42738
12580
25420
33507
41770
50327
19154
50881
22235
22545
45823
33793
14307
42528
50296
9666
49744
45497
33170
16040
29065
41136
49062
11074
45670
4641
789
40601
30714
5266
46403
20007
41145
45956
6241
13129
17019
10136
36480
33438
25179
16156
14920
50517
17430
45637
43699
45344
41370
6063
7626
35861
21196
31477
20551
30931
25257
41119
38007
8590
28934
40551
24557
36579
15486
31218
51314
20985
9042
10135
12634
5522
45785
18335
22627
50922
50614
9332
12541
20427
8263
7237
8517
48850
27863
18850
15973
20671
30640
14195
15067
46441
16200
46185
44712
42129
45524
9956
38629
15908
15095
12685
44843
11568
11050
22082
10992
21096
41939
10896
43750
41775
2038
42956
28368
31591
3409
30297
20794
31512
14373
6661
1885
9378
19198
45955
5104
5858
39972
13953
49276
1388
32431
7455
37542
49767
17129
16145
3796
24461
4175
4515
2890
4438
6967
46266
15650
34087
5521
47515
26062
36953
8291
20414
9392
36237
11187
20505
31436
4206
37287
457
14122
49617
9978
19234
36266
46511
38363
27004
49278
15335
36885
50534
21101
38924
34695
10031
28607
20255
30790
20928
26467
2857
51084
39509
10211
3509
35884
25899
35630
18662
38978
11582
27748
16131
35838
21212
8276
21171
19828
43545
24329
25070
41779
22909
39790
23099
6605
35925
2309
41155
50766
5312
5907
31102
33330
50868
15188
11752
30980
24032
2002
49
26146
46579
40670
191
30670
21284
21827
1260
2175
43544
17620
37470
38251
18901
8445
32142
51240
35010
28772
12452
29531
33506
17309
35936
22737
50320
10239
50699
18724
40903
28448
24015
46520
6732
3937
16723
25150
44337
30017
37236
1120
49230
8569
16373
36875
35215
45244
24385
8583
6118
37904
28322
10125
37137
38049
37529
34829
34883
9877
50519
24466
9303
14585
29077
33941
25079
50892
39812
32303
49415
31197
7591
14041
17461
29822
31907
1422
11634
19169
1335
44763
46339
24096
13222
34124
1667
2420
42946
10615
42670
5646
11000
32341
8669
18348
27487
9689
26007
15449
21034
33781
2598
4225
22695
22186
50371
13759
11178
24958
1103
44334
29960
28479
10859
8834
51444
3545
6996
33410
14953
10481
22819
41646
9688
51071
38540
31131
32411
35583
29724
32562
4849
48654
18141
50218
41305
19633
16239
14520
12825
33648
7515
13688
48828
45248
20767
16119
23489
11357
17107
35594
42808
18927
35890
49351
31845
14533
25190
34281
12616
8427
30174
18926
20017
39539
29451
47495
31342
45329
9160
43132
31288
46227
1416
8691
31032
17188
40406
35686
50661
16730
14592
8724
32552
12613
6973
17575
15728
48829
31263
13080
45563
45362
39271
8503
3028
20827
14447
34414
26181
22552
49526
32497
48141
29122
13384
6816
38655
38827
44940
44250
22811
9183
11101
37954
22917
6974
33289
40174
23893
10801
40511
3867
47951
38354
46976
43268
24792
7424
9598
3503
30455
43999
33693
34030
8561
47330
443
33775
36048
9927
1149
47086
8088
47632
51646
20265
23547
13447
41398
50635
46759
43372
12078
33329
46522
35645
31669
32589
14719
25412
48842
46542
8941
33753
10389
16671
39745
43187
15302
50820
15244
15297
13620
10179
37544
37847
37044
26644
32499
16923
36348
40397
3805
17442
6436
35017
40825
16202
41414
31020
47978
31374
382
32801
51081
1381
5384
14423
39026
42513
28387
39885
2375
2003
42917
36962
10154
24002
5510
16026
18888
23550
29460
19926
26552
26195
30064
42123
15388
33518
43084
37124
22470
31088
544
5105
18084
31311
44256
24672
30489
9915
44664
22252
33649
27724
47261
1171
13194
26534
7870
49200
49386
4071
10209
43096
36208
1526
23167
45970
20100
5876
30083
2875
35101
19708
30873
42110
5427
6139
14576
122
42389
40188
9844
6351
25590
15600
5094
28699
42113
29456
37573
29722
17486
9726
40932
29326
9306
19800
5162
49644
8552
50701
17323
14131
11434
18557
31431
27431
28838
31948
15541
39228
2372
50492
34800
25490
46533
29321
12437
3996
51209
43698
1142
17137
11931
50644
12575
18431
31423
10451
31643
42286
3541
27045
6723
4296
33411
10147
3959
37046
43064
10172
31280
44991
19792
4753
49479
28835
46900
47027
14353
7180
2609
7818
24269
20068
32121
4984
38082
41722
39135
14545
10695
40821
1114
36770
15778
30915
2944
41604
45669
45539
24917
4800
43644
28886
8894
7015
4406
7811
41435
13219
43623
36877
8153
8045
50627
33669
1410
10662
3717
45859
15648
36207
37407
18735
31814
49699
48040
35563
13865
38332
35747
3114
25617
51615
32264
23101
32377
43809
14927
27877
16591
40711
1730
47480
25077
15065
6016
16210
3427
12941
14464
1254
7487
39171
45917
15348
48384
51505
39891
20447
22430
50030
17327
18034
39007
20087
50599
17428
9399
11348
15400
28787
17348
11559
38888
47232
49353
31809
5837
29996
34420
13000
14253
26370
14579
15996
48486
42579
7399
15890
44251
5624
31186
19746
23414
44669
27828
11177
13809
46724
23368
1841
31762
9328
23161
48496
49004
7104
20249
7154
31094
42770
41743
48584
3235
31909
24236
27025
5027
11539
44680
25443
36927
35772
33228
24439
39728
1200
41496
30995
51308
1167
37066
50593
33044
48973
47055
12115
4042
36891
41063
32719
7508
30377
27921
22650
34292
44690
22180
1846
26379
25228
44340
40621
37928
47739
4379
48446
46658
38180
22293
5601
37026
44179
46998
16176
43195
40362
40866
11583
46348
22557
4688
25172
46649
13033
34919
48102
3301
31805
10230
17650
18714
6601
32862
3215
4128
649
17555
17341
50239
54
19363
30088
3558
43258
11985
36062
39829
39465
47044
24205
5005
40270
22561
15931
36730
29542
26948
9723
10146
29865
30971
17345
9041
12536
21086
51412
48713
31363
15010
1170
3762
40304
4982
10002
15280
39109
45744
50294
48059
15603
39555
31399
19871
13893
9263
30386
35516
7263
40125
13530
26729
18549
46534
27307
15751
36149
30113
2286
47716
40133
40907
35290
15021
40648
19535
13780
16997
37668
18071
22764
6820
28129
1837
15318
1640
3553
51166
27757
21798
17871
1671
13104
15747
41687
28495
41860
23283
25990
47841
25343
36956
30949
17314
30554
44730
3660
41416
5536
31851
43010
30027
38472
12208
29436
20870
11901
510
23566
48570
19108
27540
7442
2923
42030
37107
34990
30637
23297
51210
39014
45486
24474
8426
8827
42799
22289
60
15138
320
28243
10568
46409
22784
29519
9157
49323
17199
50304
23578
20325
3958
43486
36635
16339
567
42327
8136
42424
15820
33934
29103
47550
25451
19638
48494
29799
15053
48917
41805
35579
19319
46557
504
49049
40501
46800
20185
33795
42508
2918
50548
27309
29787
29483
9782
13460
38429
11188
43759
20891
37173
48991
39898
27941
7258
22173
29650
33864
50298
1378
42473
26338
6666
16756
24166
26927
24318
41630
49746
46050
30237
45242
29181
17666
4195
43901
38704
2376
44022
15793
9511
29282
20023
49652
4782
16099
13242
47015
3361
7855
22267
26394
3339
9296
48211
15079
9966
14160
35733
37390
27990
20021
47147
42930
41828
49192
19349
48292
12672
13287
42653
9873
47537
23053
49964
10094
30048
42374
32090
35239
5003
16199
259
9601
2670
34915
13068
13743
6492
33653
38312
25139
2470
28374
3654
11721
29165
4769
25851
50959
23521
46835
42556
50161
51159
30940
41644
38611
47299
28138
8580
21849
2775
47685
4282
23783
42378
15965
14786
28205
45988
6352
48135
25028
16623
39327
10807
48594
46591
32855
27911
21783
24948
50652
14473
10048
49043
19458
42118
27514
47670
36772
38676
18780
44087
47268
20618
4812
36032
13051
2693
47876
23998
33269
35489
29033
4095
25878
34403
42493
19060
30187
43637
46132
22769
1639
14972
47057
41021
27600
28719
24519
39495
32726
22095
44440
12638
10188
4948
23752
35174
25349
24369
989
22618
22959
43374
47325
25004
50660
11920
31764
13847
17562
14566
18187
18242
39797
15768
15358
20305
11873
28833
15473
35941
45307
49264
39161
4235
34234
3843
40789
31483
19776
13303
16027
24752
5870
41499
51570
43406
40152
11232
31713
25625
3913
27772
123
4829
27177
42465
25151
21718
12938
40653
39085
18214
9389
6651
29750
26320
38889
21430
23637
14648
36351
25198
21680
33616
24630
34557
12275
48951
14198
6020
17276
44351
50776
14573
12612
41524
23868
39980
11639
27522
36599
25085
27305
29951
16479
46606
33420
51356
1426
7823
39008
19703
11893
33955
23186
42453
51466
29837
7693
30107
49505
9634
10817
50733
32706
29581
42611
46159
40180
23171
5922
26821
19407
41625
33250
47207
39841
26889
11557
22902
44466
44658
6479
26194
9625
42782
11723
49251
22452
23085
48696
36477
5086
15218
4254
34313
27328
30220
29625
32863
576
11921
11744
8223
46456
15135
28824
37965
9500
34905
5485
22408
34206
46721
11255
19970
15513
50056
51031
33863
45682
36071
5302
51497
32804
25175
