532757
479737
409844
269800
431729
236790
160894
521705
184084
392773
514722
376125
11764
288692
25043
327132
128229
287468
316890
380680
73342
74273
524683
320793
44211
59319
22599
392380
498737
43112
76934
256863
469976
357555
235698
89820
95523
393931
148878
18049
504223
303604
53493
399801
439404
177436
106300
464288
520306
142094
66451
251037
310754
49216
50367
7411
232603
224011
29746
71109
503142
169471
165706
170899
361935
96140
149047
257764
247299
218664
86707
80666
187777
43024
236674
267839
130317
450041
232286
525538
439730
421157
29393
397526
406876
31469
389843
530137
186443
74038
213598
372290
187296
132120
117081
385315
403871
163415
87515
3754
54649
450354
119262
116387
86529
298673
445729
173180
137417
79928
33445
293530
174849
43886
193013
416097
507972
441704
324786
322634
84235
134059
518093
432831
506693
42664
23433
274631
150810
69863
155444
133887
171017
59554
86407
211769
501092
238278
507811
534579
226478
155557
111913
307344
374880
109347
422709
122784
382310
71939
4504
130795
520421
479952
61538
89173
345493
397388
78217
360413
291162
302586
442486
170539
198881
112893
280133
526119
9488
394126
101846
483717
347392
317864
194483
400658
196222
371018
303828
39892
247897
369719
115395
215494
159770
307319
286027
300819
59909
315847
411566
160442
367007
134336
300700
101674
468382
372155
107104
297384
422596
109128
405739
84956
47540
257086
230681
101375
206673
203253
151431
463732
295524
410172
414508
135250
238042
343502
439651
274025
262935
133837
495025
139476
487398
423871
463605
21152
322789
84728
498660
529734
522519
326057
41272
233671
294704
315009
178145
209435
139004
154734
530752
114033
104154
493517
208196
14326
509262
495269
