151797
87440
197101
21838
80825
148608
117361
502990
85641
406534
266881
319459
4965
448140
58676
52705
216978
252219
38646
456633
361032
44409
1578
205455
445282
123227
282522
482527
240585
109678
20804
190447
85511
424969
7253
5169
507686
359187
104371
212895
513811
337465
515923
478272
304288
504616
303529
88704
196654
10713
338438
244336
180708
259225
517253
209131
214192
223681
39013
94505
504511
172217
281756
463988
406882
478996
90105
486995
400489
144485
407691
354680
388991
121823
440000
37995
372708
535919
386624
448207
296286
213831
291091
344966
198318
135655
198968
516584
199995
418770
190370
474344
280686
34272
217925
27886
468811
164084
172840
14271
370265
412278
94181
189439
257050
93327
504966
528507
63600
205896
533685
65151
3676
452241
6926
125554
184571
517820
58452
445090
274244
487397
499911
260472
92002
457413
209228
77134
362351
382073
288113
238402
72192
526682
43318
367501
153379
147721
207533
479057
3097
416946
230234
258422
246739
464856
490367
388530
25565
461213
484378
235249
478339
105174
110589
431215
372098
262917
199603
266453
96393
444300
217590
224511
20320
426698
108740
532378
503052
440026
398511
347925
24378
290381
82038
59911
238856
145881
56836
385656
428503
450130
517373
336160
104681
423594
301025
309265
114502
299862
165749
49675
488597
394313
295015
283346
501141
384216
421841
311
420717
239526
447211
273650
72846
355227
464766
300885
138680
519182
383605
160891
65734
245631
467574
169380
175882
336243
314113
190613
475829
494585
63728
34493
314024
183915
398466
409228
335283
287048
157352
155635
108407
376536
21124
334055
320869
116350
70597
329673
200764
179251
48416
89091
298655
58449
448478
260170
410489
269351
299864
380455
516032
29217
188104
399316
227022
139732
96717
177258
160741
124126
89464
258346
334031
437636
394896
148380
361588
45118
355523
506340
452643
105446
521367
264126
320832
124410
470755
516158
359646
236727
161479
129577
54441
326354
111243
422510
429650
444498
336303
177763
430192
39247
57988
535397
371768
399075
498727
108912
452049
139088
451742
113574
177461
447436
328506
238910
168378
194719
61002
100272
178367
65110
80058
111079
327823
511789
203046
22810
16481
214400
364063
333744
317967
460922
98117
199149
330275
234480
521023
384960
171877
516251
54462
506132
485648
227889
146340
385994
142591
62443
21618
162507
94530
439195
227261
172848
359137
410397
249022
318609
146893
441087
318550
374994
117588
184067
7529
524813
409756
127519
390788
16316
106013
63246
184704
448763
21884
281020
397366
422222
437369
54677
142168
357789
532560
443240
237022
66738
233308
421869
122957
459518
254298
357753
511100
493705
311186
71174
58012
19857
80143
163775
193214
58456
22978
296941
13162
412242
282197
511468
346844
135763
360855
367031
284505
339845
277364
328559
368840
356236
418319
449850
321183
409685
219622
188837
128436
130663
482506
484595
163089
143332
257621
23075
135439
21534
434649
255724
410693
134627
152607
243273
360600
363499
423478
532096
226552
68417
332877
9597
177802
344247
359767
234936
284769
255055
359148
252977
439312
344160
509136
297100
184435
508889
171567
533432
509306
54729
47497
466558
129735
456208
226206
76315
224460
484756
2692
459978
132000
11181
30923
407228
327876
349186
302803
248581
200721
338058
308734
315718
466967
535629
426377
11257
30060
208319
535800
524936
171320
231602
248286
36606
1219
195244
136167
487696
314026
409066
275079
169786
437051
401475
134039
179401
318592
417402
243692
445287
452373
228904
82793
15736
305025
386059
131975
385243
314329
366072
414889
468262
202621
5843
106307
288482
1470
309819
220114
242781
18394
387088
120897
121015
91943
486482
272854
137827
202809
161501
325983
387752
362543
179534
38044
225934
294957
5897
416329
497509
52302
462998
155710
411078
498534
286726
226511
4837
300516
228250
445081
44066
473149
227575
288740
360385
375604
199860
280902
138872
272451
345926
143221
234372
344796
189376
47884
243989
54037
439745
399809
20329
226354
494374
359612
467027
23345
173088
533873
143278
135200
246460
274938
317323
62960
518002
87447
383153
199515
4090
78576
237506
340264
81886
230610
5158
137566
85867
428620
503195
387220
526068
279245
190527
468102
94408
391686
196599
415260
153611
289951
144141
215853
76604
500753
403815
98574
315580
261424
396051
189507
55382
484746
405247
247612
44425
402576
427880
430210
302946
272291
18117
130415
20414
275909
323836
110189
339452
395931
437833
108612
372692
287479
142911
415349
2314
433972
359866
53467
118994
120481
144054
240157
443138
150058
243937
382827
399460
135965
250657
318924
489292
117912
218022
482992
335643
241056
265225
148875
321174
9133
162984
258780
521153
465731
467355
164505
343548
372721
11214
321081
347677
457399
77156
300210
512969
171863
143409
200839
440503
233442
1830
372868
274733
376223
370517
105690
505609
517143
154248
267165
7054
337863
307022
467772
477565
132265
393668
143486
320646
98
321709
216421
284549
145739
415167
184893
525523
282162
434268
36303
355642
170799
214634
453987
350891
217228
364970
412896
21287
233426
337651
153273
260431
390853
341006
16706
485970
516363
98707
151709
385472
10243
65812
320798
144476
452970
228402
233857
420334
228348
334137
453864
521316
190122
226534
397840
118966
349981
387954
155371
166558
486395
527043
366569
254438
95767
76508
490327
172997
264063
69807
200564
73816
167435
253748
455705
549
504479
80913
391351
264330
83746
179475
168881
448350
55220
278323
63186
471455
223135
43827
529851
187662
45360
403868
406447
370973
470925
126125
424152
470737
333035
347885
491067
185002
281983
335180
514865
71642
154656
62852
156122
54499
52882
493334
478198
157567
161730
184317
477413
297735
286579
22235
266225
395612
15494
353238
520443
1090
255905
477316
42610
395410
439637
162735
89093
473220
41194
316108
437875
287162
331945
320840
79510
305612
15138
28570
453427
444147
301300
104826
180907
528193
436612
659
451911
379355
511810
285480
25877
251806
221034
122018
406107
346551
316174
390457
350258
162068
532986
300014
298183
119755
522412
92188
318063
471711
2945
394687
10372
234748
19892
342072
275505
395347
58169
485444
459258
171209
493401
187317
120989
289225
508043
350820
490530
328245
126982
232883
210447
510710
144489
528980
270353
224066
321111
500841
415328
518411
54549
356138
240781
222559
104591
356620
34588
42605
10337
222345
230707
376270
392707
229308
10754
422053
385990
500666
58613
337822
477512
400146
70694
414363
298485
161287
166620
84908
142677
535920
295967
153829
12791
59024
405235
225811
315058
45968
32383
342376
452171
403408
419816
71450
431291
46158
177826
281899
105491
341128
48382
481999
473599
520642
151478
369097
123507
200199
340013
253809
428469
14195
90756
442515
126764
237620
190188
87298
492083
236085
478304
254133
249306
107327
151884
489824
465915
77850
220672
459259
380193
43281
488075
441661
190211
4928
425252
170306
485276
195874
519164
22721
415510
281799
102084
311909
57450
338478
119385
31544
423722
203372
90520
484984
281725
423034
254168
470144
454395
91995
243315
496737
320298
116291
255096
157456
122527
236028
100090
340880
13310
438378
4218
239684
44290
471099
211235
361069
303360
299595
337072
60249
324436
73703
58591
301519
306729
447813
217703
447151
336850
224462
481230
378840
142847
401467
512200
154808
299433
38164
68893
11715
207890
84168
210181
421437
154109
481071
229211
528140
19859
439008
68050
277795
138500
107384
29607
184766
339747
258451
87165
83112
127271
72521
361638
144194
331420
514145
385420
117937
223154
284113
361447
1341
495060
29621
509220
289630
193672
122582
376314
186551
251808
513452
23008
178041
166729
110836
16331
313068
123300
104387
487360
372989
33239
376723
377071
28799
366685
520439
95446
406450
383988
222427
284745
128841
180086
84060
189746
507977
386663
245069
473428
316147
425686
417510
294967
459900
413497
429015
60484
386487
25194
139345
387411
524682
331991
482050
148158
140440
228224
265697
48589
90515
381099
294836
400028
212300
443536
315126
106323
189710
383076
517112
351095
173028
69008
134064
494469
160376
441924
338745
518693
357752
324644
308392
21149
368075
7850
224713
128994
262796
204355
473903
351952
324769
52710
459766
173620
341076
384880
491778
404303
418122
454516
473771
460812
434851
242575
293690
274057
382069
98035
490045
7091
393079
68803
363029
440708
161631
169217
271757
301646
386922
263352
129857
180220
395761
102762
265595
375997
229813
343250
246467
400459
162782
31957
364550
285411
146912
491893
408587
479999
163072
352547
161876
196918
94653
397845
296752
261480
477704
132935
428745
101484
506937
231389
111067
6799
137617
15493
435117
397098
294171
198818
242955
219013
204204
252341
52271
302014
103715
208742
350960
180008
287219
489713
212590
94649
321844
119782
299615
441430
122843
47224
528276
127339
448402
535598
460248
344790
325692
334711
291634
106695
214403
6088
382752
526762
11279
315476
324563
107470
476350
128075
79436
452395
464974
214825
437176
460760
353075
425947
230233
93084
102019
257962
90079
494968
220115
178857
268594
178727
173793
394506
314456
350182
278803
81402
7926
19835
4977
192158
124515
199853
235967
432726
186913
202097
436352
377534
30748
289818
417458
329940
200119
173147
230581
120021
388086
428449
22976
433227
92055
45787
152484
64863
420246
317883
165556
135679
359495
52575
49543
479336
463779
491054
312405
291046
413594
83175
292959
283676
494536
455475
35114
446824
225808
147827
211846
461491
206
365014
344921
404929
410330
391922
144013
70832
389400
481909
343785
208098
327902
460097
210621
136405
56600
244750
324131
428483
311138
416178
488340
23371
342600
81259
73462
181756
284777
44931
145581
472228
245105
314058
303877
102053
366923
81418
468898
177962
447180
79773
340386
84141
536049
472882
504800
1337
319191
138074
111504
25146
39444
377995
422160
519481
523850
510959
507413
508901
391919
306940
91772
457577
304589
521078
285140
126163
311932
497788
151479
436449
67373
516441
5239
311773
182711
111916
70877
430174
277154
464185
515579
2971
500437
174290
497155
72938
170176
143119
106058
50777
52946
113026
120704
2217
421196
72245
280649
225384
196497
295056
367689
241168
225279
329693
178094
246730
251825
380288
254232
503943
41324
398637
186576
484053
384704
516880
145862
88283
346005
281362
262877
41350
209790
73283
273801
274502
150927
142617
138037
331223
473222
80818
164538
219526
138946
197650
6578
74752
112123
342882
454059
141366
255908
104075
195927
420808
473862
433692
63368
249545
31053
301915
19730
300927
16250
90097
64481
268522
103633
498107
146311
170296
298349
100348
184679
502497
59325
288006
389242
522918
524265
433260
66716
163935
124678
515333
20446
57644
36292
108664
3855
422077
70751
301464
111822
283952
344924
131580
143816
126158
375983
417413
74551
490609
334041
324397
350051
392724
184818
530981
105268
43722
82467
411668
80728
87390
472217
351497
484005
116073
46051
521746
156019
39657
213944
333763
216198
219561
338880
405327
320453
486011
81204
260759
491505
350545
40895
6792
330846
260301
388661
499529
269383
145424
340071
241630
135853
50752
492906
385818
342603
358321
452724
120445
50348
199371
429347
189854
119431
35706
400733
425929
531806
243275
490945
205688
210734
88476
305334
264933
465455
32744
342513
319925
411971
224078
501205
488277
414073
147056
289781
160224
462714
195119
242470
346498
266668
154232
489592
258053
337177
210549
244562
525896
524498
108477
37203
468871
127003
104018
434612
443947
99195
62552
101486
228083
343354
163796
521272
266891
485607
270003
461438
237984
306343
158593
331107
64494
523963
259957
176457
449293
304680
129299
520303
18215
461030
64816
191987
191281
393568
244643
497879
87045
518391
206766
196916
390129
325944
355982
516496
116787
269515
221701
407338
456152
30907
268855
38201
185042
459086
445667
424541
432251
441861
464875
188279
100178
336124
15442
474888
226362
215667
221741
256154
246850
37598
226718
53128
155090
363151
10839
442233
325068
111016
35207
285798
303424
16059
205031
477216
515116
47541
92164
163492
138305
325882
195964
72850
225079
205300
339708
420249
309496
47491
45694
244921
106660
503125
427214
388338
229852
516509
425049
342738
240899
348259
159571
344622
411534
454077
59718
273617
247675
270534
69483
213709
419089
315371
441807
32048
31964
413570
16369
210303
370098
473437
16509
187217
4145
227258
486593
437756
355069
453280
270908
419442
305685
533220
408810
18795
243462
315925
114933
181683
333400
64534
287088
984
424650
15608
476819
423706
359385
385462
160633
336936
44078
64439
7501
317564
487969
436753
352935
160051
346039
449765
435778
55276
339546
24415
521413
427843
3915
171376
495885
401780
158117
115261
96682
289404
179374
23770
170880
79008
455107
138810
270670
291326
58797
156420
396995
250601
105378
190190
518382
245613
338273
167041
369977
1985
85355
62851
183756
158790
186660
450262
213647
352467
516956
218602
42506
50314
71762
196809
509963
121720
390368
159842
290476
14573
12902
185970
139606
281729
464309
195424
37390
57646
130255
522648
474373
512768
53652
126877
353516
75654
266195
436689
422659
45097
376953
231240
164350
265205
173549
387034
303695
175429
98315
170498
143190
525804
148965
276685
401485
295748
469083
6339
46324
264086
225153
172724
366299
102154
341139
200723
340329
83116
120561
519828
74267
447023
140485
263204
179327
358467
359294
533633
118023
127989
324362
155620
342389
379233
404306
165931
163769
469233
259564
361964
258822
140787
82119
210701
332918
155893
481794
428465
249197
131877
147293
317788
234196
45138
451494
491042
521982
153209
79004
281795
483575
494577
18235
387651
415586
306953
527947
334556
470390
343275
243690
472079
361765
274181
460626
273496
192810
305738
61460
85226
159762
292202
471569
480807
465692
306064
246024
498368
485508
317651
173083
95558
314530
125665
442175
157176
519741
246313
498011
74756
226878
309600
99497
168335
67818
172935
392630
190142
477228
534710
161805
207598
150667
340498
264684
407150
390407
78556
48523
526219
72039
287673
272887
277013
488232
261739
146466
80627
215910
254500
80396
121001
353550
406103
521916
217185
508868
415157
5303
73713
90161
300339
21757
263970
331221
380911
192607
304724
520778
471710
256762
439920
347489
16145
388180
212801
170320
12101
290100
164227
223116
459403
194020
69876
23003
457083
227192
72401
163276
216331
39631
374525
291020
112339
71342
426228
95645
230617
312104
458929
208345
72609
152998
19338
521958
266363
102499
378018
306348
534534
497903
129785
266079
464576
368814
324727
46260
3079
331723
413045
79029
110423
276032
471365
109781
316292
169411
136200
519821
102115
329410
19728
461282
161816
230082
468023
4452
177605
323597
108245
300510
149573
525654
465762
330317
321571
401408
172259
231801
119432
309300
471203
249984
267215
191230
114812
431989
277020
466253
465897
28587
306009
267256
223248
55471
160912
324270
455282
373835
108702
463377
319892
254526
114882
262552
136049
517543
56427
482764
230665
113247
97899
436765
156955
414504
483438
139412
473920
382934
71572
362077
419939
221220
339003
105197
41710
382567
211073
70428
372534
86162
456502
43959
204929
2845
236215
40964
471393
232360
217313
63286
36451
421344
309799
323591
512947
327310
66
331401
470466
382263
427125
431850
62073
255990
158714
134842
113160
509924
471894
518217
437798
44890
418444
357527
283297
401693
23790
31238
90331
293606
73904
426422
285577
212802
292467
411393
116261
533145
241693
197352
267228
139017
20993
46924
87356
21928
310005
400105
180117
453270
151842
342326
134418
405274
207619
512173
90302
371779
353597
319782
108411
392935
461876
280095
127528
468265
251905
516379
487686
180706
399266
221012
503727
81700
504780
380835
435437
254677
34061
278870
306360
318072
493728
304088
223956
9941
323612
207658
5989
443848
340741
98024
422931
9173
254037
107841
53274
526910
109278
11798
514686
181952
455659
3142
382501
451720
222673
259425
115717
531689
322517
17909
284809
112434
476761
167080
501042
460714
488998
134566
100060
377072
370188
123780
236300
531200
71774
6279
175617
531212
81596
282333
409563
467803
93166
274040
175674
26881
402543
180671
202549
203628
509458
485761
434815
88444
219383
382425
176960
518831
513911
345711
108784
168499
278026
153701
134421
146862
292389
369197
274591
209915
378148
180495
207253
371038
67963
120721
433608
389160
457065
8798
80927
92846
372337
56271
385342
192847
366301
141662
153470
278571
169139
68810
279067
113235
109869
198540
411321
535249
429856
89333
255608
462394
263879
521745
486720
10652
113255
109713
334375
222179
238437
258233
78138
500572
148110
518385
279950
23267
351795
248141
100654
333658
391373
248219
518743
476831
152897
533590
262154
457728
195930
510064
366917
354885
441671
485318
303336
25291
108209
457719
138470
135472
13911
104999
14452
81221
489163
73768
342893
75317
128440
274329
331937
209548
334582
252317
339530
362215
370865
399582
151569
417685
201779
446755
41832
520446
464110
492673
397387
4515
288670
346580
243888
53962
380986
406622
91292
342697
266629
351182
465919
465963
527279
71067
432109
56118
395401
510542
288619
318239
322499
455006
100189
252955
370141
386613
116502
341117
311686
484391
333679
241681
164889
205016
397991
359446
142695
526701
463925
169220
171883
298883
426932
397353
79385
257805
486283
96690
273725
173671
78857
320528
135279
256391
483659
424364
457094
114337
354437
419759
153844
342049
333249
202242
216929
507349
466411
224253
78975
28354
458921
171620
251222
225463
479126
306378
67436
394630
112828
211001
185820
455033
64374
362227
432481
69323
314124
517197
168428
404240
111987
212986
213065
43316
2914
276344
142991
250580
127643
487821
265820
144870
494388
92919
299553
328002
517384
124255
54506
12238
294931
182315
180523
395311
83564
514715
95619
193251
361760
82060
296610
390640
480972
409791
129290
337762
326407
319557
173128
137096
16837
218743
514522
95472
245573
168891
268946
92339
128379
402205
443228
488579
405901
413560
40734
278309
376012
60345
35799
405150
506633
56985
456909
171000
507621
412360
242460
165594
143350
451714
357419
298667
59439
405546
310594
173855
249459
155502
141421
342877
308231
500246
85315
284142
178086
118828
139665
400347
513956
98901
45760
180823
233322
226714
418835
370190
431120
286054
11994
245846
131081
139728
11386
141820
239709
421642
145158
473538
391737
512854
483692
117566
136477
250651
105698
462563
334693
188154
209258
127106
35861
330897
275053
243040
331829
349596
325676
414385
295286
314194
249894
315889
295795
117113
459481
378567
493920
270867
515830
479170
347242
439812
527689
258911
126915
181692
304649
220514
272014
404189
238581
372256
472345
132894
25250
417491
223629
444199
291630
47970
295304
392510
410927
399760
96058
167953
33326
195646
155767
91284
178262
456212
518696
221711
133527
49248
469013
64183
109268
87107
483186
303936
466860
284455
121243
222291
81538
362168
29814
36565
9483
237012
62147
296314
526456
312128
187288
343316
521468
474638
27826
113807
356340
319292
269217
374515
349917
395641
490333
163750
307358
48655
292341
476820
10612
292920
262461
1311
20112
296265
25504
219257
392985
20176
457707
169067
295467
389421
463113
369003
20979
164132
434678
119314
482280
49986
513445
289893
324716
431687
60297
484929
462044
251565
157561
260341
459193
382351
198510
192493
420045
108621
439948
344130
267553
91870
137196
100780
241723
492342
147859
70341
398571
364079
447360
279901
489177
79399
359210
322287
198551
319759
475290
398843
5224
529132
281791
365435
75373
187201
179996
193372
534352
324473
102577
380436
55877
407291
168202
492399
531924
319095
335216
8530
103251
400019
109116
157253
51059
388733
396740
446419
410080
206613
75168
97145
131018
431585
168668
434038
289354
48050
96263
526667
521454
456396
415088
384161
332649
98749
256689
242741
311583
290021
498736
526350
379352
331817
323155
480677
496695
42966
32687
267351
441206
294165
56037
414846
508876
403673
526902
278821
497064
91018
429461
127838
531288
94230
175507
49529
297119
162863
339831
207599
244838
378309
301120
219860
407121
170041
456448
242523
349513
494523
185152
168355
468365
63787
462141
135352
120297
451389
307373
278679
149313
393242
203622
96244
359650
101399
303738
301048
458048
204083
132143
84233
117242
337001
222359
55119
178416
361359
26619
197918
304451
272427
185131
3904
459531
429512
467839
134717
487785
486111
386704
328551
397553
5193
51803
81980
385423
436212
411804
192300
153115
309438
104106
320720
456739
189306
495495
59735
522612
68677
273165
242572
51026
160837
64122
499126
311675
390646
501803
192724
350788
204270
107484
525208
202146
257710
319371
24909
199902
228978
27489
286240
173538
160807
74166
142303
80300
314119
369383
185650
346133
464100
428935
43319
308335
391190
249300
486846
411554
459026
336341
213793
130764
256455
422987
64353
34434
411455
163866
18157
366733
171097
51736
481956
498500
273874
293619
199621
401321
395611
122700
379395
3877
453095
26536
107465
124662
281745
113803
382341
101430
524164
343702
440023
161454
295739
436223
324703
453425
313636
456582
83697
94632
133569
456706
356241
261879
165394
403688
344833
353318
346076
124102
218951
373705
300391
266473
456325
429574
34385
200592
491223
273006
211178
59446
325566
85031
345338
82547
499248
34569
301282
232930
324046
186352
156605
179301
312516
420566
155645
100468
428282
504288
339413
320511
84139
160320
193803
150261
489914
67057
417380
170817
55326
155343
534562
18497
414485
95698
311151
169366
425557
419843
114775
195329
460483
5431
50472
149735
502188
118781
267782
79805
269623
29002
448804
208209
48070
242706
135583
56751
513437
523125
511663
170828
207101
2865
471463
86174
524287
260345
211508
158181
487746
492180
357838
284489
299893
526272
524099
1654
223228
37765
330706
305609
424539
199245
328833
310796
165591
328850
80112
201260
353745
467606
8834
328848
292038
402629
193641
120582
46506
249310
226272
63059
205902
452555
322766
242503
392133
270388
183679
284542
244614
120596
521055
533998
288684
295661
187096
535793
170642
176936
427159
20852
205527
173418
225356
117905
147291
233601
185417
138301
442228
411760
216669
501602
309029
456403
392082
245273
311601
323558
103253
463060
165785
75139
495029
104341
115933
378952
65376
201367
447901
67290
227959
456485
170485
435659
340875
204548
61477
509076
25003
75255
299020
258369
516168
207675
410111
190214
136044
127282
203006
122336
19387
233845
16664
107776
211450
168096
439175
141340
15820
499320
317722
328512
400776
188708
266894
290763
224737
482955
188257
248543
362362
414312
420720
227260
371887
495184
442697
316481
228655
188303
65374
531196
432146
84605
511804
86020
86760
363697
142419
77369
347587
366466
520362
111083
462400
497254
186129
412024
52161
505533
196943
201131
200304
122397
426526
10373
376010
361017
369433
266314
105346
349791
119799
518945
160336
99126
24719
383537
23050
262297
85327
2048
89252
460073
113665
510288
318032
323460
426075
234808
161373
268510
153843
96762
20752
535232
294866
174404
310931
227906
412698
338761
20701
329565
529992
322207
175390
455205
401865
450971
448049
479049
424754
183017
157165
485824
265737
191767
513792
484190
305937
483352
41876
74146
397502
78032
145160
427313
340080
69128
355737
159077
280300
243772
342635
299191
132874
164388
371808
501233
425008
180826
252776
237658
460422
534701
275192
337698
190924
443108
158803
170407
56621
124554
283940
74932
55048
379057
281326
98287
281709
436428
470216
268105
335392
504384
495986
331375
520434
286424
453255
501035
120366
226624
82808
460
464668
324904
504703
273949
181552
224297
119095
381207
60478
315528
361009
57383
10735
89994
501313
41977
532177
74387
101857
238818
530412
449720
50274
510535
141368
225009
332616
83185
265190
478868
230015
38474
144178
287729
397993
373649
282021
238855
108448
267854
272908
277974
52402
202292
486311
27245
469449
267444
154421
377190
301621
284133
486893
85931
432275
510300
424857
469623
218369
45977
45201
445633
104454
474495
102374
203094
422667
384109
139195
237413
403765
262177
258947
207781
93148
158619
382586
186956
391415
80037
180185
96209
475069
122371
338867
2867
48625
378676
225030
308823
214556
80855
459304
439770
450592
410716
75852
226981
489942
461389
7661
125640
64520
155139
339325
403760
435387
174314
384442
6464
144203
309101
264720
330261
202533
96926
11596
354978
131928
43855
132026
14118
10930
427228
293976
133921
503485
391773
173928
529639
158231
441782
83432
170360
218450
303821
98004
497216
4023
393558
290803
216983
347856
250738
123077
351865
235440
87790
268135
412729
485676
394257
1512
124699
265322
240563
249734
170308
120886
194069
142718
63880
435720
136121
484623
308567
318848
450204
364116
299776
325895
254784
177180
165918
349345
192116
342646
488936
327802
23519
86647
434097
264167
282393
32522
483126
138760
488892
2727
517503
136197
385635
371616
28865
428783
378933
136145
107556
288219
144740
228307
354789
460016
159752
454566
54523
192055
46738
78229
211079
202618
433615
13910
171848
528876
322130
75311
99263
140804
336484
53388
239915
154478
226847
90918
172431
489147
423399
497726
81515
119266
95655
473909
56453
220395
375244
156503
328215
166858
490442
357361
376207
237799
106014
331218
152303
51631
349004
224001
330937
158566
227499
119145
152547
350664
13593
515769
128463
396460
41084
133865
310896
436354
525679
224023
416837
257526
263427
421232
207549
363327
84298
477892
383871
190683
149860
519765
412564
430683
455150
390813
15006
450043
23227
435333
76642
357496
207848
210884
519208
534703
463937
423911
425944
389071
504030
260934
361162
64504
280210
388033
433443
448523
158043
272045
410528
377733
469147
103111
102778
135307
168466
241172
368630
487225
100870
109753
455175
222616
408703
48504
88266
128683
285860
386424
414790
11524
133322
281212
248267
299412
87409
88218
137497
104936
509382
5328
297910
384677
465330
12376
76052
160929
214816
135175
96141
61000
531433
26045
251989
2461
234908
4411
469408
213144
535032
174528
45276
531058
61097
221492
329793
21762
147819
227704
278482
16522
395994
344639
120988
446209
29727
275337
24364
518407
503680
506526
116983
36901
194149
428805
330125
57801
69524
84165
489428
346285
500215
532271
172376
95654
157377
485780
202306
169187
268296
40651
383547
357743
213697
84041
74968
472511
363538
328458
484924
326068
260432
324956
241711
192934
120340
462320
132442
396818
482478
156287
29582
437450
453484
263991
343890
401569
452401
99702
399633
33169
263098
136510
86755
329704
363042
209016
534674
295664
134987
483587
470182
464019
508073
433320
357174
307095
398546
206254
360901
110966
9379
223790
390965
356934
456756
175426
524760
44051
427902
267134
357498
214744
535360
189159
88396
435035
208385
249338
447645
236681
331383
203762
208852
13120
446008
474073
18680
431540
174165
20566
353753
420607
252950
447304
379945
180219
404933
128140
359078
48861
353078
484120
323963
20091
295572
315192
250019
368414
271736
474417
469932
196056
284043
506113
499458
272379
358271
20590
298258
388897
404583
346677
248776
66302
260193
372190
267628
104418
182760
134308
514336
308101
502809
48471
144890
109959
475737
312675
333902
129349
474849
48789
474689
427678
139784
281372
522677
380171
219626
382120
86511
385919
475301
408961
462356
65967
310204
263059
203816
202226
155567
487626
212059
449595
6251
368602
95340
187929
401720
72035
396752
35647
512673
270627
254699
112011
445358
259465
138717
373610
511669
108549
111461
12910
500081
397927
417423
2638
214013
491550
444956
493287
229587
384589
448005
136102
463498
21645
142541
6531
391556
396574
182165
392243
67916
432250
133426
286639
457985
380353
263420
90594
111148
503381
186794
478020
321211
72835
492076
278909
382551
363015
21629
214235
366819
115888
366602
501544
518069
412269
168907
254148
435698
294907
511745
31714
381016
287092
52926
84129
15130
134168
501643
509851
245147
68212
480480
45439
117924
474584
29014
518771
355108
153174
404342
151342
117218
259632
252391
5329
467369
482131
98545
25978
522182
54248
58319
259996
117150
405864
228784
194238
344394
342349
336503
510790
102190
502378
406923
239334
521019
46031
336887
335894
378582
73584
363205
532114
375113
100544
423143
142034
302835
282603
139797
421497
1876
476495
514020
323673
352083
326905
512494
348521
450896
369351
142296
466989
517451
33521
301626
161761
293277
512974
329769
105862
523418
124943
152559
517274
140678
273161
99003
234608
316263
476937
427407
189776
440040
225837
74221
119358
68801
69585
460153
186120
292181
245118
407208
511263
320479
408554
378572
381829
332815
373763
329430
447722
231229
311342
267421
41714
369217
31731
413326
3688
69964
415619
55835
112493
345200
497915
97601
534632
216371
263469
223833
451648
71715
66900
27254
406504
376548
27539
166087
96850
360269
509419
295005
367809
286331
120028
238637
185891
85142
200997
294618
491516
147022
357687
316199
86417
135304
350580
204517
99895
310804
476334
383256
383205
8444
76203
473268
331224
137116
255545
525668
462138
29356
448121
378445
253184
394440
500185
477626
297506
169771
204059
431286
15365
402659
241544
84154
441774
335658
103235
496825
341338
336379
298353
58980
334896
201870
242801
129919
384418
133332
42247
252748
438675
63079
495074
376819
389202
132291
3383
173864
186681
262861
334841
10383
460157
219969
20873
157131
22352
475368
12552
270219
508492
225718
194082
7147
299509
166300
430093
486253
387859
74359
461693
474062
305670
355055
396330
106083
258438
208841
60169
231459
143416
465899
38390
312340
324588
354570
312428
347963
506688
445798
201385
385295
153442
448655
195758
409393
469545
176860
341279
382483
66512
155435
360930
375186
299373
462903
388046
326327
273880
529917
839
164678
327412
457809
273733
127138
396202
504760
172569
145013
527127
314167
477823
305515
146216
43997
75236
147795
486923
396185
428371
509341
152454
435978
48330
106123
397602
4822
385502
534196
360172
456580
412979
92723
74092
303345
208060
99967
486386
481035
31553
29024
426386
419042
352851
254820
126944
487709
122614
324964
43899
27195
69779
341257
485215
72023
304963
534537
438874
316711
403045
436152
511209
243676
443079
535114
68825
373556
169409
49333
100691
101124
519323
151807
28706
59854
334976
461489
83640
305366
472938
375237
132685
223569
464405
191581
190971
416519
73190
532273
291329
325844
130297
199903
214546
72696
17933
260109
445621
342398
419655
25022
320724
191557
304346
432292
516209
45666
30040
432505
354326
524258
223095
532507
272853
103415
333441
112699
286783
275511
86520
347726
508463
278056
227254
202227
315423
280335
37547
332953
197162
346239
130957
249121
528132
358350
111494
51167
54278
326066
209697
132764
113943
110125
193447
461313
449879
25008
240052
49406
8578
170219
340224
299996
375645
108423
316856
242095
172462
123470
91751
3519
476383
248441
415618
140208
209027
369348
123218
162650
10843
425903
185898
183919
396183
406973
191932
383388
377036
158666
94876
401964
37810
2668
236799
10021
285210
400730
387898
446353
300415
307726
394087
32510
424406
128355
247181
307616
411337
483416
505382
77375
297143
341930
119078
318999
480955
476623
423640
158774
116100
514079
390698
86773
371132
172880
203703
214739
440234
22024
65333
64839
226055
504515
24762
501587
67577
205408
161902
146515
123667
49940
142259
274170
501967
104010
299922
166025
330574
355219
249414
95308
37667
505721
203098
435924
48041
257754
495854
440905
477444
411873
334010
175179
285573
512597
376597
529915
416864
427262
357199
72453
472975
369468
423776
344531
506396
51187
499939
184769
158345
510507
111368
413955
525137
348029
137273
29457
402202
321210
416384
14133
41834
28236
231566
218577
42875
168036
421302
78252
428730
214000
516794
243303
413393
184039
10771
478776
230055
62512
110310
374501
137582
400718
368310
57139
417613
484872
39739
217182
6061
217743
136613
535773
114090
390367
21818
241037
236908
56332
149348
252791
403360
208221
165379
84826
195656
103618
160722
6503
80203
487224
407400
305938
346441
182607
454600
331521
530605
103588
435418
383175
234677
85437
286340
307147
426180
319080
131304
49860
114965
382403
325857
45295
81433
530067
328389
167172
194473
326138
60980
470099
116747
168412
333354
60301
165861
188653
362376
348991
452742
431337
49938
313645
231729
187067
75831
83880
276901
206431
191447
226721
474572
248932
34923
110222
495365
109284
137287
318018
48451
217660
28278
229800
101790
233331
484785
393831
457537
249846
442247
448845
114356
457847
315213
378560
175442
306618
496276
52804
260698
244182
530713
516074
103697
354354
139557
486619
219525
70293
258128
179409
215265
520619
420933
109307
200785
477605
314607
310419
21373
57852
405136
426425
192536
19258
437500
397911
337733
177919
377908
484818
324257
250679
23996
356486
46452
26528
143385
442180
315035
72956
244587
455944
287905
266794
98978
329600
160288
268163
495147
42752
463567
229405
271437
133060
80020
92085
110963
181485
319858
521306
71201
241672
17739
466166
338810
158809
271236
396687
146386
294026
271360
249463
416467
437820
502807
404874
195272
445960
262852
195279
496421
77386
73335
85864
351888
305437
431964
524458
86646
484439
535069
202423
107554
515800
86680
351550
62202
43203
246174
405145
190330
497098
417862
361508
25691
157144
169991
394477
274259
109646
54629
351145
196320
405866
129453
164087
502584
255445
176998
936
203499
511704
125967
1554
76919
7741
523815
160762
304259
108143
530198
422798
460627
279384
433684
402240
430367
516044
140210
194661
525014
320794
289908
98819
103430
238360
357977
77826
137603
138428
313257
75631
36691
273898
353481
311338
499264
209143
231583
498457
16794
385428
393092
377101
248202
495580
166946
500383
303982
508625
383405
249855
92293
212313
164123
265119
442868
94703
325631
124530
394794
508565
112377
54011
287470
148056
511527
362620
221415
511305
253687
107020
57009
469648
31708
406802
238974
454052
186424
223593
158049
235422
117139
317433
45428
210925
503275
108555
279050
561
533643
276823
90429
132735
450932
409324
493662
274968
55084
470535
245013
357819
483870
86462
425650
296857
56338
198289
347754
134494
233238
408177
181401
466946
75306
32835
419934
70191
309448
120176
133490
65741
17653
81885
212319
25398
392492
491546
223958
448305
406438
282386
368024
459057
32359
344146
122774
412591
492645
482354
