206644
253617
530628
17609
9535
2934
482018
133730
462110
311775
194331
15728
318810
331610
379236
6942
331587
197559
501826
230109
405558
146448
7751
273315
461735
412574
184561
490218
418056
154096
246965
403411
324037
396582
60008
356715
402453
177829
498690
182505
434046
265708
273882
115197
416278
406625
93263
312159
405257
87010
172921
270159
47556
497433
483666
476603
399410
15778
314622
53344
68988
245834
9980
368286
153652
422714
42143
207225
388992
305893
92120
441284
527953
240527
379134
151627
144807
238806
376416
457041
64967
119218
284550
40389
117147
234413
255290
532965
125844
495419
98005
464280
364689
109083
161904
432131
490403
184433
362419
368512
522075
55583
47149
5555
416141
224569
26012
120325
110068
323657
163108
165969
466082
68035
18527
129123
535629
20878
53541
61018
465209
65188
465406
434343
190765
7496
37378
382393
268442
62476
211878
326331
517791
289933
127426
446846
474025
293409
353522
241135
416344
482065
380497
197675
215871
64265
51772
251163
74003
357869
416225
163622
383321
516527
283807
412325
115785
229021
161509
426160
514862
516441
439715
107452
348518
322004
316179
520770
455632
118649
6092
480098
415320
485975
140722
265581
182474
520052
375043
122716
270228
2084
55514
93756
34726
375684
371972
484552
424001
85736
119806
52406
331075
127540
276046
68338
239288
65769
195605
489442
296189
230538
242584
177030
267170
80786
242136
7431
426155
472838
399562
328761
459199
315998
511606
489492
371026
381738
96826
213793
476097
417848
71322
54268
508152
417242
241532
88718
175143
56458
354804
196687
231660
69143
287876
520261
259686
390848
342103
91243
376590
436341
1381
518256
382338
517842
246781
177041
300303
83979
114721
124651
248196
525552
433937
445397
461037
411558
128494
71502
495482
163764
397120
290940
86233
527160
120618
186647
2935
244648
363425
209342
251165
407310
257038
311023
219661
197994
435769
353335
200594
104347
500923
340442
507636
14019
494638
453870
340392
524526
282295
317787
96499
178017
19323
503051
424517
236138
245976
91192
478276
165177
181761
340790
68996
58813
16262
149919
424838
484398
494875
323050
36804
142470
158931
82978
339732
174778
47454
9272
313931
245078
384053
278875
511733
167548
107107
109417
535810
476181
441025
363925
395831
428522
166775
285586
416059
181307
31171
190219
90191
86381
7699
158916
106012
137629
373991
231180
161797
36000
28080
32863
126951
276023
268961
145559
80877
493483
231344
160407
316855
18351
390052
263596
470725
492294
93168
209501
495697
151949
60396
119867
69601
17177
231745
434320
143186
375937
142251
3267
360142
478399
33394
240200
411796
467132
130549
81631
279117
408849
103232
236088
380087
260398
510258
496394
228001
356980
287994
290953
151465
338374
101811
534421
22248
363379
168014
297359
312189
99927
200598
440425
33789
460837
392688
86645
218249
49515
421121
114655
181751
123568
10936
174755
403158
127701
430517
463512
135522
421176
372883
440802
55635
197998
437314
244886
435126
103632
491766
182849
303614
532973
12771
367175
386303
319665
14277
401700
32066
87643
275377
190545
287104
402683
36259
132629
194484
132197
238656
376687
314683
449350
33669
356409
464691
126562
457755
367878
111732
481565
91806
341553
440429
26717
16449
475483
514203
331043
120811
279819
171080
447253
30590
162131
102848
419832
126305
71988
200480
235831
129983
161246
298010
176719
162167
297087
156684
124339
231390
447703
241894
467632
245034
330052
46435
44942
132414
478896
105411
66414
163231
178077
352040
278626
137523
51556
315593
333189
368094
158003
92615
282688
414991
368284
7352
168474
320744
185026
508231
417763
201794
412181
445913
530110
518480
426958
523665
303249
50656
114141
212013
40387
104718
148009
403566
59407
506572
238785
94394
194115
305279
453010
32170
312021
93052
437823
396089
40082
500471
379768
191631
86520
178187
251245
160699
494786
89597
23021
17489
412044
133743
98330
146025
308890
532236
326055
23903
335118
311320
457285
47037
463928
424116
207222
241609
418027
369921
300583
163949
270547
300816
397678
102974
182609
183855
235922
372280
186801
276915
377242
318667
429113
369538
78675
14715
68418
194884
262151
397044
75288
283223
251744
384167
295768
65005
193542
181225
92219
240235
66035
198399
298284
368775
494350
456705
509263
187694
308468
268109
219952
461372
122297
374212
133036
341022
463078
311583
53669
369936
98465
270508
508371
513147
412227
45699
53667
2243
414100
214663
496154
468811
389571
388810
150725
401287
293914
532326
372842
371037
134039
224963
319510
35878
95855
40080
462854
359298
32719
516729
140709
352299
165706
47790
155345
73526
133309
92191
369309
274112
426961
2162
491086
124224
432085
453904
51945
281427
348575
347751
329855
397742
388041
237433
199931
192305
521231
125423
186438
106944
279478
345884
274966
476820
207191
377428
347615
377424
30438
314455
173475
96556
288903
59974
464631
518595
424820
425274
269011
461937
381068
240135
31215
230795
504127
102507
485088
229018
236812
224268
97758
37841
263496
376517
395888
426627
74760
292177
22968
152988
417780
490309
425167
237962
502595
497173
501456
315669
88522
84957
407981
530355
430827
320588
158499
167452
406754
352293
367429
387546
3529
204759
179759
424357
207254
348571
257658
22465
275311
487188
177876
266896
12377
440412
362867
444324
232636
526454
378148
296050
456035
229485
347814
100490
221362
496402
315397
428971
336372
54588
535903
14170
2843
220277
235338
419104
2856
88255
84221
269224
519710
192263
137604
70536
107284
82753
302350
145912
319450
490889
310187
127121
362940
119107
154570
141375
469749
390229
488768
281271
144596
162977
392111
186106
241516
125537
49713
8111
133157
3495
5727
90617
130020
369725
156747
3117
185705
21007
417833
125330
396093
29894
278209
319227
57004
98567
33768
174953
186198
153653
299101
81117
111245
529664
112
293597
302950
91521
63788
266645
334653
58775
471710
322432
88345
336959
226832
468053
126641
273408
47475
32218
526408
70254
32917
174305
86059
105198
163694
472472
385523
531421
329522
159687
399133
451058
444278
87681
100696
392594
257540
324360
15991
441909
8161
194094
392600
30282
373731
191034
86830
394376
345975
465494
390094
192164
123399
476285
327198
49573
188382
79317
199597
198153
156129
437368
88555
451667
428385
97448
231776
162387
359596
263082
536057
43483
428147
369438
364125
134786
407528
124449
215138
344191
379602
213409
43866
201393
135605
70647
102446
445141
51323
268398
46532
274028
119215
272353
411196
231736
205895
237313
116303
248898
496660
199495
477188
370942
207919
189423
25481
119671
328781
260940
83568
89880
442092
367726
358120
527050
89405
44359
169179
86848
200918
387913
53448
338623
502397
132939
57950
51707
459161
143354
395905
13785
423929
231048
388281
462799
483700
60142
105943
513774
376304
104473
137571
325752
219281
318902
198421
421510
392229
303532
227498
480455
30240
237986
384365
393790
126719
409026
385868
5355
111076
422928
231368
352314
434160
137280
421042
150498
226650
521202
449583
242011
378663
374137
301310
499422
239246
116431
96443
334563
285582
339091
424557
223099
116842
432409
334099
281386
342675
170513
391188
198965
401643
242077
153158
387110
455398
40687
30449
24379
529521
112182
117556
183385
195426
103627
381531
320431
287129
375651
95846
447406
229238
118439
236269
207886
433206
155841
110065
89476
504708
521911
184015
525786
91031
122052
387993
451152
309231
349796
236930
15635
453720
523627
428714
236445
235735
319410
249617
453803
246656
406556
513352
233423
335665
369645
105388
403144
359417
410638
513808
108215
472933
420932
327808
166874
516676
228222
29390
457800
95156
179310
53078
81778
378521
525481
523819
129847
348099
319748
63520
294220
98609
122476
245006
84669
203804
366649
309122
475827
479712
481926
12818
130599
277666
426003
523843
405861
66567
347457
204216
343638
493589
180848
157708
77976
289361
54230
435371
141754
203901
181334
456305
233269
244326
110168
302183
82015
171639
278716
347379
203367
386959
147916
164694
14595
227192
532275
302149
489793
333306
240778
52650
458427
64789
92143
512091
48355
244492
514737
73863
44120
358482
102467
117416
151943
21079
469688
135354
327670
255578
137866
318461
221582
111812
471970
20612
17807
207059
10432
190408
247657
475799
82311
229909
416576
185362
440473
33617
413997
237619
289137
298704
270808
387997
270864
261310
221780
309309
117983
383326
22341
168167
42927
456760
273710
219832
479914
349302
94952
182297
73448
422776
274694
504874
346353
31243
204198
392185
371162
411116
39886
257915
419103
310868
437795
250531
499438
62615
146112
236248
225682
31748
295068
202938
498306
22680
214048
326440
390754
266454
182558
495255
95888
213579
77574
205902
91186
198777
204981
79989
390325
485296
388346
61225
73483
370900
150251
411175
113219
463799
498663
360764
167593
195842
300355
440559
238389
58252
289915
58535
126132
188644
401646
462402
6314
528400
459401
493095
496952
156625
411080
395800
300476
63147
373931
86711
38166
515258
431825
272224
366224
302777
264281
194795
398170
387214
326560
247765
77871
213240
155238
363794
93485
166166
511409
202987
34003
326792
467361
394982
347264
22247
427803
46545
435527
104392
313682
326618
468416
201422
310241
481133
227608
210671
309092
132951
453731
153125
31143
460868
176067
155096
533983
106429
31251
25520
346827
356946
91414
448099
344466
349223
395637
322780
275447
150578
410135
81343
60317
205535
105566
163785
457440
204577
525574
28136
309327
723
391905
506939
424599
450961
283998
380910
376024
174670
166287
68787
195522
175654
465329
473161
91458
266302
296581
233516
406484
494103
298382
442962
25870
171225
245453
230324
352547
188700
141008
424865
391285
261419
43490
123289
162819
241260
358468
74174
235333
154318
10770
2927
362844
68815
308816
270716
337268
250649
490940
41558
104676
388784
347994
160770
276593
120145
451447
85963
465790
478577
502906
49091
494437
524527
368470
42814
350511
266309
359195
54860
73377
447854
518606
420931
155042
402033
98833
204277
63144
67702
471635
466634
122362
8594
390752
289112
282194
321836
45560
521907
105002
107684
368372
419538
181552
298711
499388
99172
305095
280187
385324
133123
66392
310936
200345
365238
141588
449840
191113
70093
362962
93643
469298
321407
429425
260958
217241
320529
353450
18863
534531
492234
289185
142155
512003
332889
506083
402648
311434
34245
152146
317423
225400
340492
489503
150295
47687
415171
515840
368281
14055
22399
278928
494878
464547
535239
207042
466981
345652
88093
29044
81542
450713
60275
521887
414417
200902
274123
356178
169887
533160
380055
389243
464588
11681
393308
399057
355930
64113
442160
118915
428456
319377
496923
397140
213456
215290
116470
129580
464184
208424
209747
372804
224896
93085
201262
422843
272646
113993
187911
210269
279923
260881
261612
430333
347737
39960
325496
357658
395515
256318
14872
311078
202990
197970
342965
337986
68960
359822
318227
534750
236855
526678
261653
335767
66310
496791
55476
116057
300140
48114
430719
424401
155376
396951
281751
203217
343485
456331
311699
282334
245673
459259
142129
351830
438806
354454
386694
454606
523767
57984
486748
64735
295968
469827
214620
57409
348734
51432
274760
214691
473205
38672
296201
15828
504132
174326
482599
122288
225393
111763
82114
111244
445789
517838
55644
22995
305938
137488
226292
387667
134962
273641
406974
226722
347815
53814
340937
29958
72971
74922
16063
153185
254034
77522
94305
508555
270673
249638
190858
172798
388821
352903
160077
373602
50347
309387
508774
305336
245095
488637
364898
190585
518969
50488
473829
219608
322503
143103
315333
385750
328917
482094
498778
211786
516872
400536
174641
436148
77090
78495
263463
138002
167267
527451
30520
161775
337030
45115
474242
290420
531974
59931
178856
278959
156935
193803
128459
151152
343380
418050
133848
486042
138619
43875
257710
311337
29199
481266
134944
255829
517882
261887
356476
328950
2022
403209
520430
257947
36319
383071
71812
449393
447270
398009
63413
101552
338560
428410
237746
270838
319131
495053
500068
449913
44866
426617
110036
430818
268740
388798
128347
435797
443939
402989
30474
34190
416920
330013
515039
164819
349018
317768
363177
358534
492701
284907
291091
501580
24188
94470
471264
51898
349701
163718
390974
7781
518829
129119
2393
173599
481498
495338
74747
386014
324022
36139
16360
213648
481977
10823
304553
61522
215200
132904
382003
303736
377042
382618
484270
134169
222520
92967
3526
324988
278261
213233
58459
381986
268590
535356
366635
336577
161241
495421
425785
458147
264022
316550
326339
524007
231989
220836
320194
185652
35071
317816
44124
361663
468744
237950
270569
194381
188356
230524
88405
164893
181268
89142
174031
32330
420495
138279
474479
139194
360656
305795
159962
317239
377233
201468
252391
119460
65569
243343
310885
314922
415832
3480
523333
294103
514724
391048
39092
247120
152548
468997
128832
213129
395799
239450
480442
34328
169759
87362
274373
203517
22546
386495
200932
306186
143148
475569
390826
279207
275389
229481
2146
497816
88770
220817
264990
278500
105763
170300
359154
291265
144957
382847
6049
329786
532068
231859
453921
342994
232267
338738
192118
63421
330114
459627
482797
470540
97992
196186
1326
480521
420750
460789
296303
313597
488863
60685
405329
251101
111764
438804
157310
520922
433392
404681
404047
91545
117781
96657
514887
474643
154512
424449
345008
335808
384541
113776
330813
60681
351739
401021
303644
366680
336545
145643
276851
431375
92316
421073
27042
402968
165205
80709
427898
133210
513547
458141
435204
361399
429297
303992
440314
206005
118079
202003
173764
6468
518841
96818
423748
425302
443515
330737
204088
34391
30156
282472
347802
293999
355205
82364
9140
468399
509717
196
134121
9288
203269
161113
8069
474449
467434
396052
209360
188740
230681
163264
108299
287250
109959
454772
98092
105582
10230
410291
129220
235541
25992
487587
313161
22752
485578
282685
72089
507535
79218
80553
430697
290033
25930
206634
241965
98560
374523
47072
123329
325829
63335
484660
412496
212258
89311
452641
240359
177297
368478
103117
74999
239638
228884
164357
9221
70703
93690
487247
270165
109864
437491
356008
306685
22822
8188
293130
453418
128313
145055
439507
189087
343629
240974
205557
209310
42679
65001
215343
348916
137933
357282
119561
168453
288376
508448
92796
59297
380431
199285
433960
426542
277178
20391
366038
185491
165416
359963
69480
216191
496920
240018
172429
137868
49432
116756
85255
281128
106544
37888
405573
210417
300141
518282
147874
451533
533136
403986
485396
229251
503748
505791
68514
61537
300122
468784
328119
243318
222465
451430
185823
64770
238319
483145
148469
506226
186000
448270
340013
447260
507057
361786
394709
122753
349203
343693
96536
74050
298368
353079
300454
218543
427883
275555
265915
398628
295454
220058
251695
334891
319479
91155
124121
462349
309811
89431
477535
226138
203876
376148
388144
333047
210070
26037
523573
124785
466953
72267
424935
507048
532573
12429
385843
344564
360430
436297
441204
79399
122657
95641
494590
237250
149244
44201
54509
389926
206826
280502
222535
118581
76274
506845
503374
129274
186668
439687
288172
343937
171566
83292
520045
353365
179916
458052
235919
325233
188183
347312
159669
166513
504614
377544
428576
257430
344526
81384
106449
420858
425060
117986
148344
99526
264130
366255
471581
377004
217829
304834
490548
240497
69250
152644
244232
148195
248974
256932
414271
467571
114797
261249
213463
214931
363857
448628
381418
200814
53319
528037
8020
383429
174219
205788
425067
391272
19997
485914
239886
137692
369683
332307
220413
125061
345733
484564
179114
433048
452915
299911
185541
404901
282232
305946
336335
504494
338980
498574
209196
176657
174546
61895
257266
8018
181379
39527
427796
31130
34450
99121
428796
286564
109245
243267
192707
225092
281235
163893
263407
97794
317580
187940
162304
292788
334164
471618
300633
172003
433054
194474
348755
398568
403229
515509
50792
124697
379461
274429
328088
58384
223325
406961
359081
131966
443734
82065
388594
32047
3333
302471
322158
376169
483315
505457
32531
269145
67161
21977
194923
510351
33187
307827
143189
366081
311628
313479
530121
214680
286901
400474
107528
89486
366080
529243
415750
71342
268069
174653
326268
495407
143309
175166
457679
121356
295452
40465
77534
335615
137172
307716
374698
480149
31593
114246
444989
396772
533931
236530
348682
440142
480305
509726
524798
388688
238175
165201
105278
158866
138809
239763
205245
109305
186520
221859
385470
441777
2211
487372
402706
81714
72929
398692
238795
338876
306065
293385
349378
262614
160763
448217
468144
509973
210298
92495
484878
314475
295578
445487
321923
44150
172871
373608
432094
14887
208477
334298
154866
238120
309971
23382
420195
380021
414945
156251
268048
260500
115239
390751
73257
211937
160720
45696
227508
209152
104156
490014
478721
504862
464864
484135
428847
434196
76968
454894
174295
489852
370287
142243
346170
117085
108528
152280
438749
273612
166246
66874
523160
178545
59888
330207
167532
448119
246934
480788
402434
355602
229247
308618
225473
113877
213442
311252
477994
2008
228514
230903
344786
267059
224379
284056
231533
18410
478136
377775
420950
45228
378488
132703
174444
147600
275721
433239
422048
149179
405523
108151
81466
32030
437954
232984
530014
14054
234316
137742
483351
276070
321108
248084
403362
503375
174516
141872
381820
479442
178599
121786
64165
492400
526646
132035
521416
43794
41571
124405
20286
420448
331071
68655
250187
137827
17984
271430
432204
507342
404633
458429
376345
83295
530542
178103
123687
264028
248489
524363
271352
244788
15483
290514
140572
178497
431122
499698
198258
498064
258197
507871
263136
331072
291021
29082
91030
38908
442977
207264
501724
441152
146667
227142
529185
375038
301987
60565
497335
69603
131394
370493
422615
418396
364943
455072
496112
368810
70571
505512
490326
42234
228060
257890
215131
73555
271577
400687
461205
458327
452152
103346
427363
126228
193052
303794
158989
414377
273577
375331
76077
388952
134507
52338
457113
139606
485796
254636
169488
226627
489083
97919
461049
484073
198331
225084
314936
348072
529542
146375
412142
326142
508146
268578
23848
397029
187181
221449
200340
517985
379915
364923
489834
437163
8057
316870
192768
383150
271178
165966
418664
310342
416985
46843
28298
261949
120497
18334
527407
355121
525501
478624
201411
423104
28430
70525
243781
468727
528066
164031
74112
381352
423599
120167
509759
478891
60894
406030
443646
291054
430466
360379
347046
134090
154507
474896
463440
455731
370652
76050
366428
127461
167096
479162
317634
478418
394294
340694
294800
245888
267778
156673
115931
118384
461795
485438
181273
119521
74216
90507
53955
337349
221971
226686
324778
28772
96796
289260
94054
406603
150553
316443
27643
185303
53189
59213
275673
517162
520549
102436
66888
482674
206135
399537
235415
372291
268118
511338
454812
294697
414823
226101
493826
266482
84081
117716
93288
373330
507981
110720
269312
189263
437837
124372
447800
425378
142171
303164
519385
524911
415352
398004
230526
399594
173864
511056
280676
71031
316013
464987
439609
147385
314379
434648
488907
383341
32225
112895
414756
486386
341661
24756
298940
16251
16942
443396
77895
118871
56798
380290
88035
302417
467992
441765
263018
451763
82277
420461
104461
401939
123143
448054
53743
157317
147829
12962
25433
291302
296306
364707
163656
67383
433187
154803
472133
251574
202200
456836
212466
112358
374586
268487
360515
195612
207425
224129
303145
250451
211573
269376
141152
439662
365609
415314
23397
275937
285579
271403
106678
392870
218018
23193
322731
314297
198480
278642
12836
300439
516913
197137
2128
379599
530799
279901
446064
488199
341744
513840
517485
177758
242353
80504
412196
206179
403800
206071
168180
244366
379005
233202
491835
111013
217983
152503
167288
243972
167739
348370
229288
327072
98023
300436
427477
379741
354545
148493
329040
273685
300334
369199
49786
255498
531882
216506
255709
13701
428444
116960
491905
191629
515274
311528
96414
432694
368042
3299
134311
394626
154925
254405
23733
173424
290586
122350
164358
389123
90985
529867
287128
460307
493119
198126
535238
358248
272499
509808
55406
89023
167790
274155
176015
75788
453200
383289
350484
104777
306578
352048
412709
268512
486828
310336
12242
476485
157174
80667
99284
444572
370118
215213
207458
210146
481671
111311
275497
484377
154298
162437
59306
268622
247240
355936
291639
16065
81147
186098
132208
107245
12533
480399
110717
269289
117392
494896
431209
37583
172592
374232
376357
236617
55994
481158
147955
380286
226085
397771
111682
274789
424085
31918
270447
391229
64753
300160
92655
222841
457476
502044
122685
427560
116580
513386
174429
370176
155688
234065
342199
202650
438771
236971
327369
196481
393465
432591
450973
10830
2912
151914
166898
14151
165167
255966
303367
432588
362981
208042
400406
451153
78618
343070
115896
408391
89748
273059
428213
171184
230591
33650
186555
527362
394200
456367
274829
513807
56734
488274
5899
196717
264654
702
481178
401613
305548
511810
412112
180081
363979
449815
96254
303952
257750
144301
23117
42024
274651
26515
391520
87439
467942
68104
321279
407831
16549
360351
351005
339478
26995
239178
502856
42908
335910
308342
360177
378123
321242
532640
178834
507692
483472
411291
381741
220916
74084
156897
75762
106459
100066
73300
229892
488784
379331
113836
231656
106208
188399
397136
37772
329581
89746
406128
325509
212634
435316
246643
26651
321324
498869
28938
55489
118056
31552
226823
26177
434824
447936
98232
410907
69595
380312
185916
433992
462817
158641
347128
205561
425311
123435
443657
292802
253336
72444
190141
210128
439637
165418
64616
94843
164244
324846
118141
113863
55388
484146
453181
179928
397151
357779
499863
29054
54327
168922
158719
167293
181940
96749
169875
199570
358774
269322
149945
229578
500127
124487
396142
208789
122292
166632
139854
237868
377989
65363
177896
257970
163180
87436
280997
38898
187347
395789
289887
451868
378382
81139
373888
90479
209476
6864
526987
90850
280585
167356
489744
147376
501212
350819
116432
496453
253815
198619
225609
11745
83140
498256
252731
163502
356598
174301
247800
430344
319079
135691
31581
433990
445009
424970
91410
108465
123396
129888
249275
136555
89770
382831
240889
504549
329292
449227
418306
339933
147181
319925
45636
447539
341690
55864
417291
243304
370324
268027
91765
423789
23821
74902
306077
175931
114596
181649
164047
417001
204873
239686
254346
74799
363193
198315
510858
46290
406402
305139
123171
274365
28813
348521
329410
478753
185215
454205
7319
116362
282286
117250
360847
386062
101813
297460
482034
504002
270979
87221
406256
86901
183857
406907
76415
369285
264039
344506
483456
518150
178726
142606
275250
429497
103131
143587
219867
432364
9978
145298
306226
179018
74053
47063
8968
379124
483366
83952
71136
312964
400538
504767
69986
186479
295671
383914
115673
288578
281147
194295
514595
535146
419352
133560
169904
7818
205230
190711
299615
75344
268151
168112
495142
500412
285340
381059
57062
206450
364265
206057
291098
481342
74246
93594
65060
194619
65038
497661
111878
410562
406054
191026
523820
13741
315624
309544
166829
505430
491414
260987
487053
230456
11917
380146
181361
350382
387183
162875
335084
535935
18580
437111
370115
269153
142207
289391
275930
342866
427676
347044
129849
385771
146335
451392
500051
277910
513912
119819
526296
113659
332954
437952
522316
269543
348793
378946
436349
39196
54880
430722
244545
191745
181131
207960
536069
474478
22318
101508
25151
217017
97204
533347
101520
261519
15485
205886
20059
470224
82300
57018
269908
216005
285395
140954
533486
410187
62985
243280
292730
8973
454512
329177
117269
267501
291241
524941
250142
91110
501431
53363
348106
407050
70228
28701
348069
432915
225771
473972
352785
216776
361492
166530
451349
342066
501787
396475
57019
90710
206456
244537
533644
478089
179502
108567
206497
149688
136167
375234
43139
219435
502485
282965
118263
55094
154637
193367
370569
297208
306939
52925
55398
195396
504951
525178
295166
498757
87732
532645
519688
10787
67510
329730
183907
153208
513658
46206
215630
478622
102053
352151
222789
255613
286935
531227
312388
222446
137697
434328
231420
1324
249388
33191
219695
505723
60889
525468
424188
29227
121219
439693
229890
127914
247039
323102
298466
220353
486801
517524
5762
201840
246492
43277
255863
385544
348232
425849
52175
516212
215182
529601
112822
294652
74748
264217
518910
208782
106148
197292
427114
465514
493268
367564
273133
499268
388124
55112
146176
218100
389982
31041
450773
284142
100884
359391
208690
481003
101919
219754
55935
198682
469772
323123
410255
106794
433587
197014
315053
20886
41000
188089
451288
196280
258766
93252
391983
191888
169161
3884
494979
419744
426111
427942
284117
187178
343435
246608
323502
465792
76480
135951
193535
482467
492285
114680
208077
43477
451647
60960
125329
497732
404426
94254
249331
45628
47299
203679
516249
306839
58773
202030
211974
268429
276767
147647
379465
34273
247323
122683
88360
67848
109350
476866
473005
227754
403490
239723
499983
186568
359271
171248
224696
201380
306054
89926
160803
157186
483007
375109
488511
109323
92753
210931
326710
153418
366573
520692
151333
507322
106796
515069
471332
21805
206651
172360
66555
148774
511486
97241
218458
103903
17051
186533
420276
75516
96491
459061
424251
304329
431321
59280
78205
140284
16299
167254
295946
238851
333089
62612
479251
181009
214876
53062
455841
209364
281553
271385
69147
421279
325063
388937
8249
294779
124299
166736
529493
514217
200409
490773
322229
150721
307588
47974
390979
199712
406803
526245
474428
470349
222267
408026
287674
469549
503012
133658
124549
522840
42683
290486
114029
455089
365768
468170
273866
119397
45824
362195
316630
383168
262658
198882
302506
461273
456626
433560
211149
131798
155920
88468
348989
65964
334769
206070
71885
112145
319647
214403
355863
293962
206860
229809
371108
224816
53230
316272
406000
454937
395353
127253
5564
67352
55231
476431
332012
75360
183089
203376
426235
355972
187909
300216
409178
352190
271694
397258
239825
341814
46320
464596
257703
5420
162090
145717
223926
285401
80079
176628
231796
3883
171764
43091
177374
6395
348699
94448
67384
18878
496914
460273
148029
341883
303116
217178
2340
380358
49411
341082
205972
103865
498727
224317
347430
359093
295615
119439
95408
476200
238645
160811
487338
92821
425572
413695
487762
519875
330198
444165
293899
318172
118022
296286
459408
336403
26451
314674
22664
194865
428447
339972
497277
212123
205779
371444
31205
92201
263949
493299
270402
231728
427284
351632
398040
95105
72524
375113
534186
81211
59532
3092
142689
174328
259129
398317
243732
222205
492073
278125
461926
64913
532269
185409
64907
116620
275983
415740
124934
395419
20985
216663
325765
477874
389145
132899
252991
489646
360836
185206
212511
488714
340642
264841
450714
495682
287852
421021
453358
405615
377931
337723
194205
428901
177202
68415
173644
336223
27972
406831
44561
191111
249234
376190
505321
5313
98407
154213
416363
189613
469446
229414
129596
151652
459347
215991
346939
81250
534925
210974
226456
301704
332920
291062
304287
152051
115812
365621
401459
230991
70294
290721
276158
417160
152450
161581
484327
72032
109745
257428
356350
81915
195851
322387
259496
237290
232299
377637
282178
36800
260784
288541
473088
432885
446308
49850
212838
508535
185431
517739
282130
139782
35848
157237
320572
107119
34696
151004
375440
531467
357096
436423
253001
187817
532438
110735
135289
183527
475003
420166
236161
67840
123451
290945
278921
191549
513249
284753
234431
433094
429401
421696
124930
399316
307167
66942
193321
476682
397096
280741
236013
521640
482485
488852
389538
512872
390854
427187
74992
89608
248346
391377
451479
214882
134394
91139
424172
92592
453281
483632
132396
493459
421131
444184
410799
223285
150877
114250
221493
221960
397849
143542
25892
268185
450426
351992
229051
288829
498558
304863
17964
447171
216577
9129
282277
284919
428203
3550
364502
418464
56053
476670
416739
215291
326229
79143
535839
20616
332777
67399
480628
183805
30216
76664
471855
86787
286734
179550
49698
171806
355625
312043
416222
254064
290209
45688
278053
190707
222459
242761
285127
355562
500760
370684
515384
12915
58143
467575
358795
430213
82147
109599
7562
453957
473186
32306
12786
374304
41076
259070
461314
137079
23883
256290
529581
519414
26534
164865
493027
32635
495624
108734
241365
439254
2354
139436
125611
345654
424301
422918
296579
468554
391015
207203
422223
27512
188591
420129
440141
347049
401378
372483
275736
157294
94553
404289
305550
170520
500625
392648
2968
351019
44686
457590
203169
100085
98602
287425
139868
413841
417635
85394
289492
367769
346043
322184
178507
232581
375240
490348
140844
71857
206720
441681
406317
112194
531516
87525
204913
304388
522789
84439
382112
179829
209393
256201
61677
30301
192623
520916
487742
119293
51629
123621
101634
36710
233984
285841
5213
467714
298213
274652
525610
184697
502551
13115
180237
445524
431460
240593
215565
318218
261472
422750
278045
419916
170071
32554
372875
312951
469394
372377
479429
420956
315348
455800
513724
169455
519456
132375
219972
265990
459370
154734
70503
433356
448460
337882
233467
338707
449214
235955
489332
93055
200283
66373
188807
517733
189333
500329
141742
384252
139699
354127
308303
357107
202808
468459
500611
264506
359273
492823
142867
44628
124965
300760
123281
238455
268099
329049
191695
384342
9596
154960
436652
155254
457298
441001
9674
354061
444078
497532
240313
85110
87328
195507
377300
39816
334375
75010
255493
490613
279179
291534
424949
260843
26266
243943
76846
347853
425069
508849
99470
153448
41246
336496
135428
122346
294205
255302
214956
84326
464842
388826
196430
519170
397456
505771
9303
20866
44390
508907
435278
306476
114011
441714
376794
33577
133139
149943
520908
385814
353722
407335
351572
182290
297279
129682
160977
424602
350781
108241
441838
447384
20258
324603
510402
192480
167376
103600
227519
348208
151460
189820
436209
407717
498909
59727
272821
69728
415712
400521
491629
465848
177163
230130
507752
323041
291562
414032
21643
64154
324851
241214
339516
498612
462526
245972
489002
323850
478863
492664
432485
247090
431824
362676
95169
256146
106830
414913
143226
352647
201907
188733
489412
145295
531046
429963
13527
358039
423250
122974
224216
124972
305955
452621
251706
158502
74509
491955
194647
49121
178610
35215
450305
239281
153559
520903
5019
375286
76607
471863
499912
496734
518916
534672
344008
235707
277334
515090
37381
46734
475964
203190
469608
89660
66015
532907
382612
90365
97830
382746
187015
118736
393659
267364
154617
190497
218556
274719
312289
303860
349098
132265
462714
497013
154957
300992
433959
296852
203375
20026
63924
280536
464885
200721
379024
426167
274854
73493
449885
390068
188667
400612
361041
237174
272967
2796
112272
76327
130748
294088
220856
61357
192583
435981
25635
360878
488295
360531
53664
195528
224809
389728
318073
244674
81696
105661
366503
162848
47865
519022
343652
172566
529314
402555
430642
91211
98177
331099
152266
214012
509575
396798
25436
313218
66780
130439
321457
469628
101006
220747
16234
179848
36811
237863
125578
367904
518064
396831
348932
259806
467427
267984
5751
507782
40135
203656
168201
202256
267420
501194
181017
354831
51943
175098
150457
1070
233953
305578
477470
198474
221418
327694
214827
292427
309188
440157
275443
42256
9867
335104
62179
316896
360535
191834
469137
483673
258647
450416
224807
89850
231024
85376
250371
245373
444611
360473
413274
306328
332536
507042
105564
437277
19102
408357
416156
283105
152573
19240
505224
119326
296228
436364
2103
533489
504398
362661
400200
299505
434427
531697
391770
386983
206922
381010
283627
153541
479418
180790
392089
381887
318714
18740
433402
331027
495987
273646
511708
461085
399136
155085
187752
431585
125137
269040
314397
56047
12014
350254
353887
106570
357010
87227
386460
165927
140826
68218
406654
101111
413995
30464
337985
259138
231064
35803
215857
149361
120812
441073
136936
49676
458802
467963
395700
142317
478456
476660
393574
472419
82990
31288
236902
112514
17654
382042
406520
313667
155913
435848
428856
26709
159966
218732
364063
55511
154374
137291
464315
454517
486222
124589
351494
46547
191894
194274
255579
176685
206696
230775
408774
35159
67818
527485
204377
438056
120816
302168
309998
360757
379162
69739
256791
442126
102622
359484
21256
497496
379753
378847
63624
35614
86627
233952
232203
330574
483770
331327
362198
48798
133484
247919
125515
275279
99417
144208
360939
212889
191478
49207
3368
321871
507773
316981
476938
422076
193008
92025
65018
506590
107286
170090
49462
10033
816
288966
248672
356300
468911
86976
416172
409008
116201
451895
120499
27679
76978
174027
410419
11739
350170
90454
137717
10659
372134
171515
215
365148
495999
516287
432828
204107
474028
169787
172570
47833
268200
531157
386030
466728
311743
287889
521503
116946
127705
111434
343446
362576
287089
260122
127102
15077
81234
77525
409619
225537
5773
485034
270595
145420
292085
95375
188915
219501
124539
478503
216783
295139
411568
139054
308592
256054
155696
321738
332534
94389
16067
91471
216741
534233
296694
372896
255508
71179
299216
268720
508430
360708
34076
73506
104217
167812
396704
407867
495863
397490
290119
96011
187795
163997
12742
11921
478780
383817
491178
461668
268237
160031
400231
90647
399314
77694
467959
206640
296021
455185
75089
266340
205703
244675
85126
100223
291383
368543
62790
235968
411569
304047
38036
23910
340531
55540
298887
48015
384005
254163
491351
508874
451372
431061
507799
51909
390808
189893
150925
25883
168581
384636
405404
402984
28409
187935
363028
60729
423316
445357
297874
279718
85749
371112
330673
257910
321881
457318
248589
148073
455724
289304
194707
82400
263564
53571
145215
70120
45375
514263
123485
348019
96854
377403
103372
15693
420066
58324
254449
175511
6350
458272
461569
415055
133776
440394
80586
40171
215719
197275
342710
80101
246176
269650
49923
407507
233430
333187
478077
127182
74927
525780
129275
75175
21000
84895
309279
99551
528564
111923
260996
402089
454511
328514
414650
526000
478048
201433
369654
330281
97252
171998
91273
102492
90127
250038
426271
238215
498467
480331
272976
415950
201864
241163
290199
412273
185383
330895
23217
240822
503734
244939
498967
315708
414323
299942
509306
315604
89441
373592
274226
371927
422309
348737
199871
361115
302411
43066
458381
181835
272704
377594
18134
96940
304883
438678
383219
511378
274920
11442
139755
441883
785
292109
161111
177372
110891
124184
520784
41505
314726
153258
38957
153605
90898
308058
255265
6726
194848
304168
68789
36615
327002
151905
291411
460417
26784
18101
143195
470846
339405
120562
201721
159305
336699
93587
160754
534844
479207
427293
383121
50803
519535
497728
519333
89994
19062
283744
207339
16489
230180
426599
282164
280659
25487
32689
19208
420860
466141
188664
491430
364782
61827
445123
164794
345104
498155
131454
189124
240011
495289
527540
264886
202255
23850
238783
124116
99042
67040
196355
211596
69898
356424
59066
217553
151564
33610
83569
511558
227584
331850
486144
511878
127018
211925
98769
172172
225291
399749
172489
515201
284032
252794
358582
348866
294386
244966
322482
110104
264469
446751
437273
495080
400184
90220
212152
45963
248967
13196
109851
454387
494305
134152
469500
167040
475623
174324
160951
33406
123325
411249
109849
261291
460177
76065
26735
253249
163025
531089
405088
65314
524846
137772
115786
338107
145895
141607
349736
383920
15057
60098
88884
96506
382030
407995
437620
134544
165504
340431
389734
149687
120418
410031
471784
255154
51176
154083
302156
198026
349640
464786
483229
308661
179341
463281
412514
171766
225380
178452
429638
271343
85274
325377
331894
230607
244790
133795
421936
415438
157372
415382
338119
71864
45350
282126
211370
234278
36928
80376
119766
217717
75738
147409
511897
328978
517696
367583
449079
262489
438050
508688
333858
478129
15411
401736
233437
200124
195140
179246
19651
508302
245456
364182
161600
29612
459034
19243
310883
376259
522085
466942
496504
144374
251644
492773
423349
25555
203520
481651
61850
411171
338641
86330
383676
293303
167073
178934
382351
138925
400055
263327
251234
52932
91617
274287
76307
197153
56189
5325
535739
101128
53684
429341
112667
77432
277651
522898
90960
435938
249
472435
40262
517698
457184
467185
251217
159646
19514
165591
141913
533804
322253
504597
228976
213625
447257
253583
210054
535054
229407
516848
431712
16019
407674
406210
268804
215082
475084
17555
137358
387836
447697
57263
478
520783
282492
350133
456735
389124
64513
309765
374430
166819
59245
279690
378501
166921
516835
98210
61053
22601
369046
156843
418579
50097
28005
147012
378176
241496
470106
331693
10717
450497
60601
524217
180591
238064
239475
425695
38575
409881
349082
254258
471911
4053
331419
440665
463318
442836
143868
409063
179660
430410
139422
51475
180889
124420
507514
43619
137199
183822
99777
69446
25166
215156
170479
332826
267316
518782
202885
332613
300410
336993
302897
408737
393490
137651
479065
214315
280944
262262
535978
108537
125079
226719
390929
162563
298516
442615
112525
181588
335505
315584
132434
420810
164499
149447
71353
36609
502080
77816
106308
362706
309054
251160
215245
285829
169336
192376
136279
473521
76946
263275
172539
136560
184491
373950
498844
198854
174608
36011
180412
344969
375251
160975
20283
58424
136302
261432
441242
43319
459632
354367
169424
483139
88300
149507
525421
202159
203667
329060
492995
198260
356570
415977
407422
163767
367472
481958
535553
226545
189586
387161
165050
61673
339192
421425
71084
19540
235267
356565
268857
82386
525011
19174
336844
487836
126290
129040
306366
425209
299155
325502
309355
492100
11351
153907
32314
123914
39186
202346
132630
169407
238533
499036
155321
514369
255238
76025
370984
9629
288098
216963
56607
456382
501617
132332
94874
367016
406141
239738
7551
35682
480878
90277
445121
89499
139603
35631
347980
496701
463656
379393
60816
72957
97139
340460
232228
38626
87030
382151
120773
208271
345136
318938
26574
160962
279303
468785
251752
112312
475351
378617
157025
191822
381486
217833
514206
529353
195190
243173
534269
168360
510681
208839
289278
315001
509977
51802
475269
220422
526994
300191
510225
205358
356228
509517
2242
106088
36881
147262
391703
405170
506794
477239
139670
257731
256111
256538
275653
401397
212439
259077
464294
89845
334508
204528
158524
319312
38180
467715
29634
320201
392902
461542
417394
194196
255174
88651
374148
177749
52109
134684
36284
84886
354776
504010
475255
400250
141774
523444
400462
439214
383891
366056
221837
474600
74711
190248
432930
161005
492088
390738
128106
392433
535772
18050
291231
452683
410181
91569
273454
149477
354172
285013
42470
432322
528531
425005
57148
180166
85372
479663
470941
330443
276967
354059
463583
418298
413536
474921
241821
432376
362014
80887
359383
360642
302158
60181
200095
78398
390761
204512
13151
218729
444664
253663
82467
41128
174443
163554
115264
19356
481597
284568
126226
525035
196809
348694
525324
348006
252206
73404
477316
104339
173245
452230
70690
355472
393274
375370
223996
239497
360731
12828
144630
113243
438378
301366
239200
387005
24451
75706
39799
301781
193155
309768
4392
378783
74709
204598
320610
333548
33059
380534
325114
188199
188194
448474
416302
352214
204728
81565
43257
328305
11180
77418
272654
275491
232626
477472
203491
286696
299979
391605
340080
53254
231985
358063
190155
456616
506331
61748
288147
220596
313691
157142
322513
449979
267811
256401
21387
293730
220138
211638
509715
255769
29680
32496
183988
134079
445890
268125
354743
457111
265947
17839
8313
430472
399
342087
174188
367000
374345
187392
211115
245905
367012
77856
54698
193294
300134
46870
92317
473762
12360
236212
514866
334030
171669
208481
464098
98152
490538
200767
522846
316058
490448
177345
530091
303872
424688
231404
281651
502432
391757
256664
75992
15755
427368
134648
196449
230217
392240
34899
155824
457008
109612
243169
122114
349100
249399
366583
282720
240758
479628
198902
381284
188123
439532
529786
288155
480213
94845
25653
419416
469767
411441
389541
109569
289767
299002
126585
407162
188391
45711
333629
227332
424404
505113
114801
54785
437582
121964
128810
475578
520798
270844
122287
431340
216192
373440
57491
438936
17497
250829
332268
329388
348223
42601
292194
322219
97620
454196
395745
404628
408940
24368
102415
302824
157562
529337
217422
266579
316812
35914
183794
136658
100465
452779
534048
349663
87939
327195
282604
174618
403102
279874
27371
56911
171142
291711
29125
4236
268226
469384
269160
18781
320043
519623
509401
384129
269628
448768
503170
301259
146837
323597
514144
146909
351686
236849
22553
320625
500967
499037
510494
35866
279893
209214
391186
17137
234768
292760
154764
261871
451424
278531
94183
371210
285533
532196
523963
180912
131956
61535
192214
382412
279175
355845
229836
217988
222762
498856
301014
25730
375954
407180
340775
148307
393212
135753
329634
