469008
477915
150509
296020
358611
316247
155652
333951
304739
283159
255263
53051
283792
385195
93803
390461
180951
96216
349457
411871
332349
135352
399275
449524
203882
211178
158293
351310
214037
425600
473654
453403
207777
530560
200013
421245
330928
52311
267810
260417
3718
330279
320777
227945
28542
343342
389750
145687
272826
351083
443844
77967
12187
92033
317277
64199
65597
451102
270987
52713
526332
12304
432931
492666
83651
3078
245420
424631
222974
30480
202429
390324
224950
101346
231407
347914
216399
143293
335950
100887
2785
93417
172293
35565
477973
79252
185265
139333
40737
151436
101224
418223
485459
221558
370760
448195
76646
151531
269568
258757
25842
436649
330811
532730
423950
244372
379270
142072
418215
290747
187724
476202
10580
345583
182740
153842
210610
287520
425031
424983
354177
493290
150606
430432
362891
164203
481474
382742
290409
36879
93591
488731
405830
425056
276378
448330
183214
379223
251291
133766
120125
234353
272138
51325
319560
86847
69912
496991
531271
240447
477840
434684
156165
486353
256262
454273
94561
195857
32710
422546
494169
458542
120275
425646
418982
492569
11514
395498
371615
223807
237056
416393
279655
80983
383758
432768
222702
52938
391299
163059
480206
22864
525092
87850
503095
24658
239386
1663
103875
430025
366618
430543
185625
286816
208367
211385
299127
334215
114844
257241
492047
351092
516124
206957
78309
305624
326383
77530
400769
235172
399059
102002
535229
84377
160041
527049
472984
525931
152227
288545
42105
412222
530945
458708
252405
326434
67612
53503
14768
187328
207752
494860
107874
240520
276675
510012
295664
71169
155507
197333
357520
74454
210165
180501
305885
276702
319315
522724
33299
409608
185847
249451
371656
290202
464223
352165
264091
465537
387159
188235
290537
35416
483964
170072
496067
228733
350144
200396
422397
492753
533586
100415
373635
13882
54975
330830
188025
215713
390294
320946
248547
484001
235673
220892
534040
251893
79278
352298
117891
498649
535478
35685
18199
285232
250399
32858
298477
433819
471598
95608
324027
109430
449285
236861
458627
264141
290308
33707
359609
280022
160978
486243
101312
219265
420809
173961
409269
290597
22976
252436
34946
462869
203924
21931
359462
44842
238341
240386
435759
112872
75102
472731
423882
454195
335009
456193
94270
406583
483758
173329
186332
330593
476480
220279
254292
65518
4839
327949
434782
445310
301974
219108
342355
9537
298697
149166
453524
15113
120572
289319
128761
463282
451707
383496
47557
525655
238646
372735
407391
155378
340266
283911
43055
223602
168635
275982
91328
501369
385906
483199
154223
196846
171427
517010
301425
434925
152071
332454
188200
369126
423352
243303
258227
439910
195474
328817
427850
233486
296452
33819
88572
151729
420033
122094
297349
86351
408474
138504
54529
366058
81663
513607
74879
528618
126430
326741
99800
60052
248264
292475
416381
345089
423504
476973
327792
233391
470387
529366
223124
62870
385153
142100
295071
19059
224968
511939
121841
78170
397011
530694
15568
201917
96846
342529
477232
455877
244973
164064
1486
413333
451209
198414
358006
287093
330874
219386
164801
148991
399032
281782
27060
312002
121817
529884
295932
416424
455727
122085
394386
86822
84909
332003
350047
510020
371821
228433
330243
485353
447118
292073
296781
148707
522199
359607
367008
153126
399265
22019
491770
379492
339273
205425
261945
93713
277466
510390
286793
160130
257480
182640
362125
313801
141192
295897
309918
302948
404677
77470
55091
133141
493783
470745
468508
190184
143184
288220
301921
303021
44902
28946
206885
511290
412921
6149
393523
359116
79215
326079
149727
504709
345350
262937
378394
279416
178863
38424
170530
114331
62721
146432
434173
315942
477484
435958
484909
311143
489782
195380
223864
499245
94857
148245
75451
71454
484094
322964
193086
129657
233032
326450
472072
89177
318339
69654
80456
521095
138611
380969
266425
359186
328600
240813
509958
123186
456401
519177
274172
304064
303218
266134
39800
381538
10781
486461
448487
370699
274513
404619
373431
90423
446567
451711
448137
245487
399787
384543
206049
439929
323192
363369
187600
240177
430304
81430
167558
277330
199686
298662
242223
246875
315250
531996
478195
245926
197295
360908
197749
379545
434531
125211
165791
302087
215208
102822
326393
459227
306905
214452
156315
489654
30659
419179
378338
187975
49708
292780
317538
375607
98059
59574
146629
184956
295208
216508
123819
370786
348909
402257
407399
47977
410138
212969
471507
382499
367821
481746
255013
494586
304630
162163
76976
236011
217874
456316
222182
414814
316575
171701
61490
494353
369971
197425
168790
477921
324326
127073
321234
16787
116581
296764
483065
485966
90951
37422
384058
265097
141044
286017
275226
45296
115006
197203
406252
174099
40686
198263
519372
30475
164121
289524
64232
29896
60374
515483
456248
97024
174879
108003
313514
180774
210495
279068
61277
532443
466473
41130
286616
109623
218423
501815
505070
30948
315115
15985
339925
368538
101795
39690
121756
260478
514598
119443
230740
455508
405057
528139
241829
253021
481424
162797
175197
63954
138897
92179
50632
376263
170993
271613
58145
212762
143213
2390
443780
299085
431037
481545
483327
353780
209849
247532
169082
301161
85677
26577
204549
276569
169475
485316
89442
344000
404087
40257
330073
245205
419302
360237
272011
286343
448278
252094
343448
401451
449439
95574
434647
133739
102967
520295
223920
308155
135752
196749
88014
472498
496412
2784
108129
121578
385594
445863
461202
130081
505962
366314
471580
514734
285992
160846
452602
86133
234929
83856
382849
128204
171918
245044
220574
246093
103493
384020
207440
337573
2252
441970
455453
499487
334937
508071
459157
310191
327061
424056
127010
10947
402952
422224
354916
489379
469578
329584
377208
301526
188460
186194
494159
510292
105465
428670
327806
411015
51748
326983
278118
341743
217969
330900
57214
388582
358798
351988
12558
116927
199665
289999
236621
482769
22817
156527
493821
455548
94531
3707
132425
184244
528180
159989
183743
275641
388735
139752
236869
337207
222985
401387
180019
296646
250298
264372
214501
157306
233439
235070
151029
294711
168719
307488
106419
473941
272872
99868
195807
347071
224207
25427
244875
59147
126738
399600
172599
165310
12158
528360
349764
406027
348747
119086
152877
46077
453509
436760
40302
177966
202562
444612
75747
25124
464145
519138
477354
408088
301609
58814
269243
38452
103494
115298
450359
134293
212528
229507
350829
323885
353086
496530
122340
225122
317464
96296
216738
256563
501295
507809
472822
1238
153309
217202
79179
65466
458989
105472
4664
530595
33380
198494
131546
124238
510272
16479
137777
83459
441800
23673
491514
299534
431238
371363
260324
397186
283466
394751
138870
313174
401237
328558
466867
427868
339761
506832
376526
136723
9819
514007
274295
220024
456024
510439
228695
343578
440611
305274
514161
282051
111715
404151
363086
362497
229743
398950
119386
489649
84865
431739
404017
295235
524364
494136
325675
304516
17365
524599
190470
470827
40924
294282
486866
139777
474039
189853
525762
238379
411962
135807
9618
171698
151088
266305
459490
307555
184017
474097
208781
414364
132605
429293
16733
75592
12450
406472
24284
300582
263302
198688
266748
221234
146731
384920
300906
502981
203720
167649
426887
172605
302136
102791
272769
16580
11991
372125
236305
25660
39065
221306
379294
9234
336524
32920
50435
325996
160104
134170
159256
463579
113677
394537
19371
316330
186418
453538
335111
83912
366280
328243
334475
169693
522366
50238
93562
163099
27428
430313
251849
442805
359886
218246
507802
302039
312149
237296
420851
282429
205814
258623
249172
355777
498356
124536
368947
59735
171961
338125
154930
424831
382911
319805
181213
241383
138443
498758
172282
187312
272081
223127
163959
534169
198257
340687
277374
384789
413914
397285
314250
153157
522982
124852
527317
287412
320427
195244
4179
312360
507416
509298
78661
200616
252108
361516
455822
451528
476863
105780
85013
429501
147347
242414
227367
23423
224166
263892
374516
213605
374524
347748
326001
346543
381455
236197
494955
479894
453592
277691
272055
355068
463741
54152
476761
327856
12026
111798
406820
416185
440570
261107
271916
319900
372505
230053
468753
465170
79357
371482
372603
130620
412857
303488
462045
306653
206435
53162
75824
296496
288919
212887
420189
163744
383641
369470
129791
306619
36797
421952
194078
12193
252969
334625
27013
273317
362791
28207
128689
298357
193082
531735
210928
54516
528134
324399
531490
162270
2800
403748
262039
101735
241381
407129
179350
187711
214374
321569
513895
170
37214
343831
49358
394088
484051
246597
204944
321610
313515
299796
368423
340715
216136
193256
153706
59914
229513
391407
51259
137955
528229
302856
358251
386995
134225
487002
422683
3039
156873
375303
28308
454445
347187
35494
325915
35127
499090
33337
487024
485223
429156
22913
464630
369442
460653
231555
376187
468577
64207
458149
1782
386238
89970
397437
184485
456300
186932
397157
417135
172537
64405
416788
490327
117257
396302
386619
29730
13947
519113
57801
209853
477694
187008
482863
152024
376633
428266
419950
371496
444847
262637
147621
287466
61738
149571
9794
133045
138850
261327
493456
513529
71647
183702
245531
443454
440664
85671
319962
322987
227470
217259
478041
54317
374054
449116
168212
122029
408496
339832
303446
248300
194009
140357
399235
483708
401588
301641
144813
42869
160261
28184
436985
153454
410501
23871
435630
32856
387977
393773
473793
401290
433249
178403
394162
443302
252928
125875
19230
98101
283891
345536
458507
225096
152776
503281
416370
120327
356311
96511
110166
9122
319502
122802
233411
318455
204849
419313
236299
148535
218264
97863
468303
368592
51552
430756
51227
326693
171263
291611
67209
490656
321579
345210
415483
452394
121531
89760
249814
65725
427629
372604
368754
149917
454092
419742
4547
217671
189707
439870
196613
475177
34140
272827
407587
86001
445496
367340
416223
135154
532612
144227
264229
29500
530353
115110
17498
54921
279264
49816
89927
282717
193388
212797
189544
8616
175364
103211
172550
205110
435365
91252
530967
354129
29739
532205
159813
55746
175027
438707
441049
36712
444174
361497
386098
480764
41372
447481
306644
78881
210699
260603
30687
414760
101857
288891
83524
177878
7402
45100
533388
125676
187410
56241
142695
444723
402061
487325
363244
299001
99275
428665
7240
110422
449946
434274
280070
134525
372317
405182
180244
28835
251740
7081
56842
295225
470654
116261
103577
258927
61645
430714
36652
135449
147368
144881
20551
94233
430797
429816
231089
323112
244677
64671
16205
173034
117426
480684
517056
332941
133011
437913
193526
362599
481092
126588
91518
261528
295735
314090
247449
119573
55472
249847
298353
370149
184252
347293
433651
292039
330644
423626
193233
210721
176974
499655
75901
316335
198512
107447
525761
34114
505631
148811
297999
529749
285938
153741
10096
493864
463147
378362
184188
467941
402518
241511
455725
100690
122056
80053
202336
501034
88151
163426
241331
258668
488644
329538
400245
179614
77640
77414
233598
494682
176186
514987
84052
112950
51253
411883
141284
136516
409957
429951
396921
329826
379517
527947
248514
473059
61771
397413
117717
400479
389033
148720
224263
31676
448334
420718
418039
115513
355394
25954
10339
428457
120932
186942
274599
47569
414545
204434
493721
127168
43251
65488
441881
527158
412254
256800
418256
209177
423826
271593
386629
358044
411313
166852
384377
529019
94571
22992
60408
1666
441958
155521
454361
340015
264993
92148
378029
513298
496913
64018
318169
131949
385719
442327
437416
497429
487529
347954
18691
224778
269584
325163
338326
150360
460447
364557
25783
260298
365174
136851
117683
340335
159285
450378
369672
380631
402385
289904
71111
93179
373127
178079
139174
29340
325328
343463
82565
376310
197140
393602
225814
221312
169033
80017
283631
435284
514661
394963
7267
419970
111390
383715
235682
111317
456304
41378
345977
263989
244092
373337
504524
498984
59788
338169
317922
359872
173240
35508
285775
425355
48494
123591
516155
262814
84209
14858
534489
297288
124779
154541
330412
102784
161674
175752
62842
214092
83556
384834
332339
321268
479926
403659
41203
27086
126266
94472
489319
508610
487753
199658
82291
414601
373466
121758
373528
438705
267727
234183
276936
101291
90504
284944
189959
356308
207281
220003
173866
116190
476683
137357
225079
102491
496497
246216
266359
89292
487012
535293
431607
391017
398612
50641
164581
135546
161831
190599
526604
136751
222947
179887
410449
106954
403424
90268
77081
361061
260312
486448
233569
234888
57605
411033
49356
391292
468866
432813
208738
161937
324848
319670
14227
491966
440788
15022
139401
207575
312985
14174
330963
483264
32028
121855
445673
171763
455184
150728
147282
143661
487056
375504
214739
216838
407140
510263
483413
270503
8534
231229
207028
431807
356060
203601
45107
447681
409775
89285
98069
256200
60586
10481
148223
498440
275011
181885
428318
196447
311939
532690
95290
258476
156854
449721
206620
445118
497720
199093
489502
511836
434336
206950
131614
406185
108137
216834
69704
297801
186165
358473
141623
427440
189522
77857
362267
305792
70803
529533
4889
294110
513591
77419
390710
218338
248553
292511
412293
226624
32925
120320
268580
156764
207376
437751
63861
287023
307695
103615
47035
374639
235382
234323
177315
212397
17504
418019
79023
472650
460180
188298
310393
182965
294398
204690
1853
513760
329823
519849
422073
173466
209298
337977
71897
124781
156204
194891
203521
404583
355221
326115
204174
205705
342141
392883
481787
157867
133997
468844
248529
49146
399388
146623
380271
168183
82029
422576
428179
334820
351502
469997
485321
423009
102198
452478
120352
476680
307793
317115
359348
199848
126076
25131
381771
436206
273116
163489
510765
450691
167753
176313
15741
338762
179551
383616
231062
41466
335730
292450
313151
330216
59722
234247
340762
150741
227675
119267
508101
45820
489286
82666
167364
515752
57571
480189
83744
397801
312046
495829
245697
67988
171235
270817
176963
514287
115679
476957
190647
235048
229647
176765
226357
362889
470568
266338
293976
64752
106823
445963
9333
481784
205608
58704
415568
302573
424570
515159
90939
412530
131457
382971
137656
483648
510102
1104
24876
303713
301212
335627
398380
59288
131189
7248
342288
28240
362447
423326
59632
58460
67319
454156
517167
9804
496217
278377
427986
334152
49376
160307
331697
383505
316507
91625
64560
178749
349919
422355
159505
519686
445751
183584
40095
345842
393833
471379
386070
150605
223162
281437
312541
529157
361169
319435
271861
234217
197686
315358
164264
93436
361655
331518
464026
288534
218106
177949
342636
154756
172766
182238
128291
169876
276119
222102
218533
493422
200169
363720
490725
449192
242336
472062
425693
312521
143098
312256
441056
146930
367940
292961
248358
475438
216477
32023
468807
408907
203894
284271
110455
406135
489539
252049
453352
248321
336723
504420
285800
533372
122367
186026
474790
382386
360918
136533
509665
234037
518000
38789
4020
78137
153977
136633
139352
68252
493677
150804
274676
482498
238006
454255
237475
46527
39398
126507
190792
200981
100828
415041
385187
380592
10670
373956
52641
5502
42892
123809
118083
177327
136520
210812
105966
449448
407454
317250
388013
40882
373920
85994
249695
381973
225687
241206
490782
528146
303068
86871
99237
62880
65093
345342
239393
204475
41705
360478
371339
478807
80924
366413
73902
392194
88531
353170
15471
246087
535483
257004
422865
278245
404438
122898
529612
151872
291810
356667
31029
204024
188976
204410
250600
142802
190934
461844
70508
300669
149390
320756
455229
34880
380781
156586
164281
334554
336462
94021
417557
85679
322145
202868
501002
466964
332799
460062
188864
97886
37063
334794
210966
93624
236112
178999
439989
470188
457207
126126
167443
25082
517247
464164
233121
322798
360603
280438
86363
394674
312071
163236
71196
291353
470455
422012
384267
208762
155749
116790
476811
207190
239353
45665
526952
333776
316720
37937
388660
52945
277037
82771
467086
286379
423457
453690
242275
137096
244350
47209
536017
441683
481246
263051
239192
441178
379907
349126
390092
30628
500264
410119
338692
523710
120498
417732
382706
270248
230608
462761
98003
167325
497762
308631
171892
59571
278172
453061
459320
217552
125031
261527
91976
351994
199004
388335
488137
42901
186448
497090
404742
275359
374057
423149
134087
229118
279787
131266
223788
223069
522744
532338
389011
326463
130669
100001
304296
458104
327270
295527
463653
486806
311245
497492
144460
234744
198140
208550
120095
459282
350508
357835
187387
464323
244948
499235
172418
127765
286335
120276
409493
334766
60109
357419
273050
402383
422345
425802
309618
215469
526130
159941
12704
230288
251955
460711
7724
343622
536032
415760
359522
88829
288916
198637
432227
476534
288300
146108
181732
503058
183289
483419
126344
130777
269469
400149
307472
238002
58290
188239
38018
277587
308845
177171
292210
204083
191057
248927
110307
459497
266142
421418
451577
47025
275676
143875
457462
487037
199518
7613
492354
476172
424740
394464
276557
519548
330289
456159
391626
143911
190329
17214
523548
481707
175416
190342
246158
403584
220842
196141
366671
371510
60330
301401
515397
65740
502035
515215
345312
40625
153775
333160
78033
291389
258832
488363
55774
398208
215826
222231
164895
21881
32612
148098
38188
5554
148587
108297
424087
17913
421445
278325
434765
128602
390927
464119
361481
128276
27615
161552
104864
198770
37071
68630
133390
520459
352748
166394
519739
50452
270649
123201
50074
18197
144131
364643
265560
283879
123720
483618
92112
410805
40266
496448
415510
411418
397123
19056
512920
75318
273962
108562
48739
505658
100761
194392
234717
165533
457542
500380
196248
194049
6447
362483
280165
132593
271072
89631
19475
530989
72060
90331
363201
201914
42401
429202
328827
428436
35700
310408
198318
482560
477723
268851
115083
531593
212979
472627
262622
6871
414187
459620
144641
285390
524303
422737
32068
152656
509069
271785
80367
312854
271845
297953
397054
376811
328339
409820
312154
269303
107747
505464
66575
16538
320606
215629
456984
374565
249531
30581
167700
94513
25372
154537
78817
390523
408901
513233
338083
19588
89004
21062
244413
211989
487065
392464
308963
475900
27744
17022
329878
505677
516687
27880
314613
271254
101746
392862
351169
317724
199945
285431
525957
534408
117463
51132
324602
196337
309253
398686
500531
453353
217298
295792
518691
136806
297260
401776
78559
487856
58973
249134
67093
139623
17228
432560
145960
432018
255658
6767
115554
332749
438407
467585
162888
477835
176927
133154
29013
444471
418608
478711
416871
236926
115615
485271
441063
201821
89250
216569
273291
83721
162407
420600
442751
9850
102818
199560
387330
349710
85125
51525
338401
197166
410999
366973
26030
396035
316096
502841
437258
14873
376484
528428
124718
234012
458006
422405
219163
178066
406009
212535
301408
10125
389885
320524
218080
131341
40246
31206
262773
462423
322640
302329
80988
155514
89286
81613
72192
13038
469975
118636
111671
395391
217760
152727
35883
410053
237654
83063
277507
159447
525406
382216
492780
143033
485635
213601
188996
4737
162298
87849
114163
430363
188702
353114
52814
460365
326886
167797
251915
510357
229339
320944
392737
400131
218487
486070
277199
499878
427719
492095
470871
155927
440928
123051
378189
322778
170766
164867
163690
425942
161828
80188
170975
389948
11529
221708
389013
336982
501439
329462
119346
510008
273524
131599
292762
475349
290083
88020
299751
366795
29164
96939
92595
178907
357977
222507
426804
368282
20510
358277
423136
374341
307022
245326
522674
326972
115162
371128
406393
247712
111968
176975
519667
129967
15201
377070
471996
336976
61630
156852
456601
59515
368126
83958
107211
499605
319542
255737
531687
455623
200268
30612
301223
279131
226502
366416
380744
223917
530236
49739
268074
486240
363131
285693
264249
500234
468168
217651
311979
326993
354774
211501
486960
256346
82634
142694
478359
378408
429523
379265
270007
17279
513959
437371
260209
106909
432709
206316
227738
504734
393897
268139
430345
283260
231693
154799
355485
385913
69729
407450
116923
280457
482660
214138
288724
394269
248913
256350
24646
138490
53426
173195
260444
115800
59024
392816
496769
79893
245094
347083
174288
178483
198852
65797
100906
33515
165468
290503
507253
450513
150647
334642
493130
267409
384956
342766
450965
355082
160662
220541
238634
80526
491381
194189
491620
417106
328439
127511
62774
291255
410177
210761
489209
268607
500034
287894
306387
157018
161334
297398
119419
168409
522615
353130
464737
484913
376766
428961
221853
238115
50914
305470
262136
308409
292200
385063
500219
518426
35842
346078
39480
48076
380209
309006
395483
420491
514717
331832
164145
134969
144828
223927
355047
2717
110325
201545
505149
269774
160758
251273
443189
37471
95122
363354
409802
249304
252959
524152
207848
153320
262232
345278
306771
224759
193088
134060
305433
278678
117322
121667
295429
500874
375655
301963
183553
333157
270457
419084
472276
155228
70620
199682
214870
335271
477761
392420
296666
506035
430943
523427
402444
57860
482919
102335
286603
237719
206855
341654
419399
448669
257054
279898
84359
424036
401943
407566
334461
387830
243345
194407
532891
241197
498923
498876
11126
233841
457548
526032
294653
196796
297735
6678
219226
473368
365153
121608
73680
504796
255628
449025
172180
259932
172876
69323
65357
364388
421187
484110
331511
26648
380841
504643
428112
368267
410208
148135
92113
297529
97741
143677
407409
476773
96081
185588
384223
184637
128062
39276
180306
265555
58671
405382
426496
356666
36592
207006
424825
118201
326898
296278
455759
167109
18375
260490
327267
166543
397640
127131
324723
408966
215415
229966
387975
14036
377651
354636
184102
104984
258719
15862
137259
513721
40261
510831
309414
435881
169776
383390
267183
59961
156193
397444
420678
393011
490778
150666
356649
283773
257410
254734
143544
416508
245168
479200
239524
274411
26153
137394
474250
77499
259224
331358
177031
207140
66881
312058
448578
528217
426582
18485
339697
509609
518552
54719
71121
345477
375476
344961
55086
533255
399750
146037
129032
131914
8842
381689
112329
529569
174315
100499
42034
239418
129498
465842
504746
482386
363613
500168
112185
353351
56649
494884
262880
120135
333038
352649
278006
245035
125572
37444
467177
91389
234669
210750
371583
517895
524208
108390
468245
204010
111270
371732
64490
117067
39179
267656
268312
383079
455734
56063
236544
147375
38823
96853
85799
250690
334683
448967
135429
516052
43023
495329
144466
253950
235690
181622
477936
153127
134483
145779
90700
117819
73415
409676
150807
228670
500008
193875
94166
44214
315455
458024
144605
161703
205662
221556
402823
278749
268828
498222
413239
488671
351183
255495
312869
116627
408920
272103
338331
264317
465196
123833
429325
121515
497882
505772
81587
33621
336484
453467
159878
342271
510926
510795
244037
238053
31716
256756
450380
490821
182419
38440
357744
266401
11427
192037
292895
373267
417531
499085
29879
284003
229670
79754
527175
418111
205928
493068
161306
236606
185064
275520
19477
494237
490705
466398
303402
398983
456877
274638
514980
203657
423295
228996
511020
454523
347220
76257
138832
504148
355481
62827
170888
341544
342396
416473
16396
140212
155268
359426
395304
303833
529607
289071
27011
528678
92925
144086
430995
76308
66885
497093
163354
464824
284845
39150
231463
1214
389095
422557
222389
412550
430914
424790
85723
308569
456241
110576
66062
173426
288006
309576
328214
377780
267493
469915
409146
471854
342764
315096
520437
203541
233567
205397
395147
72074
231772
433377
398028
150436
89302
38549
250824
53592
188961
87271
27826
170038
328347
320920
83599
57944
428693
1844
263101
375183
169937
71619
387326
395253
531868
137213
178114
213826
511954
201456
151154
379608
398846
106923
123646
315005
197418
358107
166248
134879
74932
105249
115314
391581
268692
174287
130406
261668
530780
420616
36269
216465
158333
405963
271941
140227
42091
492744
336226
376245
447116
484248
76312
359102
25528
468657
520425
330844
312293
344139
319815
493399
402713
491661
513235
23201
52335
34944
250442
313171
345996
514996
92152
500414
77832
305869
199847
319986
512392
519440
396627
497803
263235
369714
35462
68873
80247
206947
386811
443698
311261
225028
14859
348907
423096
366978
268057
73951
35616
15142
511727
115363
277730
136342
445351
302406
452517
273216
292263
377749
153138
48112
72402
525645
364348
395841
110017
11527
5398
168111
27658
220445
370730
128805
364604
529765
365642
255554
384702
431264
484984
182679
432543
460844
286995
371200
221419
460041
103388
30873
397921
517308
180576
168108
243946
526715
275180
435982
178467
440911
437906
326185
509554
481131
133960
506267
145811
177699
19216
271031
152076
105402
189609
444751
13941
194323
196633
115691
486758
522591
279219
81837
14890
522559
219506
454123
451016
182198
426171
501465
149293
253733
231831
260703
487731
202825
270519
120771
356631
356436
212699
417122
313415
477497
414452
198272
165944
503112
288182
432256
510973
3265
279032
17910
263185
281016
20693
233469
306742
197825
84731
409751
351003
434690
526402
313370
71238
42364
248680
143113
223013
477580
137222
423114
100269
302635
150780
471638
111967
138046
354967
86132
532194
72751
532756
294647
254321
82750
144444
429296
130124
288394
194912
337974
78314
465974
490974
64327
465035
420695
527655
291775
410674
315668
183201
209462
98546
177039
282805
99903
233710
532549
449133
404106
152782
119694
216221
462987
101863
379841
155127
530858
435707
359184
163067
527066
9580
80764
509482
528713
485167
440728
321083
102712
338191
126417
25393
114254
235492
371892
16521
82252
427653
185517
36202
418962
237459
310650
353226
175433
492089
369625
29874
310136
216628
367251
261546
192268
30277
425463
135082
230568
294186
389739
503476
455276
408641
3144
77115
300852
74724
362121
379192
227003
170735
49569
391781
37028
500207
120347
311978
443224
100246
400877
70352
334824
340982
202296
166525
440646
264768
104439
151421
8086
463499
428105
306089
520944
58902
456617
297230
335778
214854
62432
492720
214750
308280
4185
456840
391921
371172
207781
500795
393817
96834
305783
364521
360622
176045
236438
33776
214802
445770
334948
214307
490090
150748
100402
334169
3983
287257
283894
140263
303847
433756
260075
95722
296384
357600
195760
457716
311845
427321
300603
71941
520961
338421
240143
282440
314917
28926
492454
240215
367228
251852
256961
297672
195755
345217
33315
398947
237278
65815
147540
8034
43948
109383
217714
95617
225623
131393
447349
55627
216171
496204
530015
504109
532994
41756
516100
210376
221146
280636
43355
130774
357127
6731
361772
64896
359935
455269
181267
386386
263131
133236
251433
151951
139363
345024
384138
465375
50585
438949
485300
345427
15151
179736
83040
197243
248737
43377
405264
84293
436298
225328
8131
104341
142798
250213
172386
91861
350286
533161
89508
184138
507389
452781
474045
86149
513338
444404
83326
327334
31633
223759
37126
114348
175020
317194
39694
41107
249865
98722
380129
157491
337881
196812
466576
304181
89856
51620
494645
90319
235524
532846
489912
8267
504897
470345
224597
261067
135052
447011
120871
449818
243470
443006
527162
243590
157315
499098
281845
48705
303618
461142
463902
8590
73753
479498
509680
174076
270125
161160
34120
239329
377644
38250
353655
212155
457213
116752
361428
499658
338345
371964
36465
417452
502988
132934
140132
193800
423193
165557
390437
217972
80397
7208
395916
65262
287054
492462
426738
52680
140925
24174
94631
222096
355719
510952
13826
406305
479233
512902
349248
149578
227044
144417
258610
467861
180220
73700
286524
118375
386083
403046
278488
148780
443788
298762
329437
394594
519711
463866
47026
139287
424134
116686
251609
203246
160236
328619
188283
272272
118678
214754
471881
502320
183035
442182
180292
495716
416236
244769
272839
295738
51825
182626
415646
432345
353858
288775
200245
84004
416251
492728
182881
346665
274346
534902
253576
352270
273532
391735
87646
267427
129356
497075
273407
98504
395794
234863
495570
339694
209022
277208
281914
303637
309275
234939
110751
488984
271609
52741
464310
388180
452255
495471
259757
315083
18647
373820
142964
146290
472063
434889
266322
88652
128126
526685
370444
291993
433810
480323
437214
259250
212429
123829
203714
326258
314514
357402
207209
230163
160948
230764
7291
2046
521237
311702
149219
345085
496871
399583
368984
57904
185463
255849
341812
147301
475446
404710
59314
368241
398570
248253
118075
408348
489935
233365
406609
132557
397038
24957
290676
187212
34502
26961
361233
283749
212324
77505
465699
78142
183049
349910
379407
486532
229861
197932
334393
140119
441593
417229
13455
139915
174740
39846
10826
457307
522357
219079
338478
255225
444012
514789
377134
330572
113926
516336
317870
12403
429639
12364
17063
449302
99809
13016
92202
381165
429895
381500
390468
214515
50142
454582
102926
405531
159522
331035
123806
114552
89350
392577
156708
55415
266930
456111
412908
317500
316686
95458
470053
225636
297097
279075
110683
60851
424418
32395
98661
330537
250042
113968
62195
312926
45822
342659
428634
187239
157946
185452
535045
220538
400455
192234
19217
343416
274037
214223
137506
465251
477293
26357
389882
343055
456864
346606
37896
205563
498799
175892
494782
194454
164517
390703
66496
148631
144419
12795
526443
318567
311313
377987
512730
418772
535222
66577
420562
281673
60829
203445
226665
306632
185574
150669
119512
334903
520926
73780
476597
364057
119499
343001
26160
402944
297548
242194
117290
39490
411903
399281
170439
409447
104681
433141
39586
485862
208320
446111
320101
117141
273992
43653
209717
294978
191506
317537
265961
189722
357351
25758
23656
437363
451423
219336
271396
419904
330308
517035
8115
433434
213745
206670
534116
12984
248730
531112
3805
114879
206468
298716
107529
88921
270041
111786
108819
226360
289114
66701
52
419859
87090
71717
130053
345443
118446
409066
42551
169283
32697
153354
139009
30908
110961
169454
289769
314004
59340
374747
444330
301113
231443
72322
470112
97524
40650
158136
87354
53007
349169
476504
431358
74094
236077
62934
257609
170369
237629
237707
17540
430043
268385
269471
218862
220020
382878
357626
136642
242729
228465
412086
340229
418309
248973
141429
38797
346292
120700
310579
402627
294403
441695
286756
273746
155862
264805
367647
515105
336827
161000
185068
306002
398907
381188
238236
135025
529575
272944
204184
342900
240489
122067
75722
224434
236000
472763
115206
197415
114447
69961
193166
190140
383493
257
17067
231572
466702
278050
410429
177556
508480
393940
49363
297888
61614
426643
114375
152467
84170
3793
1007
349675
78734
443489
47765
196675
346388
201510
176421
474387
234096
479945
193042
502079
438012
73348
374456
200308
342664
446486
129257
241273
236023
81295
421025
240745
263664
400286
23497
161423
384808
137612
125656
352462
390305
167408
518575
74396
314768
213770
345367
259411
420045
454603
307614
242109
100054
391774
119479
82073
282642
469225
93118
387359
133655
351123
524240
451811
53944
172279
331070
192982
464090
460467
62457
16990
402392
199147
64880
39283
281483
2816
52609
98676
420528
63254
170764
20408
406674
516089
127740
78286
303776
395417
472427
407708
185597
212678
231998
522338
140522
499226
59529
393758
84729
404049
363589
428906
390334
124523
162591
445873
417749
448216
246421
225207
185131
47351
25047
184844
100111
307813
268925
253022
92452
431742
389362
170780
292729
303551
80774
250948
182236
167882
32389
44436
156406
400210
52126
368529
106784
405012
394385
139849
198208
230913
457477
432276
491753
361003
406136
297286
461171
486325
104658
492359
216273
71186
307184
63835
417186
121094
428968
385100
462973
330700
43450
495759
216997
153237
425280
419684
398729
230659
287711
69238
263589
235894
320185
73358
21193
321335
24293
50723
158419
216473
196489
334384
39832
493627
387520
133839
48281
102445
249886
43158
203799
458325
519713
257834
85045
268187
75616
54503
485072
508607
43642
464748
333642
217984
97004
31223
182027
502354
86769
397351
359538
269113
11966
521667
423609
383890
44573
48321
44441
72968
205309
79145
98050
258951
315144
99865
229686
59393
441467
327361
53888
406882
410790
102164
524405
143240
197151
191828
117488
268382
383055
164123
257706
498898
290281
106070
33321
421440
93206
492289
95880
306442
307624
106182
227272
485777
189418
453396
322661
363175
239465
506663
397043
59552
4281
323940
162739
299511
431346
107847
106345
32526
456668
467599
508549
253800
328766
217268
194148
349035
157949
146136
508515
364523
346771
191851
404112
272829
76618
376068
234492
369598
70531
293882
483121
199628
169242
387010
496831
486015
99015
354509
293996
183080
305301
168624
129434
27388
485963
140658
166594
264361
314677
475518
163322
355757
241928
328830
77852
482149
238091
298131
359343
362567
30200
89342
268573
395000
188245
260238
34519
465278
170380
289645
435979
430523
164218
10813
8933
321210
408903
338177
401399
303917
177511
177203
239153
134259
446852
121199
152281
130383
306413
241054
33469
400590
442231
370157
419082
505402
482360
211172
271317
405624
382719
102213
33983
321900
465678
323020
304986
482025
189962
15749
69892
307857
486149
318816
399674
244022
45166
163870
385691
4022
477261
356677
455378
439724
516171
512848
351546
424109
173495
315682
273201
332812
200193
73080
512548
409351
368387
278417
422595
253271
206808
508463
11210
287733
102372
527043
353477
271681
5423
452984
319290
2510
239655
405924
165567
292603
316122
506060
282005
363934
487778
125503
89418
119781
99756
381551
413801
248628
292489
249981
281691
4930
511824
502184
430271
482731
273358
77986
238398
495676
357234
205627
293004
5210
479943
95128
397263
520471
250247
58291
84239
272947
56963
523310
516396
481828
328973
194131
252055
275206
229611
166807
139395
238571
4021
173308
283262
180634
207319
373469
535684
124477
261868
372664
2712
218847
224533
261781
287271
148254
185542
37709
457403
227388
122184
140276
191363
258245
298257
407696
363550
458122
463891
130872
356265
19571
523393
362731
291982
482739
285616
8117
501044
512256
289477
320948
480300
237106
510259
41706
257380
109277
283538
52480
320930
399534
41621
51106
204290
354538
269657
346478
293881
130058
254547
391091
297401
495681
9218
