265153
133946
437913
301180
354481
29582
158150
132539
514250
257731
13557
49476
315756
202244
515835
304220
349333
270740
375342
519540
531812
474865
67475
451980
37032
210018
100439
156852
485928
367674
37890
43802
11438
17214
472416
280371
372833
465419
400447
369683
190317
289077
507900
416105
223190
469580
3090
40295
188907
414900
199880
31789
506539
47142
385252
138415
134454
522303
78799
181183
208647
485254
284476
68579
199230
480205
265665
264086
371637
302118
366040
237903
339482
346586
274816
390753
425540
177101
512398
251040
167120
103139
130535
180455
88066
525943
339301
40612
469135
478949
89444
392404
497010
101567
384081
181150
281049
4427
497837
269508
