92672
437912
74369
515649
246862
195853
331593
137256
200262
214107
402894
404177
160637
315642
421748
277776
259915
410916
432370
327443
344187
168496
206775
77836
90801
113118
498264
36959
85664
167465
183914
102510
97405
274201
325270
268746
78394
92913
206269
218742
461754
407016
222291
260590
282349
345360
57681
100024
445007
338445
81050
332167
169096
215210
233262
530385
261629
168748
508141
35315
411632
499321
385855
397974
157046
119719
359899
337177
63124
16291
289855
85332
176003
340571
453513
196437
378173
290076
174884
387010
293894
330271
521704
104881
10317
312977
180715
251002
243251
89994
158897
165071
8393
486318
191499
8335
488432
407166
353112
111142
527032
318111
307049
294380
219642
229523
180749
112481
140446
317656
383639
502302
13646
521947
342401
505457
263602
232459
219775
433767
435732
315426
352215
363153
150996
379118
446924
502449
369954
445677
345470
311890
320380
74820
7261
426843
97851
385467
423995
211892
70948
112329
412480
488050
114935
474232
232956
460632
444954
364216
500344
492488
102146
3420
243478
501532
108706
505788
225183
510289
247109
431683
328344
426382
437652
341508
410362
147991
468932
414184
160704
248486
502004
8645
37232
469854
510537
205035
371308
610
362196
10665
525117
280476
71110
457897
233601
195047
284157
353400
268148
358520
253367
248422
174192
59908
32410
283053
4279
358126
295424
226773
229490
287154
39047
463306
395015
182161
452509
25369
354038
158053
262188
2517
193896
154116
23679
67735
78460
166052
92685
533042
106702
218255
284272
440709
388585
150883
101876
161600
324436
189866
400722
227738
386771
39764
247283
80941
441335
448785
326178
285043
101002
229685
338117
494149
326776
90677
241302
172822
23103
253010
253064
79862
2973
516655
272510
174253
454243
506617
48720
463236
442605
56909
483944
287976
414296
43187
497428
243720
470550
411592
223614
270720
321364
383634
419414
93590
410222
184610
368551
501128
240351
342134
233347
197478
52324
249100
366257
238707
120887
392579
54296
118741
75559
253314
468854
403377
473135
511092
190477
80391
391278
42843
64190
428144
136901
52740
509728
245948
88772
462011
365779
11640
141196
493607
163758
60698
363641
325799
230828
517820
267280
101361
433630
31593
203609
131471
524445
296461
287513
215033
247464
441209
325383
189880
171231
519020
5259
144501
434258
517053
173996
26235
430729
17265
284407
219973
235052
286037
486096
249864
46132
475303
421763
416293
432306
451434
287335
357985
91819
385176
381108
527812
468954
211880
17222
461117
136916
138280
195211
125402
54843
476401
520835
219739
74013
40267
320938
925
397210
41984
194160
387626
67080
4619
444821
424487
424258
139637
416689
326423
421662
131030
162533
101753
502000
472657
296994
117082
433423
158017
1974
189595
9117
373935
166419
433224
224509
151059
497258
444730
338783
121316
232808
244999
441990
39935
342559
535958
37581
485918
457694
507598
204339
268080
193236
332857
311370
28270
412260
94960
103650
309911
527573
374317
39429
459473
382317
156929
459187
129709
418096
111267
391701
172346
71954
17787
115721
294829
478634
96297
328673
335229
311423
81018
75996
532628
321400
4587
244082
110686
92419
349530
79443
361840
308441
385884
60045
462225
167464
131336
310883
427766
314376
367167
425126
499919
241211
137489
58680
359664
25467
111638
458711
160296
498232
406419
207781
328702
151193
460602
276979
159666
62602
158156
200776
109498
129962
374409
501168
89755
287930
264083
35322
366901
133623
452654
434882
258760
409146
91399
33371
146897
525612
202683
10993
115972
60043
504511
73260
124033
31439
377342
260412
386688
92468
48272
392061
211820
373563
279369
159371
367992
144864
43581
404079
125241
299987
6240
203706
268651
267757
380055
239874
79538
354494
430768
460242
269735
232644
246888
216501
431043
368916
134347
72661
181387
95182
348834
67043
424464
407983
401374
469004
43032
288724
368177
86193
347838
84091
409347
334175
225859
435317
158419
223789
279739
181196
320707
237444
510391
291148
480303
440033
98088
217006
324343
330926
106855
339437
454817
125663
273142
459736
358919
207326
99167
131818
350713
228733
262511
388304
457922
517770
78001
514332
253541
284821
421702
240795
245154
535118
115269
489043
478189
137625
248797
266848
500838
351701
253733
358440
49272
146195
183829
154650
518416
293265
208425
416015
367383
277631
330554
518667
166100
114324
335984
496286
340198
156930
95887
123174
472965
159495
27497
517404
280451
383278
276072
81248
95569
248209
126250
299101
409606
54410
95731
318787
101016
481745
33556
491171
382809
236554
306086
514903
427909
114426
457692
183323
487073
185576
405504
433003
322316
534218
378632
330167
449231
503866
251881
120818
229958
256619
512959
195297
308526
358655
114494
372506
55533
17384
65412
132507
398117
264309
461806
437222
426056
232230
332462
501649
497816
365703
41516
39171
9252
200036
69173
378441
98799
160034
224317
235501
189971
320985
193824
84247
531788
489367
383746
188176
401093
18077
34189
67094
177732
421340
487212
33168
488689
320345
444647
220372
404001
347597
474417
370038
308637
376699
110755
479090
416301
71464
358044
210133
294674
395992
90281
326653
88480
286969
352966
253221
471947
51638
329221
288627
151121
357926
30524
226090
378344
98035
368806
234647
48541
317761
517635
520311
298155
484193
213875
457803
443691
308224
515209
326666
51044
495849
426957
275780
261097
35001
190304
333498
158326
366991
446470
220232
261342
64941
315333
21707
91306
83072
198634
490905
460537
267428
384606
81284
60541
513589
357339
410922
274665
423471
24902
252066
424813
414414
45313
166573
454351
371901
31895
428053
302802
89568
347730
519924
342300
97057
128909
452474
224340
418609
429688
306732
504916
473781
324084
266362
143103
363277
386201
242652
9702
355443
498428
471739
55156
499905
304456
358892
449312
62796
224592
95161
36137
511401
246876
180375
515435
350796
110461
260250
483229
81195
423276
343540
59442
303162
227217
385844
428453
289943
396440
508778
204160
230713
522998
188102
371013
324939
75444
162269
351902
508876
219290
304866
145220
126737
247683
93959
329436
69578
519585
324896
181376
409320
470306
143794
207990
337971
247041
287532
72253
382852
496967
72129
182823
301684
137815
313542
161920
70133
362583
307825
501591
34630
206256
484105
483582
305043
301283
457505
403321
441697
200246
84397
18642
189798
142705
8024
265855
337017
144638
47446
196481
393481
511266
91745
382206
514440
187895
182140
446880
281998
228341
270380
99784
471950
103741
79331
133871
466052
184805
247677
290681
80289
258885
410026
279672
247815
284955
76594
241698
15032
270165
366792
223598
57533
488041
135901
127953
407894
373576
279232
195116
134798
118418
157219
463728
232075
29375
127665
212378
3919
442635
185546
4064
607
226896
291953
473177
295014
18627
197193
336632
343831
73805
174581
509617
111928
1720
410112
439447
467122
279233
211110
302610
151373
420239
387888
178098
434961
90685
25866
254176
75605
307230
154584
24716
116780
111435
150160
142831
196450
425265
234681
79968
519238
389312
296681
310500
26852
245298
414151
493108
113365
193201
122661
28307
425217
430497
147445
88510
481633
309539
73008
170127
280039
265664
158573
399661
115847
512409
472056
360869
144703
138516
89128
253866
316361
275246
88263
168313
156421
324776
123269
104576
66271
409838
410775
464342
319431
363891
248540
436913
124136
483512
503025
151903
325040
435556
479699
233008
307164
150851
369030
215702
359530
39820
83403
430626
509199
313724
518393
212993
34523
369251
240663
452458
131440
77413
490074
297293
395954
533138
72203
280535
472821
532655
315458
281029
89348
226363
255999
227894
58619
416376
494780
73256
423245
369829
417473
170531
473297
465468
385273
520462
399791
230528
174355
359371
403914
321951
82088
319731
419228
40847
131502
3762
261081
166990
204832
361432
455399
200761
105833
103766
493127
378346
135309
236450
24446
147387
32651
116488
218342
228408
444741
443778
476946
484940
500301
70722
105019
434165
467080
411427
4643
137743
179038
316929
272167
63853
458967
481030
500612
393425
511460
72959
101099
497755
321897
340721
119750
94175
33315
59984
395837
106776
85342
226877
126308
245139
471841
269205
6303
75112
94713
208138
358748
272147
468280
325349
247348
47184
92670
329017
154831
66664
205757
223198
431217
175425
389447
236244
342386
395901
448972
124709
54101
432269
212948
401390
469024
516090
413371
370944
483119
149791
40181
256566
338938
15261
197525
125320
70873
274022
98147
124997
426933
339566
175797
303048
367814
55250
102069
340527
337785
414661
244488
334796
370797
499052
230874
35572
392175
400024
320964
133643
385851
78102
248248
397134
229240
321661
92888
237394
157650
117890
162153
140553
307141
391102
230125
482014
198946
376545
49674
390315
6192
463461
167466
170993
51854
133206
487257
65782
114315
107596
53117
130293
237488
159104
103259
325519
379307
118862
367515
261047
188596
162553
143436
506886
258444
448147
268439
430433
208162
24105
283796
395526
426361
212472
263021
438592
175608
193831
218762
357708
417894
412115
500869
314615
289372
74007
477663
47845
437029
438673
364470
110685
52039
86961
452579
260321
50569
76084
73033
345533
222049
8498
235233
335697
490057
149429
167151
269947
348647
337181
589
214816
369754
292030
480740
304547
286730
371255
374797
150476
17329
120673
230688
376409
437880
499204
100449
298164
507619
481772
397015
74091
457238
127731
173958
127571
356651
524602
260862
142824
425566
349430
15498
376989
300279
238859
166867
419164
34795
181931
156730
188154
148738
36327
23334
448395
427283
70356
64463
493236
77086
195674
179608
36335
505280
344311
466144
237524
496119
267389
157474
374545
343884
443440
322889
325698
37659
152316
449184
454211
415462
462029
284499
318514
420446
124262
125369
261316
117330
458724
333607
341412
515568
524360
169082
430573
130619
333255
39666
211990
73570
319950
337298
524655
130937
146343
409814
364581
88017
503623
104574
18296
508130
26865
249247
94444
115062
443415
261951
438750
236472
103628
150352
438181
455488
194979
311327
350291
202672
56860
206537
527294
221057
144511
437201
29914
192978
245987
23019
492495
215628
99906
495328
474153
290077
237254
323709
521035
137572
325680
57335
453807
397335
6217
313573
403063
254573
220478
447419
139804
210243
35426
402611
185655
122804
526341
445315
436130
504973
250746
416973
190275
248339
122167
227212
320857
90057
59436
93171
458625
228515
7573
97946
47239
86150
388208
352910
144668
335170
341653
524762
251196
133266
24806
370956
318926
357313
384106
256639
165095
485765
275749
93907
104523
401115
432858
505423
197393
225758
210495
438124
413923
192257
392085
312484
412709
264985
94274
348287
144217
209303
163285
122640
169197
453510
353317
36423
27170
525130
317930
316090
116196
182460
132182
462476
518215
437111
144801
467252
531629
43273
216520
531272
40541
214798
349159
343588
491865
51923
330182
344832
483226
207662
226340
253621
424368
73219
446271
13921
378872
208017
314535
516448
100986
215044
54817
411270
290
69974
533906
194075
125553
272641
116494
94360
234325
112211
54506
398081
279919
174205
27248
159785
216398
96018
255224
397132
45699
275622
445433
227111
516069
487405
379231
465811
302262
177429
519224
188895
33347
534131
376737
388521
110450
430032
439745
323803
141918
395269
19977
305158
483380
269176
77392
479772
521047
382219
269727
251487
100340
532561
53610
434476
108616
293181
159841
224992
305190
493671
357158
435567
206283
98362
414992
220476
481733
140942
27049
147199
398027
98143
500752
368807
381855
525917
501146
501707
288172
261656
523257
427969
400794
166529
473791
251194
465897
80400
419264
109743
525387
372210
353147
416907
245979
279162
303042
248
362167
323339
327927
50853
110835
428985
532145
32360
28775
103220
154355
534720
247257
442496
38046
387681
21599
479524
85967
392917
437320
177709
79772
301311
420028
518588
1542
62836
115586
159009
69316
225646
498560
127012
162220
54271
173057
404548
285173
138114
402998
452237
249086
579
91010
398167
375268
176149
91562
288538
264270
150275
8198
206469
153580
205355
131680
32576
172160
425249
342675
312453
436228
455538
64174
223667
421642
524646
531885
77873
148797
330292
407788
67123
82093
136812
529705
479765
291447
145066
367007
179785
211759
52402
508428
274865
260446
216796
231407
280918
520221
468345
529874
402445
413838
90220
318315
274007
432003
323131
489183
222074
492043
480383
317962
64496
452741
72737
266407
191240
297011
239589
525468
64170
328790
452447
39795
89432
484295
34220
73138
521268
457810
16242
495375
459743
1343
382491
480590
387044
264189
21548
15384
72113
297222
72831
1390
433118
383459
44487
374308
285890
96865
325977
36863
34531
499767
468719
2709
479110
237332
122822
36835
9944
252571
365128
161092
144734
389235
294384
364288
502682
20157
260764
33077
455859
373972
454665
207562
168516
201571
383785
110517
511096
501092
51214
277585
186988
401652
306480
533843
353192
239420
417480
209484
379043
450656
184967
511914
498744
323756
320930
224352
464655
44547
459933
241606
135770
387590
120873
92104
397705
282106
384214
375586
414499
60154
345655
421894
101937
125194
38499
432584
60622
513796
42075
129397
324165
132161
87221
439276
211282
411053
30974
466300
418514
339851
211868
216961
477718
201029
343139
387658
219812
322970
133757
51778
99870
11317
264567
96982
420948
385785
132465
65137
64590
441880
222893
315364
515844
313865
444691
85802
161438
259528
527427
305781
190133
221671
12028
512825
417083
345858
98667
402619
357537
297006
272481
266740
195437
377019
139162
324163
248996
455374
362833
189415
80414
287624
335639
4181
257636
54807
23057
468894
464626
5124
338303
517287
371889
80540
353938
326057
117885
116805
167281
341931
234309
514818
189417
119048
341216
74886
419204
240297
138937
332768
520582
470532
147142
155592
155844
423225
327345
306049
470747
260315
508714
250885
516950
319758
216291
43014
458554
517659
168874
447990
532448
317597
254595
365738
138052
310285
352188
158960
92207
160262
510436
91713
509593
116724
505637
42751
517979
532642
400815
262898
493595
366875
498572
234912
100108
416848
96070
359692
509547
106142
285830
330846
482248
415225
71979
197800
189713
307668
61311
350069
361200
460816
72573
258261
68292
157848
125173
200145
531552
104432
272800
169355
151223
152294
387999
156067
317904
530089
513513
479959
367862
325616
162660
522564
208447
411395
390690
463803
294919
466950
69762
67465
461249
180627
72719
397667
295988
302101
135667
432521
486738
146552
448608
247238
9207
322097
484661
27840
325379
83746
292687
225762
456318
514817
34392
449260
330442
121817
485059
464272
209109
176041
248837
439189
308411
226233
166149
498613
226742
527479
486600
100843
225472
487485
377439
371685
315310
222422
426240
325858
500762
123212
56606
51037
181787
102051
475938
356364
62890
63661
408986
402244
483579
258036
334948
317471
370539
319510
383375
180928
480319
290829
13958
281151
164798
223827
136113
150489
506042
526158
391745
17855
4205
282738
487144
75620
93679
475673
212713
246658
441450
227811
161836
268456
191226
267634
468425
349444
427393
104769
215861
260236
133834
254889
365604
320909
282981
433816
10876
55812
279164
346541
380757
256590
380437
358722
194072
234807
426342
231823
95388
186830
143251
314663
466172
309714
111501
211096
429108
81579
456707
218699
300869
429810
137229
61817
511752
192854
175552
417945
56907
510356
80521
442070
353623
349548
273053
514543
268487
395254
362364
214987
63224
522289
418034
344301
293252
427197
122328
411544
406977
441997
99538
395668
205742
123584
255525
111065
228473
85906
19425
159462
250917
189920
260645
142042
245990
442453
271182
37568
502738
495705
214835
463888
490142
253220
380035
299627
381142
98580
316152
290210
349010
406598
156418
436192
290948
227117
403288
154304
519201
210159
129414
280801
209037
386492
39221
151400
146445
256417
111628
332251
487809
360162
374593
515807
230784
374635
119806
193164
73758
255538
139262
341773
341877
265479
495887
448842
516986
179562
184807
78938
535185
165389
459756
228946
26088
43193
151336
215746
420093
270218
524739
185888
247511
152498
187285
98411
12461
432598
15376
302493
303388
300181
351057
21774
281397
344037
434942
415240
162355
524523
234342
245829
503525
220821
466860
271280
464312
46676
99377
78982
257250
487830
401921
372852
468356
30585
493416
285844
335519
291908
238456
270843
151932
511969
268794
478974
361615
209785
277283
48101
212180
299848
105267
273106
219589
161158
206796
304699
145856
143455
502619
127739
218108
89698
203143
89338
216678
260179
100669
34233
58182
164137
175658
488810
170204
44212
182570
392923
517819
481241
500514
435043
533674
182641
482771
503792
42495
386620
484569
464171
101085
344764
4043
112072
142380
144091
448125
345681
39038
490399
420954
511903
201046
450043
132454
180077
133172
125856
386064
297940
10467
485698
175923
345747
227142
480631
342944
432645
72984
442028
461399
31806
105203
90656
163875
475194
38480
230963
141357
90174
86586
220067
223317
66651
142937
530363
451469
435233
367945
312479
170463
132067
457474
11059
527527
331611
352247
327193
499543
349107
112219
56007
493982
242462
459721
240798
465885
310938
513230
197472
354247
121365
39
476568
434364
351961
498095
489597
413587
108056
365805
179368
41616
380229
376379
487039
21250
171982
11408
71929
489557
168409
215913
74422
263425
371187
176810
330979
67143
156262
205419
118486
213270
235358
433108
480220
55238
305300
507455
532864
138761
269837
305612
414664
497584
322065
360200
37992
384901
176780
11481
66586
483859
481720
381364
224483
491477
121711
180213
249514
226834
331458
107206
233443
530260
110064
341403
81349
121977
510148
25164
258387
250027
28103
426420
307012
354989
237238
510779
504039
13849
430635
467949
257788
159670
351917
378797
320190
234251
494281
55226
26431
227772
373828
200241
297524
380997
201032
200069
245491
298227
234662
3407
528650
431978
279221
387949
401261
103171
91155
143326
342989
196931
334737
394939
66115
518657
311412
385300
167734
295522
217297
247923
7778
370641
376348
203789
85238
307326
88126
328642
195846
278071
367643
200609
232479
227208
310724
477569
211313
404172
221764
128491
278080
531109
46036
149205
6541
524225
220187
398456
7950
92911
463018
25913
464913
145157
142151
530856
506600
434529
281203
301733
512280
190260
520012
529170
243520
59834
366989
480733
136887
385825
506048
341409
390983
121191
48732
522630
240551
81241
261145
455001
455516
36255
133103
199835
86428
194202
365945
522253
6720
242138
296650
342453
212477
128652
92532
127410
184524
154724
182458
3633
155757
396680
244301
71933
410269
479130
73958
133828
495952
400409
376582
148514
282490
167216
65185
526665
301532
132058
432542
427997
276660
119011
380259
282547
325206
44958
391851
31982
323188
194040
348113
496292
329575
185743
262250
72862
439402
521066
408276
469704
121464
401332
78494
514278
483313
159762
375667
409402
209748
210535
385349
8292
245994
139877
325236
493209
325437
425239
307539
492775
109147
354397
125971
127511
9202
409119
359347
534419
496389
10975
494345
185482
349931
145254
202503
187418
85189
459484
358939
524286
367244
187868
293148
153490
216022
344027
424639
193779
328156
429231
123400
2190
2993
463166
421846
378678
530082
351381
274571
253779
301389
382028
388292
302055
240460
406755
263977
230146
338574
44784
114273
453944
81650
369057
495206
508541
269504
235026
475284
356586
304192
303690
337050
482926
505326
413060
409295
95038
459714
11669
183718
202463
457509
172826
482141
401926
83270
64823
162004
442368
218903
434799
40818
17572
532003
336086
456964
266289
117901
230407
420905
271887
415847
134842
129295
58323
12580
339789
153765
57435
270265
196951
386958
505769
286243
46810
370090
519396
28891
261537
179724
3968
173957
233646
27649
495994
71356
79923
169419
354781
156034
403007
85167
6294
242057
299600
316461
363567
193729
177261
11400
205517
14885
120209
137153
157197
423134
122376
104013
316480
319542
62329
291023
252281
316276
454319
283943
173850
524342
287412
2287
100168
194911
319611
440983
519022
458970
243803
210901
2750
410484
478507
26201
370132
518199
290004
452251
450054
508208
527341
40602
527901
103062
96401
21688
471141
394075
196509
388634
284189
24493
131380
461828
201464
72637
71962
488789
344115
374980
450681
82604
530290
159197
182741
177803
409229
216741
184946
490845
208565
322690
59565
324697
56694
403865
181823
245683
510338
91665
332414
128393
460635
144648
153443
325091
313501
379617
427029
332107
274564
107085
480895
13602
412341
452984
120260
299957
28767
67574
496780
108112
242278
361765
411856
414103
277899
66965
2138
92981
179973
53769
90645
255449
336384
308605
73670
223616
428120
300967
137277
470947
52209
318064
168959
170207
419836
440234
362325
119985
315734
157022
72707
96734
453139
56577
230975
517174
329683
379740
183939
460289
224489
232020
124728
147633
232733
376603
5320
264894
12283
196652
164561
17843
181215
426082
10469
411455
314990
376260
409202
289939
326502
217127
441779
31727
192299
204818
159299
387597
311017
130277
195984
369308
287675
138827
136421
72889
24139
354100
485160
196232
384963
35945
330560
205759
478331
197971
461044
94288
34942
376534
425999
201104
174356
307272
467719
513125
166518
269076
346505
40747
24217
2640
454432
492317
427757
473026
484320
424238
299244
104840
375616
117705
311442
147641
9307
327850
147335
315166
373930
41643
406114
359906
460458
331562
382953
419797
322578
46390
7365
422170
19029
130643
54950
233218
146418
266772
220568
393470
351939
440892
495686
144789
11776
253453
239311
90620
523885
165848
274047
286807
126899
268994
367188
417172
531864
17896
393551
464509
504666
438946
385067
43225
48042
448699
339284
42527
314813
418194
345298
497653
159691
391978
34977
208547
22597
209107
171049
252058
506852
237255
140614
388064
307188
241161
507182
377968
41698
160051
10312
226861
281728
87583
493244
69975
432192
492105
472070
477218
179982
242487
429315
169826
495227
373564
395538
357358
467107
27746
422900
291241
40519
483453
29416
381763
448025
206186
494019
244736
529584
295704
512534
121468
325521
147176
456509
331043
429796
388472
504675
204711
49758
107326
129547
41190
120131
431111
327532
246434
527769
372774
514632
288509
88208
15744
337544
532424
254140
360611
428282
174898
200588
193219
488340
161332
472404
1706
149305
379658
294534
511535
490723
417631
304355
21510
222395
182221
27631
261177
421624
225716
43738
233348
306938
297277
307618
318386
2210
218853
503326
95931
521285
228914
189051
485916
169154
454164
415434
164432
88593
423876
209584
365610
71208
422298
179540
22669
286934
172742
487377
267152
4128
229465
275355
137055
518570
416687
534321
419907
318083
214552
470755
344448
417773
388500
445657
320410
216221
262923
510756
434763
374229
111864
283436
21042
377998
6790
57137
366739
491836
98489
23482
487367
354317
290053
399511
345864
395229
342044
4729
316511
115317
417702
5925
144632
526237
133840
478468
495901
485342
333335
450079
231448
409587
525202
58295
184056
261095
359081
183251
83577
519083
3445
249433
53397
80930
114037
16526
121072
467353
204852
492196
203497
185063
48906
391225
189701
148943
27778
102395
19709
532086
397428
393994
439405
114747
432388
93931
217367
320758
31259
158088
393852
462638
320645
510164
474889
47738
398928
100050
388167
327587
287656
15890
493817
530939
165773
257384
304872
202156
151837
19069
368676
218799
260560
325831
523833
253042
166957
58493
475683
535768
312349
449991
160377
362210
181951
265996
276641
216841
29517
349700
49339
423478
447911
499146
480359
85168
328267
18208
284004
130196
212710
368781
134586
238851
243643
246492
19306
40012
154397
70124
472377
224702
148599
192152
263877
263874
277051
422816
406867
308809
161066
115991
110150
139345
78765
267735
430206
142574
328353
151519
496179
47177
511769
496411
382717
2362
106293
99375
351203
360652
25504
43250
454904
188623
425664
347078
390870
301249
475180
282483
360037
350676
459611
269530
293726
316503
299707
479599
55317
338201
39153
511033
15893
400531
452657
10507
405696
150371
255002
497233
489850
263917
339361
484538
218245
189823
434890
356754
453047
250332
101570
433774
224950
316514
268337
293771
90196
233291
297715
431876
145429
58434
245353
66354
306327
472151
52046
509992
434776
518702
231087
301331
178829
71646
350793
119161
134098
4790
476477
419713
130290
464813
223468
323895
58419
423275
171362
469739
171884
519728
403347
152078
514772
269047
151833
66494
239027
159504
191761
416003
60982
138789
12592
497320
475203
401480
215430
205448
155512
314860
62649
382316
242528
46559
55479
290263
21910
419928
347304
93769
526224
113580
222548
405528
54367
44153
422182
45515
515551
486231
425061
280429
20895
463044
471883
153252
293523
354270
95905
2501
140350
530345
294998
409594
51145
362842
494627
171547
36250
534325
293694
200360
177083
337594
86735
229241
224860
465772
473479
124265
282922
72786
28069
6278
470639
67150
496031
307226
418589
235023
420686
66316
238589
158505
492006
411214
284700
474856
318346
161736
151211
233556
101980
132278
305533
223085
408247
363213
330588
35277
420375
295035
206902
396918
270767
362481
8177
190642
146201
253833
68881
96290
522682
39811
223738
108998
140521
483041
191372
374347
226778
255828
532857
161701
295677
361114
26120
456171
183912
15838
241138
469570
385908
53234
244711
263395
253591
474173
290437
239045
144662
452986
346365
392911
468192
495517
253922
214944
463840
474322
443548
336088
511705
430173
72136
325423
468760
338081
510466
376441
341869
157143
127703
49810
21996
359908
281550
395473
455354
434426
230890
231464
79903
328797
276146
469976
407326
237829
233674
86271
10588
235515
192827
214358
335302
392210
148987
339428
484040
263869
363825
325928
78308
425114
234732
65224
222404
62102
22907
89333
282809
208511
223506
70562
107808
121049
279611
117200
515080
323135
428225
328824
495410
384104
138486
426520
498235
451487
518188
395902
350692
169968
478671
215636
452192
19274
21531
448265
284682
436
73344
24120
355256
458465
30994
475965
493211
381772
116673
443004
380416
258220
309142
251077
70347
135189
267261
88300
133590
54999
374899
24290
334750
434019
470101
28581
319954
366336
15243
289029
155206
81147
526674
28113
85231
266473
464460
29828
117788
158274
105975
223335
309721
325504
429743
452383
313983
33539
401116
509288
501798
38611
225749
4352
68291
107193
426452
379646
387842
454995
389916
269873
285867
237743
114687
153994
77406
457333
250271
206026
478171
220247
371125
476305
494676
124805
300036
429833
107385
284297
351906
145898
427171
211311
199447
423148
430050
64079
437780
91907
252753
237994
433486
106873
447147
501970
328317
102430
24094
315479
144756
191744
25858
459610
177267
367434
499083
85726
378335
527699
531154
297424
67703
157899
19170
215941
76184
126319
453588
326636
437539
160032
385074
292549
59250
340165
236167
220266
313735
80326
247938
210137
497234
509903
463394
126012
410145
485991
65600
494488
341011
12985
509690
306321
164219
479435
230683
3942
244986
236494
97753
191962
458364
303390
438036
425407
67885
250671
447467
258505
377287
156024
388802
103678
13233
223146
382845
342723
504815
312328
397297
162386
233631
390782
384917
105644
526929
143480
469088
328033
516281
357919
363086
339983
464370
434222
520944
28791
23927
346037
348808
129019
347518
426828
333096
160252
173569
481299
162778
342690
212113
76434
148030
381475
34417
459497
10571
19149
488746
264664
307822
514313
353257
226189
50131
510403
413325
301816
161857
346343
100063
34940
93991
95111
473091
469058
390351
517383
365191
225285
385689
194853
422957
78566
309892
520089
477955
437609
302976
428360
300299
103227
429300
382305
371643
152789
136646
482607
482348
258199
449287
246637
89757
459362
445693
353826
171561
60591
85868
253597
410037
344655
42952
295314
279762
195819
123148
506381
297327
8700
23750
246336
175002
277496
103507
88704
271129
496554
510041
405524
298242
313568
458154
459229
524128
265164
385895
16170
188289
254930
377313
194064
142002
149847
159678
362179
286375
404056
104499
495333
222081
473246
192981
535136
524625
451441
206337
335169
84285
178722
448085
428299
442394
101110
420706
155842
221758
268374
316734
219583
126504
10925
105501
131864
373328
267966
101907
99120
447362
412289
530400
302154
12053
465557
364651
410666
201261
250823
178892
166064
397354
358348
401748
456595
534359
490507
104092
394165
66672
472951
425596
17176
411876
371640
381466
27077
445147
161681
331156
58871
51017
150232
335999
455604
288022
450446
16195
136311
132749
360815
363855
276257
8326
535021
126479
526234
102113
401139
363008
388326
106061
317903
391049
290248
398045
396059
179669
532821
463473
497616
347536
165767
129119
311548
440778
180054
190479
355721
187875
382659
276965
220497
51441
292232
274113
140085
227051
444278
361830
330934
252150
17859
453205
5937
42745
6429
511309
371683
480914
391868
504384
173918
181451
524136
166103
204780
534118
122981
303257
455668
216986
214031
153966
495954
316893
206502
190351
239637
209543
18942
529400
149558
417215
430910
44289
144653
171449
434612
435331
241962
192511
10732
343968
161762
418842
443639
528970
329033
32459
197672
478647
466896
401932
132022
25074
126887
463286
489849
117072
185543
395873
500583
196310
44431
352357
83252
127900
399211
476682
289001
124938
161942
183168
515759
516207
163625
498742
473531
480494
440496
450934
331483
161129
251842
150662
244562
379975
264136
360881
495974
71440
406652
409626
71488
317554
474491
529831
69409
485840
115979
528474
324532
309850
224822
290373
133186
480493
1026
131052
70745
207895
112267
345253
152330
419448
85667
263683
34402
282442
218559
87748
286801
339745
217519
71221
52126
501531
81461
366164
443647
9051
333826
465528
375580
484167
270411
412167
5535
354726
127228
58683
31906
527487
300071
129795
525293
12955
519331
342057
524216
14097
425631
191006
82211
396493
359994
334356
174144
223776
91896
249892
416563
13458
333045
130123
268758
341799
480332
98486
146327
411780
85209
38088
135942
231572
221094
250646
214602
379331
48830
89498
298751
309559
469468
8936
24058
373169
531011
28014
380910
441668
299006
320562
83508
243948
197148
4048
502147
366080
247936
113640
468761
486746
474429
143231
442969
433085
4956
449623
367071
220355
171556
322239
375361
304506
405480
174948
251958
31389
425279
317375
528382
398389
190243
193383
83321
363883
215084
304658
395022
98578
95588
254291
495028
129411
154662
391538
525512
174262
145391
378887
529800
122881
115094
311385
348674
102695
395041
228747
197754
465212
220720
256821
129633
356134
222805
498858
256195
478842
219866
364070
397308
275970
47613
249927
118725
21958
286563
101702
433167
202474
444444
382220
474601
481171
103185
50510
186676
439712
46265
198220
29220
381996
136068
380028
270987
97852
395357
519636
89752
171983
462695
471601
405778
82436
517136
275904
433845
311940
266057
179277
220488
522545
519959
329920
424312
17459
490973
232196
423849
419296
291672
78160
273045
58049
238756
253658
522068
178844
268123
36710
90638
371243
310308
127839
480323
344243
161750
136196
185538
254739
184884
409346
42665
242958
508552
349365
22306
267955
283567
489705
90960
118271
193243
138263
124044
227037
129578
118134
176506
235375
362467
361334
184957
376295
41752
229649
198234
342449
306644
316053
322077
55153
154631
114731
342966
225104
50707
166724
186763
492520
65184
53579
45781
221371
191342
523847
91185
389212
350524
150315
528466
443335
87543
424961
301514
40733
156711
19697
280562
473443
58546
484944
386715
289227
199939
509880
322123
249895
227943
457
389432
241686
74417
297151
291221
208514
293035
451888
80491
404028
270761
102067
501852
163878
265745
156310
507098
439083
501065
239205
412840
199934
203647
251761
249156
279395
351309
519496
202728
265045
200686
432826
60312
322218
417108
459981
494952
59574
301874
521611
123202
136232
263764
358705
251689
239140
400697
388659
378491
314927
431583
46937
307914
360307
216382
422230
236520
7207
426306
255967
186117
389842
129909
59029
103234
355393
109832
164712
422083
53390
509300
249690
214215
46493
104853
48181
509331
357439
46816
307488
232745
269330
335280
512056
85986
329318
346311
375983
27797
521004
533725
113357
323345
235245
267990
459864
533945
313987
174629
361046
176416
199081
312702
533205
305254
73430
206463
535212
287235
289947
204389
177148
497077
7489
350532
377413
199395
518391
37056
224523
475438
249702
2129
457999
429869
46307
191605
499759
474246
39959
169581
335155
58684
460780
207389
101142
506263
533857
159461
425864
280518
260663
48890
90742
387078
235878
11499
379746
505930
137637
297129
265273
163939
130284
438146
271822
511125
18025
469772
186515
159419
373743
347499
448183
163739
61155
532256
308145
399237
232037
66977
234131
194991
404317
325641
155492
209203
343134
286310
333705
492375
315257
408761
9853
508363
43306
454802
285847
409219
438292
59471
145147
531206
152140
329169
497820
307561
334583
361307
168184
11462
430469
433491
442456
258529
240269
119337
141416
403535
16495
392520
222979
408951
446383
204970
283526
288900
464673
338496
235749
175245
148612
189702
487766
534266
34144
229168
509405
74586
252906
204229
315863
229962
266685
63789
273753
6985
375581
208018
450700
106383
294168
472690
368584
512074
308051
242501
271884
313584
244939
495430
451819
151971
181727
57288
417486
343206
188097
505310
246578
405978
197964
504077
416022
302717
58348
210914
85141
28241
156643
463194
175178
98086
156758
106638
434408
238343
153022
416147
114002
524191
144369
508963
61716
39868
490847
163292
368782
404615
79075
118699
83658
2600
187657
392154
423252
482807
136309
264364
278453
301217
118413
455922
249817
388806
150274
445130
236295
266244
326383
313088
172647
295697
178981
208143
190982
200243
400926
259972
253711
79566
413251
19690
282677
381083
218553
159754
243130
10666
229774
293319
489022
369913
36607
480288
397839
149426
368422
286424
464192
171348
70328
316211
25108
56596
61263
480341
129796
232153
222675
264876
162857
407805
46354
403380
164177
390639
168937
473261
163839
132832
139004
62184
437508
190173
439141
501263
18607
135707
299515
177716
490632
493222
299836
15358
450590
92508
470738
192983
230782
508696
10619
317943
500989
401543
23381
57326
479764
307605
12409
71263
467318
27595
256993
528103
470030
160430
311302
23992
209019
70839
158431
