5637
9624
21955
4658
20748
26161
47821
25801
1091
32199
32183
33988
26492
9242
36314
46625
23300
9522
763
38195
25743
38034
29010
45781
39079
4161
36569
1
39782
10836
48224
50720
16288
20298
34188
10686
9976
33785
18836
32582
7568
5507
1324
26555
23768
2385
13330
46200
9752
13764
23473
42747
1057
50057
7741
44339
38555
9987
19954
20026
31506
31712
7528
27256
44091
262
22388
31667
24074
47442
47693
20674
5027
39844
14139
22312
14009
22740
29443
4220
33270
48221
44057
41227
19664
48084
33771
41084
33042
11470
5625
42498
29895
41091
41549
18851
36166
3079
6775
2011
14762
36182
9422
31331
22125
26806
5306
7674
35303
39301
37136
10293
37605
35638
14738
1054
23264
10699
16125
22828
45986
46477
8571
25964
771
32881
27037
1230
535
20309
43231
48382
11950
41948
47478
15488
10971
22604
35972
44290
50871
609
15398
10
41632
9267
47614
44315
20810
5301
47696
10964
46930
51606
48469
4604
45685
13595
30148
11201
5831
6066
10855
23137
16994
13114
24187
41132
48407
36147
18799
36622
1311
27269
20372
9477
26466
44299
23651
30062
37229
2444
50525
33183
27453
37506
35837
34910
19054
7089
40090
41485
47241
4236
25488
36944
42680
20014
22835
38724
50650
34344
48098
27245
30917
19665
28915
20955
35032
3961
6874
19201
29701
8606
568
44745
47525
32750
33040
32138
8385
1853
49416
19215
25753
27575
26667
28952
2231
1345
6667
7881
25995
46187
19769
42504
34840
7993
19817
47497
839
34148
19997
42998
4058
18310
9174
22625
39037
19443
34144
18382
37262
30690
18363
38697
41993
45099
1339
19547
41574
27238
23447
41594
11915
11975
38919
25676
21792
36378
35511
7783
4785
6419
16365
39470
13913
14289
46609
40178
7973
30465
44263
17258
50717
3069
22881
25440
48439
16479
11807
28663
20150
3179
25153
6178
19158
20792
5422
15970
41968
13328
17191
11937
41878
42126
49571
11302
28172
31660
18332
17838
49067
35726
48264
12472
22463
33324
39515
18081
28083
33529
18849
4427
20766
27277
10901
41032
15023
11095
45383
39214
27979
47466
48327
5663
5016
44710
34480
141
2187
44907
1160
42774
3933
15507
22644
46486
37780
21371
33824
35126
23357
29823
16655
45223
26515
38756
29802
722
23766
13849
1808
5722
12382
43971
39864
45980
11635
9920
16063
35504
25317
46478
8875
25209
28571
22632
4349
32314
24065
32202
8004
47750
18453
36311
29466
20185
33619
43330
37578
5313
19120
44030
5948
45989
3209
15179
45610
20581
37010
10690
33732
35635
31081
469
23929
46389
9583
38674
44469
24020
36269
18516
1870
38935
11927
7206
33121
3230
1234
39202
15724
35057
30245
12688
22807
47406
24449
11311
6203
2643
5040
41314
8059
24279
18879
15775
30913
29791
23487
45394
47797
16560
16059
34892
14485
20191
27991
3482
27038
22380
29544
31795
16457
20475
5288
46471
31106
33666
30718
6664
15374
35625
32159
48099
38100
15191
44585
26703
10647
16911
45645
3331
41241
28634
40807
1218
17987
2567
21411
49045
35749
8646
21257
3838
5670
31791
4859
32814
11137
25507
30600
3127
41344
40629
32653
3459
47585
37436
