14196
49667
21678
5887
28273
5368
42117
15941
14130
49618
46413
27067
44098
46392
12984
3320
6457
8567
25352
43526
38647
30911
41305
7293
34443
15434
22256
42221
9603
28088
43414
19116
22173
33454
44947
44684
49982
50606
3672
10091
22821
45780
9485
45102
1951
23998
17820
3578
37940
25483
26129
35654
26762
40497
4655
40451
46108
36532
9876
37693
15130
10159
9721
47268
13499
31886
46589
3747
48109
8270
16551
12967
31884
30003
37202
42709
33528
48100
42951
40115
5920
38924
46114
6049
27762
25123
3727
45469
24774
42255
19349
45380
45991
20465
29184
10837
9151
39560
36009
6200
35298
13170
26514
34147
17669
15694
12999
50101
43297
29999
13896
420
1605
48822
37971
21583
13972
22127
45656
5979
40483
10231
45834
19988
31256
37833
25660
47861
25960
5429
39616
39570
46611
37377
42233
27745
34174
44465
33038
8303
46688
1805
3407
9730
35164
10604
7777
8182
35883
36271
20361
28053
9024
17032
14195
2918
3242
18172
21059
46330
17807
30842
10935
34975
51530
10940
8934
23496
25726
15334
19748
44969
43593
42676
17291
38836
2999
22141
32407
10058
37525
109
38941
12032
49133
20125
11330
35085
15789
25003
28652
34742
17369
15364
926
2285
32357
33725
49556
4109
20104
47491
8463
24386
19943
289
34750
29476
3028
31427
21473
6621
4234
13104
17409
49884
24172
45671
36634
6235
39331
4110
22989
15416
3876
13656
5677
23822
24845
48713
44083
42657
17174
24058
16075
30356
27671
31045
12895
29909
18414
40062
43422
29613
1048
23034
28762
34622
27027
29057
19213
39143
4457
28446
29378
411
28107
28027
24460
40374
43346
1985
18300
28641
35838
28589
13510
24171
22790
45260
50613
31012
8729
27756
46359
41274
16153
31392
48857
47878
2662
42488
35452
22716
46901
50259
9731
3789
4624
3830
11668
46500
51182
20919
10361
30442
19773
8943
40372
1538
6848
29655
23174
33615
22704
33599
46656
9957
45877
45144
6590
26751
47747
12417
36418
5519
24252
6674
42648
33182
11917
32986
2790
15594
21886
14654
38880
1742
36682
23191
45118
22038
27397
14982
8562
41051
49490
6656
46553
28207
6786
26000
18788
34064
35990
12758
36440
19280
41304
11677
32941
3909
28694
25288
17512
19291
37787
10371
33709
22254
3101
37843
49096
12905
9584
37028
47200
46081
30915
30849
12061
46152
1608
3995
42597
14180
48676
7254
50249
46618
13223
630
28251
19619
30591
8267
36286
25637
3791
4722
28756
8856
24326
50948
38894
46186
31033
43357
16698
13818
35096
27850
49609
20369
19216
4788
562
37870
12676
28138
48875
36433
27416
21496
24007
47086
18720
37991
29005
51382
41564
41495
19963
13256
8929
37096
35649
13225
7305
45728
15683
12927
12004
42989
13232
29357
8193
24353
34702
25704
43787
10513
13177
36255
16301
449
35618
51113
42044
37705
13861
1483
31084
42231
48653
45153
50073
6316
40911
19420
37125
46975
1065
13589
46300
21289
22536
48874
31588
40033
14169
44534
26339
50315
36718
12775
8238
19479
4321
34995
21977
30046
19108
20573
37463
21611
11110
10724
9661
9142
11326
5384
32745
27568
12633
8370
39565
31870
4805
45544
6863
4491
5752
31776
16570
50489
16046
2079
23739
44941
44597
34006
8957
12526
15868
27553
33602
30270
41358
10190
48209
20789
15559
5888
17739
16358
7978
27132
30179
51407
43187
32276
49051
21303
5956
9050
36693
28736
32333
21741
24561
37093
25951
8814
8336
13765
46036
36059
26670
14752
43658
20606
34390
40586
13039
23301
26880
22783
15082
31692
20799
10950
47104
34777
6029
11754
11548
9129
18656
42767
20666
20505
2737
34366
51224
25740
34738
10209
44982
5253
42268
45722
50106
43895
41997
46153
25223
23647
17342
16314
27909
19109
30004
35206
28729
7835
19914
31978
21135
33154
8612
45125
51074
9388
11545
50769
29480
3722
11650
7015
24190
6434
2284
39374
81
5936
51455
44223
6729
41093
42573
34810
3770
4186
30579
41252
21517
49870
40924
10521
28737
26863
43573
1796
11262
5971
3196
37890
108
32368
50938
21637
3881
31922
3117
51346
42179
32156
50417
42019
43134
3755
7780
21555
37931
10324
49147
50300
2403
28630
12520
37027
36993
23325
46738
4532
11532
40000
28242
45069
19142
2716
9176
29263
48334
47968
24372
23553
36047
18286
102
37788
18327
11572
24697
40816
17023
17031
28075
6024
362
6393
7209
46050
12332
50704
41350
40365
13545
2827
12896
34553
21434
4238
13505
17706
4779
9742
46869
30115
33115
22961
28546
44014
2498
7055
10960
51307
20352
44847
49929
3636
30866
13634
19794
30934
44470
44372
39702
5345
23775
50803
49302
42511
10640
35367
18247
7111
37607
46825
35153
18615
45558
16605
28601
24954
18323
51694
37828
17679
11772
10709
41277
3288
27499
23337
2791
11724
12786
38525
8106
4221
16300
11964
36446
47319
22052
45167
50020
34714
45683
14999
23631
8575
37724
35918
43627
11364
37394
51658
32081
10852
44310
31940
48248
39245
3948
4766
3141
41053
49590
42771
1962
37195
24560
18148
11551
44344
20538
25038
42006
20912
740
22373
35111
41079
28873
27708
14886
34293
39638
37497
29282
48357
25709
801
1720
7357
45725
20068
28651
51603
17928
5570
36421
30221
11535
44273
51038
25313
22764
24068
7529
19487
45423
2697
7288
34039
4336
31157
35277
7644
33187
45460
33833
18290
5132
41105
3049
6623
30268
2878
13613
34902
31101
44183
37690
50588
35671
15788
51
51297
1749
47870
39740
13713
17355
37221
979
28911
16643
31536
3964
19355
36516
24175
42015
48112
18597
11958
16185
47978
17709
17166
8769
308
46083
770
6791
37920
24714
49717
8094
17674
39676
31781
10127
1024
35952
8162
48017
34566
15360
10415
19732
15086
27571
2679
21002
38733
51404
27781
9118
20764
33881
4054
4831
15593
34304
14557
33702
47804
12030
35414
17200
47130
44005
30286
26560
2413
43122
5522
26778
44931
11910
12182
25146
28880
22530
29743
24294
42864
4270
14747
907
34791
28636
41299
10146
49381
23578
19427
8873
18348
11935
8572
12631
26373
21470
34726
18837
35188
19901
31120
38791
26477
4594
10029
11627
6197
31827
46383
47989
21989
29400
41240
1156
41919
7391
13721
9547
20841
18521
6829
18941
2004
16888
13888
33646
43427
15743
31417
7016
29076
28920
41230
6536
26782
33225
9439
25289
41195
2043
14993
24804
33653
38292
36828
2628
23498
28523
25570
49319
23856
25350
47149
24432
11025
51252
10885
5325
32618
18385
35576
49100
13372
28935
13502
33544
20749
4571
18166
3645
39234
51534
40690
1629
15558
23075
23299
30594
45914
9779
26343
18449
40778
12293
8641
23832
37980
21129
40173
46917
5352
1379
15506
20269
30578
49502
21598
49480
26996
21919
19573
17293
1755
12494
5032
22455
38109
16090
20892
42844
46371
9796
15166
20401
27148
45527
687
15483
42548
19831
49462
46488
16938
26668
42541
1323
21208
16094
21152
8602
36891
14380
12930
23450
26036
32968
7784
22608
19221
14482
136
39613
28919
35065
35775
35596
48789
21219
7339
22819
27260
21484
44666
12392
33767
11120
18604
30222
13748
8431
26037
35461
37999
5829
24526
18686
10198
39347
10927
7582
36406
24492
18250
371
22512
14218
4585
39534
14225
18997
16396
19637
15106
10627
15117
12219
1528
23738
1393
31257
35047
21054
22392
39226
36193
29870
26513
2154
33510
31630
45105
48598
19852
32308
38172
23721
15774
19125
10258
39346
15716
47366
39514
450
19825
15523
18420
20096
41839
3734
33146
43583
15603
9421
5805
36143
46502
2742
25087
5403
41744
7492
7120
43967
726
5202
14002
24080
31952
23504
39069
16748
29138
39012
27324
15366
37040
43328
28603
33634
12679
47240
28585
19133
11623
48652
12545
35417
39186
25511
50326
37363
3129
23449
9828
3740
24313
44559
5628
49709
44757
9100
13768
28649
17752
20714
18230
20590
30686
28901
13453
18733
9040
50062
41438
42257
46765
48359
39963
18062
32525
31648
1225
15982
41593
27550
12985
3579
16373
37598
18616
26409
19725
14667
29820
23124
15349
34647
2095
20729
6335
14350
8097
830
44144
50463
10003
50994
39096
45540
51006
16427
19453
18967
43946
11060
496
4244
18995
45283
15498
18691
4673
43622
42451
41911
21436
29927
43518
10623
15675
50955
24282
18170
24871
29916
20453
10766
33020
45910
26649
50278
12886
35949
12
46291
8407
37538
8501
1215
36
36535
43499
13615
7501
14378
25379
21707
49443
46968
29027
11007
46636
35300
22283
5940
48451
49607
348
25084
7190
8793
40653
10352
14404
27307
35396
15977
14832
12920
39882
17665
47866
5859
25846
46566
6063
36403
19588
24494
5985
25689
39670
28700
25986
37087
11507
8334
43916
16162
9693
32771
30805
40574
50693
8471
51476
29093
11261
30379
7076
24475
2527
26069
46418
4254
44899
42734
35621
2793
24289
46770
18277
36308
29812
11123
16171
35429
574
30544
10330
1932
33586
13560
45970
13060
48615
42258
13198
21522
28558
10774
3421
43900
28827
19408
35804
8859
10412
1650
8387
45362
1357
38738
37070
10860
18048
37272
14199
21885
47382
2699
29596
24558
7663
48777
16834
26433
35850
30655
34961
25939
40789
27974
47324
43103
43849
33303
33480
23772
36920
41701
33147
24503
43872
46336
37361
17997
9461
36387
38670
31178
19856
2573
50813
11647
13928
1168
44335
37750
19424
176
46199
11370
25734
35165
28347
22811
35891
18727
1440
35398
48214
4732
17717
3549
4201
50424
5904
33242
42930
42713
18796
41861
23358
12259
32290
14661
20046
38612
48801
17431
11753
8630
8124
36265
2114
13141
39042
33173
39893
41717
46018
49184
11951
777
43806
28303
6549
5192
21538
27832
40431
22997
8797
16794
37737
43610
48827
41496
32226
48182
4770
11236
34106
29477
24284
334
24033
32803
19697
19052
1388
6347
39076
6442
9845
3752
1572
45232
35845
13076
45833
47600
30316
13070
39310
30275
7759
19584
22262
3594
2724
43632
46309
18977
33781
36258
13140
24739
47695
8762
44020
49743
32513
5118
49459
26221
16877
25088
43063
31002
43461
11014
26306
46520
21383
29929
24616
33430
49091
7121
50425
46366
16997
1919
14751
6689
32591
28806
31301
16566
11925
27552
33451
16861
28547
7593
34871
46978
29692
45719
44535
32108
45261
20179
40983
4543
2876
29264
50747
12334
919
3922
27017
39165
46458
31565
32232
46202
29879
9268
2138
3733
6087
51249
49011
20582
45282
42305
10097
7920
25924
43375
20407
42189
25085
37872
29383
1383
11756
31594
1565
21562
14723
28673
4638
35025
40623
38962
14441
1554
517
781
27868
23515
11847
18578
2033
4185
22193
13984
27271
9882
10383
32245
33534
28755
2245
41541
3490
31863
49581
44224
28300
42345
19580
29337
6246
24629
34548
39272
34237
26145
44505
25894
39359
6085
29493
10820
30675
31803
41482
2185
5390
22456
14101
24602
26200
20894
21142
37154
23814
47322
44770
27823
35251
12957
30997
29168
33919
45633
8229
30640
4452
17570
9877
48324
4479
5395
28109
40808
35466
34799
49623
31746
1492
14337
41038
26365
22872
32248
14579
46878
46623
25263
9610
15108
5830
48703
48595
30990
48412
39810
36688
43823
15583
42591
49822
47463
1750
29340
6943
48080
32324
29247
5616
50058
17724
28610
36362
8755
43010
11740
31049
33099
44178
47159
19496
49953
30688
28730
46649
21604
9802
19634
43479
4266
44965
49983
633
44549
45769
49739
4461
25429
14058
51260
42123
40403
34962
33918
43160
30622
47369
10814
3266
26798
37441
5906
9131
48954
20043
34898
15396
8935
34533
17579
7382
10401
1093
43808
23744
47985
23828
20916
2609
26652
43591
43287
7266
17248
26445
43412
17532
8920
2808
16843
44775
36267
43345
4960
1699
27847
40572
2960
9122
28267
30764
5018
15673
11527
24585
40919
27221
7801
2459
48135
3751
32572
23016
13329
20006
445
2934
1850
50293
43949
15771
51212
17337
6969
5963
41554
16545
40878
10981
32598
24673
11903
2087
46679
40373
43689
11793
13130
34558
30726
19612
46748
31798
9896
15580
11941
29037
9978
19002
17995
24784
38931
17853
16609
32332
37357
5275
40662
36500
5995
12572
56
50387
638
9732
9648
16480
47711
6688
17328
31676
23305
28980
48969
9273
15619
11986
37623
18306
46744
26844
8208
16120
22801
41258
25608
1891
39287
34110
28357
11562
26345
33494
21114
26936
9453
37617
14162
27011
43910
22861
14505
14809
33572
17473
41524
30208
2928
43926
27772
23509
7484
45808
47137
27882
775
14805
5997
37465
42342
2124
32690
37231
45234
13069
32882
30709
17610
34763
47390
33333
51433
36243
45347
21839
24580
45926
36600
9570
49204
27977
49384
13819
31096
860
30411
16853
50722
42668
12361
7404
10445
47980
4662
30114
22157
6189
24932
43443
36699
30307
17362
44881
9946
8869
48739
9591
21860
28624
48861
32871
40637
41285
14525
31699
7463
18572
38136
39798
43942
32080
6565
21854
50018
26632
34487
6616
45661
34252
39136
30665
21625
47667
19896
25669
29504
41550
47694
14471
20660
44342
43189
2704
43700
14549
30586
51610
31828
37478
37544
43289
42699
34978
6683
10620
50632
49071
12806
10791
9666
2672
11822
8321
27209
3869
43148
27134
21260
21210
19765
980
47977
33625
48307
20148
26838
18056
41095
41792
43271
31383
51100
15966
49194
9700
19590
41286
2129
45012
1613
30698
19862
48092
39162
33344
843
14229
6455
33966
37553
21424
15432
25738
19269
3520
16284
43918
44078
2183
47557
29401
43879
19252
20612
7488
21873
31210
24185
41759
26022
8191
43092
48300
38248
13293
51145
19356
29683
8249
27263
41540
24687
25984
144
48383
10410
34650
48745
35613
51522
1525
40046
35334
51613
23036
9930
41351
6968
22225
14772
48802
48736
12301
43645
26103
11353
4240
15607
34773
22979
5203
39120
26364
38388
17316
32609
34183
15891
19019
27639
13443
20008
45062
8409
25974
36107
5600
47572
27767
37582
35825
22444
35867
6370
16711
47395
12351
40468
3550
13788
27165
35750
14042
29555
1863
24084
24751
1235
19096
3681
38957
43569
26227
37116
36249
46536
28692
17395
42471
2871
15320
47271
32624
35835
47
18810
26947
5619
551
47046
21534
14197
8192
18452
45614
40913
46157
27595
45133
30635
5693
35068
4101
23135
14393
13305
8672
34952
3500
21244
41539
46419
44230
9302
17401
37639
7040
50192
2201
3201
8871
39283
7778
37509
15409
39625
40645
43969
27718
36496
7955
28181
33959
28234
1203
47704
15987
30687
34464
33658
8223
29402
11539
48040
37804
7919
20167
16233
47223
10649
31181
11487
20373
22840
14476
24791
23332
12389
11587
10883
20206
30869
43890
37590
28801
46810
40644
19074
43653
23032
39750
20201
35593
18124
51352
18422
39964
44407
45740
47721
8439
8277
23030
41265
51127
5622
18599
40610
48900
16034
36126
29009
28702
5818
23686
30419
21946
17828
3200
46632
22096
43338
46529
3161
42874
22247
27894
22765
47300
13777
22474
22756
11338
13840
30789
25266
2494
19680
3680
51399
35352
9519
23657
27147
13678
25155
24029
8323
16074
15400
37830
45410
45388
46209
37899
27890
25868
38351
30739
31483
43937
6566
22719
42557
35798
34746
27576
16490
23407
46849
14165
13739
42403
48895
4062
36618
44736
38450
26094
19574
40613
23172
3212
35054
36173
40940
33929
18601
24826
10437
15348
11805
13797
41128
950
51329
20184
3080
25756
3821
10317
17594
37345
50937
41025
46571
39373
3790
36493
44606
22613
10220
51067
5721
43490
34100
41671
43665
37926
32116
10615
35287
6191
39434
30908
8917
38656
27813
49596
15768
51150
22229
21528
37454
11121
2572
45523
45884
9516
1380
10941
23229
41612
46140
7138
28471
25531
22973
20084
25655
8697
36202
12318
5212
20995
14204
20774
28907
25220
19185
5994
34974
20968
26907
14396
1696
5744
21166
4480
43362
2940
50874
46368
18795
406
26586
23749
51639
38535
43975
46925
40928
14705
22651
44807
30512
10357
15939
16723
34957
9655
255
15099
42118
50339
43460
32612
26206
43501
22237
39139
17531
46087
48279
5692
1963
7887
13092
29444
5545
36302
17110
9825
45538
17663
4528
35202
24705
33542
6830
49364
458
43944
21507
45672
34679
41420
13783
19382
41404
47296
14622
51231
44112
34011
43093
15591
49464
33126
1580
28837
21196
37700
26199
32993
12729
2641
47539
27579
47626
21908
26441
47373
41702
16638
36353
40833
40692
25291
22025
23783
39715
9847
48216
44017
9165
43611
4597
48846
1921
24897
10192
2922
39458
48268
27096
21228
5582
884
41070
40528
40912
41393
36075
31230
11830
15077
39448
28428
28668
6072
27675
50158
23577
40116
15295
29616
8049
3692
30153
10765
51255
14651
38483
23817
42686
21420
21085
33302
22682
16424
11656
41654
29071
29185
37877
9931
43135
36417
14110
26379
28484
48093
47358
14320
25837
8037
7281
17385
21115
2335
38283
20289
2466
48962
18044
35036
49550
5379
32681
28011
25854
47765
6975
30244
36982
18427
2366
1875
5915
6155
2496
4989
32194
5881
36738
13919
27062
36145
33894
1507
45853
17984
42652
26335
18388
38094
37042
18218
663
11890
16847
15996
6921
39911
3977
28102
10302
689
7712
19016
11785
37821
46190
42158
12471
21800
7660
45006
26278
19788
39461
15812
22080
34282
4654
33879
14280
25898
37845
883
11876
34034
27554
50236
33558
33652
44650
29440
4128
30388
16142
9857
324
49057
37031
43854
44722
19870
24416
21781
13857
12388
40332
33317
22753
3943
47672
8707
7623
17077
35313
36189
15297
33518
6094
48253
37564
34653
31275
38509
19436
11636
15175
44836
37
12641
26502
32123
31046
12703
4034
33058
191
15613
50316
8136
7934
44781
1804
5698
22976
15708
41576
19918
39773
43530
37389
3548
35631
13587
27285
41444
34753
19163
21037
17751
35765
34111
49321
2357
14227
47733
26350
30691
51222
4136
14976
15624
16023
28554
5671
51612
12613
24193
32483
42798
27798
51081
28582
12730
16223
32061
35904
9750
45086
50686
26288
41194
37429
16987
47499
43845
7626
25527
4439
34833
50292
40553
12101
16519
1535
36119
10187
37486
2409
35939
39623
19018
282
28569
5302
22655
26328
23797
51690
33831
3097
43233
42146
585
21486
12336
11075
13154
50245
50230
35444
14977
14113
18641
1297
49201
27528
33215
44040
32879
17887
39752
10555
44890
27757
1136
9309
19204
49878
31233
49974
50622
17060
18748
21780
48423
43426
12124
46226
32365
7439
11787
4329
22454
44728
46899
14815
34277
4716
34005
6554
3113
35620
44330
27616
49193
15177
23925
17130
39980
22231
18921
28194
32917
13263
15786
24002
3568
24891
50645
39065
24305
22095
46716
3429
43694
27570
45528
26928
17104
12097
359
40025
36536
46414
29814
38062
4387
7379
50743
31402
40806
27949
27880
20291
44075
5814
42562
16596
2730
37728
9035
34167
27885
16077
40281
51170
33815
24662
44462
543
16324
12649
10716
34305
37935
38278
26234
152
30061
1419
776
38443
30378
26049
41215
35476
25613
18905
37592
35643
6527
35242
49803
12440
4048
21652
7816
50307
41880
33136
46151
9133
35088
47234
21003
33803
44094
6032
35436
29677
29829
9194
18425
9264
18990
31513
50950
5921
26962
48623
34849
25586
15923
51615
8477
12747
6224
7969
33862
20733
15437
37225
42045
44734
50040
4003
20588
10249
42872
14635
50374
32257
33736
45697
22106
33651
34279
7668
44231
49344
38011
37420
35751
13325
48522
13786
44326
33034
16721
3293
30824
17845
19131
46395
16586
16027
17959
34525
29086
31426
16175
2879
27943
8937
37581
10394
37574
619
3073
46998
4520
29094
34628
8551
13384
17302
1494
21525
12788
40304
37103
43342
37834
3058
35410
16469
38173
32315
27431
38690
38282
5084
23729
36114
34189
13906
29755
48986
31548
36486
33235
7596
43003
28085
36002
1884
25744
42047
29106
42598
19452
50910
21777
7673
23078
31013
49588
5062
34117
16868
39535
38160
14086
45210
36974
15756
38258
13570
23218
25516
7616
14600
28611
17393
9809
44446
34109
14639
47783
41512
23694
30230
18957
45583
46808
2088
17580
47383
26490
4390
13369
51631
26577
18198
8676
19607
12317
10000
14672
5871
47877
106
37378
45041
6242
10583
7014
6090
28160
25989
19532
35471
5305
10539
4046
7220
28973
20072
50471
31707
25533
12875
23728
24527
10194
51330
50052
6508
14616
10696
23319
7201
23334
6620
8945
933
5712
21099
13760
42670
27705
25174
7327
36391
50899
30707
7257
35183
34450
33012
46229
45084
44909
48022
35149
19995
35209
45824
1015
48877
8186
13525
44801
26131
35546
15869
44254
15068
35397
44004
22319
18981
18965
10998
44850
23179
38463
44748
28948
32832
51595
48393
10088
21967
11520
2421
21631
18664
20745
48743
27549
17613
5229
22763
33956
18517
4393
44297
12468
15204
5634
39353
41851
819
39987
32915
13619
15075
50285
25708
27679
46989
2449
40279
41577
36389
5085
36223
23128
42926
18151
16080
34946
17372
46223
47911
15548
7966
18025
51488
16651
37282
48261
6379
8980
10694
7781
13823
48212
16633
29951
20255
19729
44236
40580
48321
2019
31771
16958
2292
44639
17658
9069
30280
1174
30059
50428
28609
13051
34804
37433
24619
44130
43437
46034
2274
50140
38620
35653
22002
46875
9102
27826
27224
27203
48067
42766
6944
22167
28250
31880
10266
34391
8413
29671
25860
51536
48418
34181
29468
44427
29941
3434
12600
49804
29882
23795
23881
32680
36890
40765
9663
19228
5191
44604
29454
29591
31243
49942
12849
36940
9938
34967
37543
12913
25100
20188
48188
9856
26960
36580
41027
24646
36840
26242
31696
29694
43753
48924
21804
36939
12077
19024
38430
31975
44201
30190
43673
38182
24328
2782
3070
34047
30699
31185
24651
40616
8807
43623
44902
51321
23090
47134
14420
31223
50601
29055
28612
28309
27717
11324
45862
49999
6160
25575
24143
3485
30163
22040
16283
14143
45184
13900
37163
38852
13982
5404
43428
30834
1669
1044
31263
15111
40547
11762
21991
39170
1467
37408
37951
14488
27822
22910
25822
6892
26442
31225
45309
31419
30945
35998
33779
2405
51553
13046
18125
7633
39736
49850
47310
7537
42801
16850
33859
38343
14560
32436
49937
9416
39572
49474
45851
28941
45421
33849
43421
50271
40490
37442
25040
8272
6157
2482
25720
25551
11092
50643
50010
16357
48392
47069
42696
346
39025
32067
3780
23235
19071
18860
32900
218
27820
35764
38413
35360
31574
15321
5127
28654
5723
22940
42285
10761
41659
31267
34462
47254
36590
25381
37440
27746
14506
4916
21469
2599
26991
4272
21332
20257
32419
13049
18175
12410
21262
32977
20050
39603
18848
5553
40683
8993
32896
13379
39181
16913
12648
21274
48014
327
13785
8538
28296
19846
4498
31468
28628
26846
23253
41052
27117
17954
6035
13945
19473
44268
7428
31717
26961
28030
45220
41280
34645
2584
28216
4938
22772
28921
20898
28211
7913
9490
26260
43405
49751
21595
15777
29615
13197
37348
26383
28924
42408
19192
25284
22026
40147
960
29391
40175
38229
8340
31802
48684
42067
29659
733
624
25323
11482
48526
26315
5786
6686
45700
15133
23917
42031
1539
8561
46185
30870
32153
45217
39089
6931
47523
24627
16343
6088
23658
10738
46715
15351
36824
670
6249
45630
9239
23551
49977
16082
20518
17280
16112
51070
43114
44468
26790
11634
27658
42171
23816
19944
46766
752
7064
35477
41776
9003
49335
18508
34954
42738
22327
25445
41989
19854
30242
51180
18467
35733
45208
47840
3027
7100
21430
11269
2416
19685
7926
26377
29306
49016
22059
47179
43887
38888
49286
49353
21544
27719
37610
18922
16160
31549
6675
31382
15293
51283
44105
42077
18797
50821
29770
6332
12863
6910
22986
7696
22124
27392
40099
44615
36451
5574
35873
39554
7789
33585
45468
44188
48031
43458
37376
33521
17804
13107
8620
43149
4131
42363
32802
26251
32432
37689
4069
21189
25595
3075
39173
6341
23950
17145
40275
41651
44519
38234
18490
11790
47239
24126
16976
24342
48519
45442
49889
10839
36676
22316
51549
45037
16004
155
37669
5538
12374
31347
44279
46549
35856
27063
30540
32672
21248
12774
16619
33076
15828
7034
14279
13403
32971
25487
17399
44714
14553
20121
9754
23640
18892
44185
2161
39764
50883
8522
2343
15024
12420
42331
11626
49099
16603
30150
24681
17022
30731
4606
24092
39696
18996
2331
37814
39319
36253
4863
24598
47739
49260
26891
45962
25049
3637
46323
30592
46945
15975
31862
22290
25621
9917
14263
45533
7898
38130
41476
19305
2391
4727
6041
50672
41406
33718
30389
17433
38990
12881
9755
37943
6493
2890
25309
25060
16151
51675
30305
48489
24481
13216
37657
28735
5650
30508
43370
10286
9646
25408
27964
22616
25853
23543
12052
13319
5713
26505
6956
34694
3921
9287
35815
29739
27350
18987
48569
9838
49622
4614
29114
48456
22780
26387
40868
48370
46111
27334
38684
29418
42867
49420
37460
6229
35956
2478
9134
12682
26835
34152
33578
48744
11053
22998
12508
38937
51004
40340
24926
41848
33380
40411
48604
18964
2582
41578
48693
21080
30886
31605
36412
26380
40441
46554
11275
46312
43462
14922
30218
41987
25798
43997
5629
34998
21213
12064
16640
19524
9479
20487
20952
2060
15418
17990
40129
37703
51565
10743
50779
43725
1400
7231
25033
30257
5531
7918
16907
30554
51301
4795
20887
34332
7096
44533
42480
28883
16577
37115
37860
13036
7457
28119
14385
22014
13193
24120
9642
44155
14564
41065
19401
35144
2983
47285
2849
38805
39867
38202
14288
40452
30968
9312
6000
28232
21984
32287
2596
29211
33723
3778
34834
11878
13363
24463
23926
9989
11300
8283
13006
22349
6535
28037
26522
41046
7964
35529
22725
6384
14575
23424
29293
28970
37567
26727
11523
5880
24412
43474
47042
36908
14894
33739
43209
15658
1424
42820
49305
46691
3953
38610
33272
37029
11221
3030
34506
48572
42650
36959
24132
22224
20931
6614
51646
18262
50080
24951
37467
12642
31069
35713
13677
14926
14464
26569
10996
4020
17448
44408
19153
17874
44503
4632
25647
47225
18662
42400
37867
32182
37666
31385
47001
40268
15835
6397
50903
20058
13997
7223
40430
25010
12841
45186
3628
21
30958
22985
49703
15533
33116
29766
33018
32213
3782
50763
15436
11452
5311
3121
20772
37334
22009
41950
10711
32558
26992
15744
50731
16431
24813
30235
47833
11172
38627
3743
22596
51171
51291
22496
12460
49310
39817
44292
49877
41450
18273
18107
19500
46710
4023
6270
26309
48529
23352
24196
20172
21732
28260
32180
42227
12186
26256
5724
22924
20515
32125
41141
13790
37344
6430
14597
50971
47562
47064
43095
30678
43572
47051
19099
7682
10515
19278
7731
40545
13584
13167
15473
35087
12559
10653
15620
51405
32998
48790
4063
32859
42271
47567
11429
31629
14052
2935
13955
34591
3307
10799
10678
24059
49426
10809
24821
38550
21093
41628
13406
7046
29181
18443
27724
25826
3987
46407
31893
45504
34162
8650
40215
27097
14967
46937
15375
43288
21574
28842
42716
22317
13707
13773
36724
39358
26001
47788
16636
16791
16306
19776
859
30609
45660
20677
27009
26471
46393
48296
15741
34510
8726
11054
50127
51168
9017
16197
8660
15140
32494
34530
15917
34468
13529
28404
13517
17573
51525
10586
5951
29977
41994
21379
23574
23940
24235
45031
35506
38705
25124
19942
49127
12225
15200
29665
23095
35442
33934
19755
35409
12998
21770
44452
22445
50591
49435
24741
37955
30184
31511
686
44053
35543
5200
33818
30748
28036
11528
6888
16635
29343
36439
17806
17994
45704
18704
3095
29705
8618
32313
43485
2493
40399
23233
692
39077
41870
17458
43246
17619
22337
45596
35729
21088
30072
10661
13146
32127
37006
12025
7895
50431
33554
42720
716
29949
5235
32260
50077
44923
39357
38099
41728
29798
209
18224
27440
4226
2234
39309
21978
3096
40630
3862
14970
16274
47983
39582
25392
45477
39499
19439
21728
37222
390
16144
10713
37399
7161
14140
20859
16685
2681
50935
38175
38882
20875
38497
14492
39449
6632
49497
19187
36863
31129
3334
9167
12588
26058
6627
20998
13590
37488
21586
34586
38566
49417
1055
48981
41787
38082
6011
1304
3243
33885
25650
37304
29061
36671
19679
1124
18386
7912
16784
28257
45168
18283
38243
1735
3846
7051
17851
41889
46247
15454
21028
33300
6426
4281
870
23846
31801
13963
15279
2345
29921
41859
42191
41127
13682
43031
22526
30770
6495
12476
24154
42101
9386
12201
34232
46188
5924
34384
33256
50394
28131
26082
29372
34056
25156
50824
5261
39749
15145
27884
48700
4812
34163
19521
10752
46290
17909
8481
46455
17538
29816
48836
37796
27046
27837
47361
28770
33066
10021
38458
13969
30460
41721
26666
43157
32813
43606
33727
16524
7442
32976
4850
616
17468
13503
26905
42312
17120
11322
5894
17111
11649
6166
14261
19448
1274
7508
31753
8548
47770
19628
21035
1447
35627
25235
28281
37807
559
48674
6395
38624
39618
43447
25195
34475
18847
7403
15943
7648
37189
7562
36053
48582
44841
41947
33498
32024
50818
24214
8067
29835
25308
7743
39687
27770
41891
42522
37962
39009
15417
42718
245
17043
18333
8005
47432
35040
32878
221
15216
46494
49761
26702
49053
9039
17632
32927
35833
14790
11317
15395
9580
2435
43812
39854
21956
565
45598
42711
48516
27198
41342
12112
13278
10372
17430
19749
46680
18510
17478
27128
18495
40989
31395
18141
18575
46280
41937
3251
4007
7987
6593
5551
23595
15414
19996
44396
44341
6706
18404
15288
33912
13594
5483
27270
36109
16758
25558
24979
38520
3938
27171
10430
20208
34673
24970
23267
25722
41130
13939
542
47108
12055
23635
33947
28261
16858
33848
46735
17271
7377
30912
36854
48490
45755
39645
22082
9827
46473
41243
13647
23972
17003
2664
38720
40693
33752
33682
8812
25867
17614
9602
1007
42572
38914
42304
11765
16808
13985
24537
4574
17903
4176
20570
31677
50823
25229
8343
28572
3517
11542
39748
48385
3197
3370
16672
4135
7261
42296
35457
33359
30133
21418
5627
7010
49311
34589
17055
27252
5827
11384
26193
25983
30895
10484
20033
21016
49533
33580
41845
48136
16174
23734
8673
50317
32823
18916
24653
36277
21193
48555
15798
1913
15765
1197
8402
2092
7805
41516
14097
20646
12638
15497
23393
34657
49304
33556
32958
22340
5254
10278
39259
14100
40053
34836
34607
11871
28246
9937
13268
44343
13802
11211
25721
19399
21341
18271
23911
9395
24101
21387
7196
27374
51550
2333
6992
20155
10638
26725
9154
3425
12246
19861
12321
6815
34290
8881
25638
20496
10207
29338
6451
16339
50926
44707
39634
10866
19164
715
16467
14643
47214
33886
25267
50667
24625
18026
42317
38005
50800
28933
46289
11390
40267
24796
27704
44854
20899
21231
41222
37648
49663
47903
45089
10077
44987
46832
33153
9086
48563
37000
7817
36555
39522
13128
44676
19602
4964
49993
3166
37763
15772
25086
11660
24908
43909
40326
50514
43772
13326
12209
15706
21385
12017
12766
28881
40599
35582
1585
17049
14757
49823
1500
51357
42180
42957
35668
7394
19460
46956
33415
13136
36473
7294
34755
50721
44614
42298
51535
36080
31671
27394
21414
10777
48244
7335
13990
26204
33318
32207
34743
30574
7564
13356
4084
10086
25792
45951
2655
45678
35612
50384
49373
21133
42749
7627
12505
8825
41034
35514
38696
47096
38166
3649
5122
23199
36045
22135
11426
258
34124
46329
49156
9741
19366
9339
31514
6619
4014
46302
22253
32889
7098
1701
935
37447
20149
35762
34953
28286
25335
8698
30111
22102
30603
12832
7607
23441
18935
50440
24474
45438
17581
32699
29800
3195
7435
22691
39777
47066
40851
37795
20264
5885
13831
12007
3312
46926
31009
23421
27208
50176
48673
2647
514
2558
