46739
46741
46742
46744
46747
46748
46749
46750
46751
46752
46753
46755
46756
46757
46759
46761
46762
46763
46764
46765
46766
46767
46768
46769
46770
46771
46773
46774
46775
46776
46777
46778
46779
46780
46782
46783
46784
46785
46786
46787
46788
46789
46790
46791
46792
46793
46794
46797
46798
46799
46800
46801
46802
46804
46805
46807
46808
46809
46811
46812
46814
46818
46819
46820
46822
46823
46824
46827
46829
46830
46840
46841
46842
46843
46845
46847
46848
46849
46850
46851
46852
46854
46855
46856
46858
46859
46860
46864
46865
46866
46868
46870
46872
46873
46874
46877
46879
46880
46881
46883
46885
46886
46890
46892
46893
46894
46897
46898
46901
46902
46903
46904
46905
46906
46907
46909
46911
46914
46915
46917
46923
46924
46925
46926
46929
46933
46934
46935
46937
46939
46940
46942
46943
46944
46946
46947
46948
46950
46952
46953
46957
46958
46959
46960
46961
46962
46963
46965
46966
46969
46970
46971
46972
46973
46975
46976
46979
46980
46981
46982
46983
46985
46987
46988
46989
46991
46994
46995
46996
46997
46999
47000
47001
47002
47003
47004
47006
47007
47009
47010
47011
47012
47013
47015
47016
47020
47021
47022
47023
47024
47025
47026
47027
47028
47030
47031
47032
47033
47034
47035
47036
47038
47041
47043
47044
47045
47046
47047
47051
47052
47055
47056
47057
47058
47059
47060
47061
47062
47063
47064
47065
47066
47069
47070
47071
47074
47075
47077
47078
47079
47081
47084
47086
47088
47089
47090
47093
47094
47095
47096
47098
47099
47100
47101
47102
47105
47106
47108
47109
47111
47113
47115
47116
47117
47118
47120
47121
47124
47125
47126
47128
47132
47133
47134
47135
47136
47137
47139
47140
47141
47144
47145
47146
47147
47149
47150
47151
47153
47154
47155
47156
47157
47160
47161
47162
47163
47164
47165
47178
47179
47180
47183
47184
47186
47187
47188
47191
47192
47194
47196
47197
47200
47202
47206
47208
47209
47210
47211
47212
47213
47214
47216
47217
47219
47220
47221
47222
47224
47225
47226
47227
47228
47229
47230
47231
47245
47252
47253
47254
47255
47256
47257
47260
47262
47263
47264
47265
47269
47271
47273
47274
47275
47276
47280
47290
47291
47293
47294
47297
47299
47300
47301
47302
47304
47308
47309
47310
47311
47312
47315
47316
47317
47320
47321
47323
47324
47325
47326
47328
47329
47331
47332
47333
47334
47336
47337
47340
47344
47345
47346
47348
47351
47352
47353
47354
47355
47356
47358
47359
47366
47368
47370
47371
47372
47373
47375
47376
47377
47378
47379
47380
47381
47383
47384
47385
47387
47389
47390
47392
47393
47394
47395
47396
47397
47398
47399
47400
47401
47402
47403
47404
47405
47407
47408
47409
47413
47414
47415
47422
47423
47424
47425
47428
47429
47430
47431
47433
47434
47435
47437
47438
47439
47440
47441
47442
47443
47444
47445
47446
47447
47448
47450
47451
47452
47456
47457
47461
47462
47464
47467
47469
47470
47471
47477
47478
47481
47482
47483
47484
47485
47489
47490
47491
47492
47493
47494
47495
47497
47498
47499
47500
47502
47503
47505
47511
47514
47515
47516
47517
47518
47519
47520
47524
47526
47527
47529
47532
47534
47537
47539
47540
47541
47543
47544
47545
47546
47548
47549
47553
47555
47556
47557
47558
47561
47562
47566
47568
47569
47570
47576
47577
47578
47581
47582
47585
47586
47587
47589
47593
47594
47596
47597
47601
47613
47614
47618
47620
47621
47622
47624
47626
47633
47635
47638
47639
47640
47641
47642
47643
47644
47645
47647
47648
47650
47651
47652
47653
47654
47656
47657
47659
47660
47661
47663
47664
47665
47667
47669
47670
47671
47677
47678
47679
47681
47683
47684
47685
47688
47689
47691
47692
47693
47694
47696
47697
47704
47705
47706
47708
47710
47712
47713
47714
47715
47717
47718
47719
47720
47721
47723
47724
47725
47726
47727
47728
47730
47732
47733
47734
47735
47736
47739
47740
47741
47745
47746
47748
47749
47750
47752
47753
47755
47757
47759
47760
47762
47763
47764
47765
47767
47770
47771
47773
47774
47777
47778
47779
47780
47781
47782
47783
47787
47788
47789
47790
47791
47792
47794
47796
47797
47798
47799
47801
47802
47803
47807
47808
47809
47815
47817
47818
47819
47821
47823
47824
47826
47827
47828
47830
47831
47833
47834
47835
47836
47837
47839
47841
47842
47844
47847
47848
47849
47850
47852
47853
47854
47856
47857
47859
47861
47862
47864
47868
47871
47872
47874
47875
47878
47879
47880
47881
47882
47883
47884
47885
47886
47887
47888
47889
47891
47892
47894
47895
47896
47897
47898
47900
47901
47903
47904
47905
47906
47910
47911
47912
47913
47914
47915
47916
47918
47919
47921
47925
47926
47927
47928
47929
47931
47932
47933
47936
47938
47939
47940
47941
47942
47943
47944
47945
47946
47947
47949
47950
47951
47952
47954
47955
47956
47957
47958
47959
47960
47961
47962
47963
47964
47969
47972
47974
47975
47976
47979
47980
47981
47983
47984
47985
47986
47989
47990
47991
47992
47994
47995
47996
47997
47998
48000
48010
48011
48012
48013
48014
48015
48016
48019
48020
48023
48024
48025
48026
48027
48029
48030
48032
48033
48034
48035
48036
48037
48039
48040
48041
48042
48044
48045
48048
48049
48050
48051
48053
48054
48055
48057
48058
48059
48060
48061
48063
48066
48068
48070
48072
48074
48076
48077
48078
48081
48082
48083
48084
48086
48090
48091
48092
48093
48094
48095
48096
48097
48098
48099
48101
48102
48105
48106
48107
48108
48109
48110
48111
48112
48113
48114
48115
48116
48117
48118
48119
48120
48122
48123
48125
48129
48130
48131
48134
48135
48136
48138
48140
48142
48143
48144
48146
48148
48149
48151
48153
48160
48161
48162
48163
48166
48167
48168
48169
48170
48171
48173
48176
48179
48180
48184
48185
48187
48188
48189
48190
48191
48192
48194
48196
48198
48200
48201
48202
48203
48204
48208
48209
48210
48211
48212
48213
48214
48215
48216
48217
48219
48221
48222
48223
48225
48226
48227
48228
48232
48233
48234
48239
48241
48242
48245
48246
48249
48250
48251
48253
48255
48256
48257
48258
48259
48260
48261
48262
48263
48264
48266
48267
48268
48269
48270
48271
48272
48273
48274
48275
48276
48277
48279
48280
48282
48284
48286
48292
48293
48294
48295
48296
48297
48298
48301
48302
48303
48304
48306
48309
48310
48312
48313
48314
48315
48316
48317
48318
48319
48320
48322
48323
48326
48328
48335
48336
48337
48338
48341
48344
48345
48347
48348
48349
48350
48352
48353
48354
48355
48357
48358
48359
48360
48365
48366
48367
48368
48369
48370
48371
48373
48374
48375
48376
48377
48378
48379
48380
48381
48384
48385
48405
48407
48408
48409
48410
48411
48412
48414
48415
48416
48417
48418
48419
48420
48422
48423
48424
48425
48426
48428
48429
48431
48432
48435
48436
48437
48439
48441
48444
48445
48446
48447
48448
48449
48450
48452
48454
48455
48456
48457
48458
48459
48460
48461
48462
48463
48464
48465
48466
48467
48468
48470
48472
48474
48475
48476
48477
48479
48481
48482
48483
48484
48485
48486
48487
48489
48494
48496
48497
48498
48499
48500
48501
48502
48503
48504
48509
48510
48511
48513
48517
48518
48522
48523
48524
48525
48529
48531
48532
48534
48536
48539
48543
48545
48546
48548
48549
48552
48553
48554
48555
48557
48558
48559
48560
48561
48562
48563
48564
48566
48567
48568
48569
48571
48572
48573
48574
48575
48577
48578
48579
48580
48581
48582
48583
48584
48585
48588
48590
48591
48592
48593
48594
48599
48601
48602
48603
48604
48605
48608
48609
48611
48617
48618
48619
48620
48621
48624
48625
48626
48632
48634
48636
48640
48641
48642
48643
48644
48645
48649
48651
48652
48653
48656
48657
48659
48662
48663
48664
48665
48666
48668
48670
48672
48673
48677
48678
48680
48681
48682
48683
48684
48685
48686
48687
48688
48691
48694
48695
48696
48697
48698
48699
48700
48701
48702
48703
48704
48705
48706
48707
48708
48710
48711
48712
48713
48714
48715
48717
48720
48721
48722
48723
48724
48725
48726
48727
48729
48732
48733
48741
48743
48744
48746
48747
48748
48749
48750
48751
48752
48753
48754
48755
48756
48757
48758
48760
48761
48762
48764
48766
48767
48768
48770
48774
48775
48776
48777
48778
48779
48780
48781
48782
48783
48784
48785
48786
48787
48788
48789
48790
48792
48793
48794
48795
48796
48797
48798
48800
48803
48804
48805
48806
48807
48808
48809
48810
48813
48814
48816
48818
48819
48820
48822
48824
48825
48831
48832
48833
48834
48835
48836
48838
48839
48841
48842
48843
48844
48845
48846
48847
48848
48849
48851
48852
48855
48856
48857
48860
48862
48863
48864
48865
48866
48867
48868
48869
48874
48875
48876
48877
48879
48880
48885
48887
48888
48889
48890
48891
48895
48896
48897
48898
48900
48901
48902
48903
48905
48906
48908
48909
48910
48911
48912
48913
48914
48915
48916
48917
48918
48919
48920
48921
48923
48925
48926
48927
48930
48931
48932
48933
48936
48937
48938
48939
48940
48941
48942
48945
48946
48947
48948
48949
48951
48953
48954
48955
48956
48957
48958
48959
48964
48965
48966
48967
48968
48969
48971
48972
48973
48976
48977
48980
48981
48984
48986
48987
48988
48989
48991
48994
48995
48996
48997
48998
49000
49002
49003
49004
49007
49009
49012
49013
49014
49015
49016
49018
49019
49020
49021
49022
49023
49024
49025
49026
49032
49034
49036
49037
49040
49042
49043
49044
49045
49046
49047
49049
49050
49051
49052
49053
49056
49057
49059
49062
49063
49064
49068
49072
49073
49074
49075
49080
49083
49084
49085
49086
49094
49098
49100
49101
49102
49103
49104
49107
49108
49111
49112
49114
49115
49116
49117
49118
49122
49125
49126
49132
49133
49138
49140
49141
49142
49143
49144
49145
49146
49147
49149
49150
49158
49160
49161
49162
49164
49165
49166
49167
49169
49170
49171
49172
49173
49174
49175
49176
49177
49178
49179
49180
49181
49182
49184
49185
49186
49187
49189
49190
49191
49193
49194
49196
49198
49199
49200
49201
49202
49204
49205
49206
49207
49208
49209
49210
49212
49213
49216
49217
49218
49223
49225
49227
49228
49229
49231
49232
49234
49235
49236
49239
49242
49244
49245
49247
49248
49249
49250
49251
49254
49260
49261
49262
49263
49264
49265
49266
49267
49268
49269
49270
49271
49272
49273
49275
49276
49277
49281
49282
49283
49284
49289
49290
49292
49295
49297
49299
49301
49303
49304
49305
49306
49307
49308
49309
49312
49314
49315
49316
49317
49318
49319
49322
49323
49324
49325
49326
49327
49328
49329
49331
49332
49333
49334
49337
49338
49339
49340
49343
49344
49345
49346
49349
49350
49351
49354
49355
49357
49358
49364
49365
49367
49368
49369
49370
49371
49372
49383
49384
49385
49386
49387
49388
49390
49392
49394
49396
49397
49398
49399
49400
49401
49402
49403
49404
49405
49406
49407
49410
49411
49412
49414
49416
49417
49418
49420
49430
49431
49440
49441
49442
49445
49453
49455
49457
49459
49467
49468
49469
49470
49472
49473
49474
49475
49476
49477
49478
49479
49480
49482
49483
49484
49485
49486
49487
49489
49490
49491
49492
49493
49495
49497
49498
49499
49500
49501
49502
49504
49505
49506
49507
49508
49509
49510
49517
49519
49520
49522
49523
49525
49527
49532
49533
49535
49537
49538
49539
49542
49543
49544
49547
49549
49551
49552
49554
49556
49557
49560
49561
49562
49567
49568
49569
49571
49575
49577
49578
49579
49580
49583
49584
49587
49589
49590
49591
49594
49595
49596
49597
49599
49600
49602
49604
49605
49606
49614
49615
49618
49619
49621
49623
49624
49626
49627
49628
49629
49631
49632
49634
49638
49639
49643
49644
49645
49648
49650
49652
49653
49654
49660
49663
49664
49667
49668
49669
49671
49672
49673
49674
49675
49676
49680
49683
49685
49686
49688
49689
49690
49691
49692
49694
49696
49697
49700
49701
49705
49709
49710
49711
49712
49714
49715
49719
49720
49721
49722
49723
49724
49725
49726
49729
49730
49731
49732
49733
49736
49737
49739
49741
49742
49743
49744
49745
49746
49747
49749
49750
49752
49757
49759
49760
49761
49764
49765
49766
49767
49768
49770
49771
49773
49774
49775
49777
49778
49779
49780
49781
49782
49787
49788
49789
49790
49804
49805
49807
49809
49810
49811
49813
49816
49817
49818
49820
49823
49824
49825
49826
49827
49828
49830
49831
49832
49833
49835
49836
49837
49838
49839
49840
49842
49843
49845
49847
49848
49849
49853
49854
49856
49857
49858
49859
49860
49861
49862
49864
49865
49866
49867
49868
49870
49872
49873
49876
49877
49878
49879
49881
49884
49885
49886
49892
49893
49894
49895
49896
49898
49900
49901
49902
49903
49904
49907
49908
49910
49911
49912
49913
49914
49915
49918
49919
49920
49924
49925
49927
49928
49929
49931
49932
49933
49934
49937
49938
49939
49941
49943
49947
49948
49949
49951
49952
49953
49954
49955
49958
49959
49960
49963
49965
49966
49967
49968
49969
49970
49974
49976
49977
49978
49979
49980
49981
49983
49984
49985
49986
49988
49989
49990
49991
49992
49993
49994
49995
49996
49997
49998
49999
50000
50002
50003
50004
50005
50006
50010
50011
50012
50015
50017
50019
50020
50022
50023
50024
50025
50026
50027
50028
50029
50030
50031
50032
50033
50034
50035
50036
50037
50038
50039
50041
50042
50043
50044
50045
50051
50054
50056
50057
50058
50059
50060
50061
50062
50064
50065
50066
50067
50068
50069
50070
50072
50077
50078
50079
50082
50083
50084
50085
50086
50087
50088
50089
50090
50092
50093
50094
50095
50096
50098
50099
50100
50101
50102
50104
50108
50109
50110
50111
50112
50113
50114
50115
50116
50117
50118
50120
50123
50125
50127
50128
50129
50130
50132
50133
50134
50136
50137
50139
50141
50142
50143
50144
50145
50146
50147
50150
50151
50152
50153
50154
50155
50156
50157
50159
50161
50162
50163
50164
50165
50166
50167
50168
50169
50170
50171
50172
50173
50174
50175
50177
50178
50182
50183
50184
50185
50186
50187
50188
50190
50191
50192
50193
50194
50195
50196
50197
50198
50199
50200
50201
50202
50204
50205
50206
50207
50208
50209
50210
50211
50212
50213
50216
50218
50219
50221
50222
50224
50225
50226
50227
50228
50229
50230
50231
50232
50234
50235
50238
50239
50240
50241
50242
50243
50244
50247
50248
50249
50250
50251
50252
50254
50255
50256
50257
50258
50260
50261
50262
50263
50264
50266
50267
50268
50269
50270
50272
50273
50275
50276
50277
50281
50282
50283
50284
50286
50287
50288
50290
50291
50292
50294
50295
50296
50297
50298
50299
50300
50302
50303
50304
50306
50307
50308
50309
50310
50311
50312
50313
50314
50315
50316
50317
50318
50319
50320
50321
50322
50323
50324
50325
50326
50327
50328
50329
50330
50331
50333
50334
50335
50336
50337
50338
50340
50341
50342
50346
50347
50348
50349
50352
50353
50354
50355
50356
50357
50358
50360
50361
50362
50363
50365
50366
50367
50369
50370
50372
50373
50374
50375
50376
50377
50379
50380
50382
50384
50385
50386
50387
50388
50389
50390
50391
50392
50393
50394
50396
50398
50401
50402
50403
50404
50405
50406
50407
50409
50410
50411
50413
50414
50415
50416
50417
50418
50419
50420
50421
50422
50423
50424
50425
50426
50428
50429
50431
50433
50434
50435
50436
50437
50440
50441
50442
50444
50445
50446
50447
50448
50449
50450
50452
50453
50454
50455
50457
50458
50459
50460
50461
50462
50464
50465
50466
50467
50469
50470
50471
50472
50473
50474
50475
50478
50479
50481
50482
50483
50485
50486
50487
50489
50490
50491
50492
50493
50494
50495
50496
50497
50498
50499
50500
50503
50505
50506
50507
50508
50509
50510
50512
50513
50514
50515
50516
50517
50518
51135
51138
51140
51141
51143
51144
51145
51146
51147
51148
51149
51154
51159
51160
51163
51165
51167
51168
51169
51174
51176
51177
51179
51180
51182
51183
51185
51186
51187
51188
51189
51190
51192
51194
51195
51196
51197
51198
51200
51202
51203
51204
51205
51206
51207
51208
51209
51210
51211
51212
51213
51217
51219
51221
51222
51223
51224
51226
51227
51228
51229
51231
51232
51235
51236
51239
51240
51241
51242
51249
51250
51251
51252
51255
51256
51258
51259
51260
51266
51268
51269
51271
51272
51273
51281
51282
51284
51285
51286
51288
51294
51295
51297
51298
51300
51304
51305
51306
51307
51308
51310
51314
51317
51318
51320
51322
51323
51324
51325
51326
51327
51328
51329
51330
51331
51333
51334
51337
51338
51340
51342
51343
51344
51347
51349
51350
51351
51353
51355
51357
51359
51360
51361
51364
51366
51367
51368
51369
51370
51372
51373
51374
51375
51376
51377
51380
51381
51382
51388
51389
51391
51392
51393
51394
51395
51396
51398
51399
51406
51408
51409
51410
51413
51414
51415
51422
51425
51429
51430
51432
51434
51436
51437
51438
51439
51440
51441
51442
51444
51446
51448
51453
51454
51455
51458
51459
51460
51464
51465
51466
51467
51470
51471
51472
51473
51474
51476
51477
51478
51480
51482
51483
51484
51486
51488
51489
51490
51491
51492
51493
51494
51495
51496
51499
51504
51505
51509
51510
51511
51512
51513
51514
51516
51520
51521
51522
51523
51525
51526
51527
51528
51529
51533
51534
51537
51538
51539
51540
51546
51548
51549
51550
51552
51555
51556
51557
51559
51562
51563
51564
51566
51567
51568
51569
51573
51574
51575
51576
51578
51579
51581
51583
51584
51585
51588
51590
51592
51593
51597
51598
51599
51600
51605
51607
51613
51615
51616
51617
51618
51619
51621
51623
51624
51625
51626
51628
51629
51630
51631
51632
51633
51634
51635
51636
51638
51641
51642
51644
51645
51647
51648
51649
51650
51652
51653
51654
51655
51657
51658
51659
51661
51662
51663
51664
51665
51666
51667
51669
51670
51672
51673
51674
51675
51676
51677
51680
51682
51683
51684
51685
51687
51690
51694
51696
51697
51699
51700
51703
51704
51705
51709
51711
