52
18849
27949
32065
26758
36096
26636
21955
28974
6071
23932
21328
15696
5166
8003
22019
17813
27166
22200
31256
32978
11813
4327
21405
29965
7740
18526
7945
27523
12727
35877
7494
5033
20555
17863
4285
33021
33682
502
21654
35978
11586
3339
9657
16201
27850
19910
19517
8890
8907
9685
1708
13487
19923
5309
19570
17405
2790
3817
24211
5827
9062
2120
11616
26305
33904
4915
18569
2030
2239
34827
516
11046
10731
35710
18682
36538
31136
35513
18371
5518
33058
1359
32123
29868
34862
29163
10283
249
33843
11113
31368
12369
21136
27716
6275
24539
34920
4705
37598
