27333
8845
4243
18805
19044
24327
9636
16379
22998
10065
21144
22627
20359
35300
10910
33057
17326
3285
18915
5544
13415
24737
30253
13960
22421
6091
30838
11349
12768
10596
27102
15627
35295
16805
2381
37242
34050
30172
32664
6199
6806
5640
1500
2923
31712
3353
18886
37397
28248
31942
2296
27767
32243
17269
30486
18525
32449
5113
8681
34438
34608
23357
6737
26256
25177
13604
6992
2171
1381
1055
1196
10813
34841
1610
23419
36248
8927
28408
6095
24420
14553
22927
21939
34805
33943
5283
8846
6323
8139
5595
24600
22440
24541
17851
11803
5790
23436
9908
26346
15589
35555
13669
7883
26771
16332
22783
34567
31911
36781
16091
17307
16612
1090
3297
2960
7514
36613
18148
33214
4415
6718
20673
11624
14079
828
21143
34372
5018
29145
29681
23941
34269
6215
13018
25252
5345
9332
1555
19543
33497
5391
22158
11471
17063
21582
31151
32719
33083
4625
19000
13602
21789
10298
35584
21657
4048
32420
1964
37021
16154
37327
6950
18939
35071
10396
36050
18254
22375
4440
35305
10925
25390
9652
17919
34661
17153
31538
24337
7639
16823
21655
13566
20714
15671
21359
20929
5140
6622
28648
32630
28319
139
28868
1527
37198
6887
32975
24231
18053
12409
4963
18968
8064
1713
18302
220
9703
24049
13255
15151
33630
16177
17753
29860
15561
9116
30777
24028
35323
34405
31046
12962
11485
515
24671
4335
26493
4238
16322
2316
15754
23882
30740
15533
3630
28076
29883
11999
23762
31302
16624
508
5112
15515
37054
20677
3047
32517
29278
22110
2356
698
6530
9861
20708
33976
29186
32986
34477
10685
36608
9726
21036
7019
35660
6607
12367
12625
21061
5468
33135
34234
11509
30418
4654
30063
37262
29331
29987
2100
26604
15899
28836
12071
16722
12362
19200
15836
35136
27299
7192
6264
27562
3656
20243
16211
20020
6050
9195
3368
13858
1441
14548
31635
24988
12064
19592
31408
34059
28790
19557
26001
13388
32288
25923
5625
14891
5396
1773
34294
37063
26523
30568
6579
6412
13734
4563
6948
15439
17141
9473
7232
9183
32856
24928
29342
23741
32144
17271
28640
32745
22726
12512
24052
14880
1185
32723
13690
28826
22377
26803
25436
23313
30180
32041
29709
6890
17777
34304
18455
34858
18202
19172
8892
18284
13646
32185
23755
30128
4722
16011
34240
26036
12408
22928
24126
7847
12888
20153
31875
6509
14854
10825
694
25127
5952
29160
28454
11654
10604
35705
1855
36666
37166
17256
6703
10473
29685
18475
5971
28725
33859
19174
32883
30465
1433
12350
28030
8556
35334
2095
9231
17292
37080
29837
28511
108
33607
19915
29520
13705
21540
1587
28696
6229
6638
8201
27453
21763
16609
8072
17452
17627
3432
31814
22287
9729
35739
5658
15097
20461
34359
852
36427
23889
2054
21699
32876
6738
26143
28163
20218
31337
21122
11865
4294
3746
35590
17445
10243
32658
3397
975
24326
32227
19886
10763
11960
12518
34101
9673
28441
3572
13918
14625
19912
19041
2375
28661
25082
32730
3922
37012
504
28842
33134
30593
17945
32725
22087
5284
30558
32183
25304
3697
30825
31714
37190
31185
7067
29118
20678
19454
5854
33453
24956
31765
24037
33419
17809
24670
14442
21491
20330
13922
9597
30400
34430
8257
33775
3001
17703
24523
23604
4465
2021
26018
34524
11966
34653
22655
446
13307
33136
5816
27176
14018
6535
10728
26246
14426
21337
14633
34502
21
15808
22265
33899
31807
15228
15648
2527
26098
9391
30007
2937
37140
1961
656
36377
21608
14631
30656
37023
5970
17537
14648
19277
19114
16757
34925
1344
25928
13332
24993
4137
21340
29154
22106
25225
15009
34657
19574
33665
33957
9179
3695
22596
29808
23148
21439
17464
10239
10287
22448
2666
11841
13565
27996
26343
22261
1775
12659
6794
8178
36411
29441
26608
34573
19356
8713
9876
1815
32581
36197
15044
12314
5057
1505
862
37461
2231
754
1008
7829
34107
24663
15000
20880
9081
15399
19243
1267
28630
8645
1300
15776
26490
32711
1155
29933
5194
12257
20335
11719
17412
929
11552
15991
36124
11024
34443
36884
12721
776
18910
22272
15672
32960
7926
33506
7393
36919
8653
17084
2722
9555
22879
25889
36991
14892
34342
4921
28386
11258
19733
36108
128
8269
20554
7062
17033
26658
6758
857
6692
6925
11255
36625
22458
19617
19765
5125
25830
13034
12586
29519
4159
9334
24771
36101
34331
10084
18504
3719
15687
11273
6905
32674
35906
7166
13763
30382
11062
11884
1339
37128
16886
11778
11902
26837
1033
30469
4139
18620
31549
24430
27913
14894
11439
3135
4876
2607
12440
1864
18617
19732
1419
15947
7413
16107
24339
15061
5243
11100
13456
13714
28331
21898
7738
6670
17108
28510
29935
8731
32391
1888
22835
3420
19422
23498
10246
24093
15400
15465
18532
25622
25570
9901
35290
495
14251
20694
29005
24295
1109
25617
640
24160
26216
28810
25679
8211
20452
35600
30791
26831
37603
18007
31537
7089
5157
489
14063
4442
2880
12399
21713
1917
33062
617
30272
33041
22222
35130
15536
1689
30765
24117
20042
20383
14152
24284
17641
20748
30031
30753
2616
24148
33112
20655
20926
4946
1070
7712
17751
946
29940
5802
32128
4725
27777
18109
21822
31070
24951
30961
20341
1423
33761
7806
12578
28403
7234
25945
24932
29258
33045
34400
17137
34733
34147
25620
23044
37626
32642
15173
33706
1250
32452
30195
1952
36058
35406
33708
16826
28157
21819
21361
11833
21196
19978
7088
19141
36967
4901
21134
17285
3198
8840
4931
27406
276
22252
17577
15519
12849
1051
37276
582
17118
22834
26254
25818
17491
7697
26833
23491
23530
15099
17553
5789
29185
30200
22607
20640
24043
28421
9008
16427
15755
25806
19515
6996
17573
19296
6321
10869
11810
21330
27908
16682
3666
20116
20522
2593
22131
7278
2125
25737
37291
34772
24707
21825
2090
31829
30201
19582
18924
33468
4118
14258
23984
5515
8781
14490
15812
13574
20451
24829
24163
1637
35788
19941
1149
36679
30396
23541
30721
14221
26508
24556
12091
23152
6030
9252
18742
8395
11274
31231
31276
8209
22525
1167
35922
27589
16189
32205
9051
14291
25088
24522
23677
10080
34272
27995
26376
4614
4688
35272
35397
5081
20462
24772
15566
27727
14386
1679
3768
37617
35404
22594
18792
7772
18128
14749
21191
19708
20033
32292
3646
1676
19302
26268
32646
17011
36509
23300
6033
28336
37410
15295
11413
5427
27201
21370
26160
24581
1921
28849
26777
785
22824
4720
29388
17469
3935
17706
22555
23590
7691
17351
21334
18728
14372
7734
37493
24535
7576
22268
3481
7509
24646
19121
14603
34885
28805
30287
12938
18161
37543
2317
782
2611
36227
4490
15462
30541
37338
15787
3579
13580
9240
19239
35912
14667
3195
2042
4698
14905
21437
8585
16658
1387
13138
19187
26712
7708
11662
13122
16597
1211
12501
21723
33959
8335
18080
2718
570
33120
2079
29374
36342
17161
34536
31053
10261
4221
19546
7670
16122
26279
10484
14208
29929
36508
14478
26079
21207
31756
24597
5203
9501
8497
30219
206
29442
12560
9267
30570
23202
19789
7787
28013
14678
5760
24544
36252
5405
3114
24233
4448
17654
3074
34267
23923
37197
11929
32447
17696
28962
1336
32155
26115
27267
34420
22029
20294
13617
13395
22516
7591
30567
28325
27128
12264
37322
27396
29381
31058
1318
17191
35013
34569
36177
29021
18842
23113
966
4980
6704
28538
13845
10757
1297
29508
14304
528
29408
25975
22283
21944
31327
14753
8455
3880
16877
29190
9152
34472
35215
18991
3990
16613
25411
20270
32147
7034
1900
25133
6209
31101
35563
4864
31690
17975
1114
26612
22
30030
13241
6797
31629
15973
19003
32603
3035
8633
4693
31131
9156
11872
3387
14694
14198
8458
35341
36899
18536
37290
22962
32233
37050
26347
35255
11660
4837
34465
19439
18621
11483
29064
35833
24080
965
30222
32547
25293
34894
31040
24714
28411
23160
27282
4791
13950
18878
31316
15077
14060
14574
34736
5743
30298
23363
36607
2557
37371
11271
10908
18384
11807
32948
5581
17010
5903
33145
6201
35673
1027
35540
32826
24414
22090
10208
8834
19221
25170
7990
4638
17932
5108
1716
4894
29876
37062
3240
27937
30611
14274
16416
21315
16343
17363
473
26248
27137
1408
25883
18315
4061
11237
10479
18123
25562
6997
14761
37623
22171
26673
20744
3851
35319
26142
5695
6313
37406
31381
26209
17035
31614
18700
5289
30282
22199
35109
20636
30693
20750
4363
37368
5422
1108
197
37245
17205
20363
13710
33609
34345
2562
25560
17922
16649
24251
34997
12556
13747
1065
11939
19126
24230
9316
22610
16814
11298
12661
25151
33795
11714
26730
36593
25283
26643
11432
31523
16659
2190
15919
35488
2831
19323
16307
29159
10966
7172
35368
20433
1841
7711
18964
26317
28775
24111
17796
18680
9571
16902
14067
18669
24810
21873
8776
32840
10361
32877
21641
19328
7336
22554
18576
17541
2430
30449
27341
9801
24607
15926
23713
35882
23526
17112
30594
10471
15732
3123
8082
8804
24405
13503
24103
27998
28231
23705
6866
21444
3131
17403
7820
17320
30495
14934
29393
22784
12109
5046
25251
16060
5418
7361
22436
34702
17643
18497
4210
14973
20438
37387
13151
16014
13260
4133
12070
28623
12376
25326
34832
10732
35476
17460
16666
13755
32136
33756
19447
21094
25745
12378
6439
9779
7479
21698
30464
23726
33989
30509
23683
10920
2780
33626
6787
25076
30768
10370
34093
17404
11765
17526
31456
10135
18237
19455
2772
9735
37261
8170
32034
6817
2930
32592
22665
352
8624
35682
12301
9262
11554
7871
13359
9346
23613
21727
949
11077
37705
16751
37269
28820
33192
17584
36477
7414
12147
22632
34407
28344
15047
33233
593
36354
26625
14506
21592
7163
36172
4228
23670
10754
32726
13505
6772
19704
25171
36691
27705
11758
7741
13969
28774
11382
35517
33997
12702
26011
12202
23187
19786
10527
28615
12796
36680
19383
21967
17542
7508
30756
28683
28824
16200
9591
18995
11633
32212
21747
3215
12885
36676
29180
24095
8747
26113
15223
20377
7488
14082
7777
19821
11127
29789
31285
13875
13622
27546
1529
9868
21946
6917
22491
15463
34417
31868
9549
26911
7706
16296
8175
3592
13946
23894
2947
9687
27469
31639
1744
31122
28830
34517
27145
22355
29458
15329
13152
23847
8933
12023
15785
28561
3651
34823
4788
34850
20163
22580
27591
19016
20809
28542
13175
2598
9073
12125
36120
22254
25953
12959
6418
3843
36168
15425
11141
7465
6487
8448
4259
7444
10865
2279
36714
4802
26632
10625
34381
9312
5554
31008
17488
9987
33549
5763
476
24753
69
462
13362
35931
17231
23435
27912
25137
36160
27541
17659
22232
37692
26716
17041
4526
6824
4275
16003
12841
13732
36736
20478
12158
8439
15381
25655
31059
30809
2379
36278
15718
19385
8606
16599
16335
24061
5144
35394
8614
7288
17822
3461
22857
37647
1492
3736
6390
2610
12833
33004
4251
33304
9074
27284
30515
27174
24644
2018
26984
3059
23687
32551
14948
3950
13414
19522
7663
14639
12616
17997
24158
5126
17075
28379
27447
14242
20908
6782
13544
18008
25199
16535
25145
27101
8718
35338
5548
861
15035
30853
4649
36031
17398
8904
25134
31863
21935
17286
9529
8048
8215
31789
19970
10501
25296
5807
27422
30354
16504
28257
18253
36369
4686
20964
19919
6848
36283
9757
22192
26897
31603
5664
29079
37199
27352
8536
12214
8926
21982
19476
22591
8922
34697
15816
14627
17648
31005
33197
17773
1435
9182
34431
24064
10923
29091
36091
19598
20146
22217
24902
8297
25106
7764
33815
13717
13816
5462
28036
37102
27894
8158
29506
29671
16742
24925
8097
27157
32727
7152
12530
10353
17072
10680
32911
20514
3322
23472
19969
15336
22393
32626
12344
33764
27025
12645
2775
31933
21272
24547
37090
33694
11470
25211
8686
1661
22451
4763
29165
32925
14508
24046
17480
35914
36234
23422
14335
15373
4751
34188
13515
37425
17538
32827
6265
29377
36263
25385
30731
27565
6120
33796
9143
3703
28756
503
10060
14143
20890
26022
33705
14937
23449
13901
10431
19097
18117
14523
34038
396
1061
110
5158
10800
10803
15988
13828
32504
34456
12057
1932
29798
8744
31362
24574
33366
30785
28318
17077
22461
1092
31264
25862
6085
32576
20235
13156
30365
18615
22150
3566
8918
9698
18120
7755
22018
9337
2148
5440
8315
600
5528
24484
22034
30374
20263
9615
22539
8330
4684
21195
1256
35963
20907
23744
19359
32336
17676
33263
36271
34897
37431
6460
26638
13766
33909
21142
21633
34709
22888
24406
18914
10531
11114
7175
30231
25807
29638
17637
11956
10521
258
11227
1739
6943
24393
30830
9533
21900
5507
12101
30883
9263
4233
34504
5449
9394
26026
17013
25202
5885
6788
37060
27681
4904
5998
372
19111
2843
29226
34538
32168
20209
3390
24108
13796
31595
19791
19973
35361
1193
9824
7457
4918
1889
6497
1293
27781
7044
31896
4768
22360
12669
5723
5857
773
20137
6350
31892
28856
475
5704
21907
22561
9781
29960
7322
921
27725
20477
32151
19197
18718
33166
6874
12802
5826
3583
18114
49
14760
8312
18256
30476
21560
23045
15563
7167
29467
14074
15679
22838
11532
11739
31803
24912
14661
738
25669
21186
19158
19168
28457
35988
26575
8611
31490
2764
28
11054
27127
24834
18653
28633
8389
27670
26484
21194
24183
28369
4406
26225
28742
21329
21436
9001
36753
16710
1005
8113
22109
4924
11689
16536
17644
36912
16510
13518
7047
29044
10948
1335
24106
2409
29908
29227
12105
18547
11104
3871
5982
35024
1558
8642
21293
12894
11520
27355
10984
22874
8373
11856
36385
20743
26826
26861
6425
31252
5688
11857
15614
33191
1755
23191
17265
8771
25352
5366
28186
14042
24938
19968
31126
36454
4753
34007
36149
4427
32208
24874
13728
3823
31075
33911
35133
12749
1728
1543
9758
11804
33434
17674
13271
26482
26871
4477
13217
10126
7531
24253
34634
35185
32206
8166
31478
19185
21455
14588
34340
6225
7830
31080
27798
854
19825
34553
7321
37043
5699
26008
5946
28026
14134
16830
6109
5374
21099
32681
20917
21183
9629
4906
22136
17524
30473
4367
2224
29039
37036
8942
12094
7523
27375
29402
31955
34945
18319
20779
28499
32312
32865
18846
28789
8324
27190
33028
20892
24344
36320
32383
6600
13367
9887
21470
27218
33091
5639
27433
16668
19299
30679
31891
22558
30827
18963
20308
24619
9917
34301
37153
25523
3595
18377
9731
23003
18543
15784
18088
17069
8112
17327
28574
29653
24229
13292
15800
20797
19365
19717
6627
13671
30658
26501
27634
36588
6093
2157
26910
2815
33325
19609
2407
20669
18903
12856
13738
14159
15288
16258
15202
31856
25328
34492
27304
27071
15951
3853
6289
5010
7526
6820
394
34693
11283
27657
15087
14851
17396
37152
546
8768
32356
21294
12658
25324
9994
35402
11482
24822
10811
29400
553
9540
32930
23443
7174
19116
14176
10774
15186
11779
5457
31696
36727
12390
16141
30587
28265
33223
4515
53
2804
468
37163
30161
27441
4882
23975
12913
9699
24540
9432
18627
26412
26078
13091
19088
10141
6880
2567
17564
35211
12136
13988
33377
16657
14051
19535
2838
21994
34763
32468
11875
12579
34001
36224
13301
12267
8952
31540
9989
9497
20944
36675
2642
33466
7860
11257
8627
17521
3149
5644
34926
1616
21917
37213
25247
23126
3645
5565
31395
16419
19796
13500
14147
21642
9002
5458
3541
14009
21874
6099
36915
32908
10482
20113
30904
27853
31030
11441
10729
33072
10319
33840
21911
13334
25306
9518
4255
13678
8654
27818
9351
36264
36183
26734
30538
15583
31275
33460
12695
17609
24225
30980
19339
21868
33874
14971
977
19685
9305
2484
20965
11949
35678
7481
23476
3896
14170
15626
30659
4785
16045
7258
30770
912
12773
22564
19564
26324
17258
4542
34557
20901
17164
7250
34756
28479
14269
23321
37210
6827
12498
33461
22319
37187
625
31893
17202
18221
9021
11228
7344
36594
33198
17798
23512
2588
4319
7068
2868
28010
22357
12199
9071
3351
34753
22861
13927
3094
29166
29030
36131
11703
13190
4175
5670
26140
18977
29451
1238
7335
13621
2692
22444
30313
11607
36664
15491
6269
17937
4549
13273
34903
18978
12372
8780
23392
13735
19050
14509
36040
35036
24536
13430
11001
22178
31272
14185
11136
33176
17913
26942
32950
3916
29495
37709
32519
987
33529
35412
32937
35223
10386
6922
10711
17182
10573
22356
18137
1724
29020
4312
33363
6985
1237
629
22938
17750
8226
33500
24883
23000
36710
17166
13955
15914
19760
14087
20358
33854
12166
34738
27784
8765
5325
5886
5976
28246
3126
30635
4321
17731
24010
23360
35943
7683
7214
13862
36833
24855
26430
1613
6004
7271
11197
6518
16344
16111
17316
22613
32424
20742
31363
35783
30209
8468
13498
15733
8049
7603
28135
21872
27805
34403
5984
21165
4784
14197
19957
2286
10114
33216
20675
35972
12594
37099
37248
34427
7511
26275
30409
26021
13519
23576
22582
24086
4657
29534
28981
1151
23055
10812
34836
4855
16250
933
7672
976
24045
8163
17772
37078
17017
16244
27489
19059
5543
7953
2064
8667
14607
23456
14698
6423
14267
13259
6762
12285
31349
3143
17646
28019
7989
8185
24110
1165
13745
28737
17605
19803
31232
10000
20941
35212
1867
14586
13140
17042
2929
35345
25275
16341
13485
9456
35163
5836
17274
25371
15388
32569
15706
11334
24460
2521
11477
18025
11248
2308
25510
35156
8891
27448
4265
20001
31983
31763
28115
28794
27633
7204
22654
36946
19078
7202
29983
218
13871
27110
11589
2881
22923
12124
29104
18479
26197
8649
28148
17665
23176
16012
19657
22741
29094
31376
15115
12469
2281
9355
24762
16069
28092
22044
16245
37648
449
13324
14867
33892
28299
22335
6467
36357
13516
19731
28744
26043
32176
3844
31824
12703
22193
14831
9948
17638
20081
24667
28096
29972
32016
9633
1925
17686
14247
5719
22383
228
30979
9308
34650
32066
23368
7935
9805
23277
36073
2107
7568
21904
32299
33152
26094
31193
34781
8319
29017
23834
3103
27782
35641
32822
8507
29663
7565
11674
26133
27994
8263
565
30993
9942
18173
1722
24149
8827
10452
11618
36970
10265
15438
34447
116
5202
16187
19008
35031
29942
20058
6496
16133
6111
21033
32802
14980
15278
5200
33744
24488
34881
5495
6809
8635
16980
22175
3696
5713
34494
15964
19267
17781
19735
14404
31651
5837
24319
10791
7835
17462
12145
34320
1015
12384
2840
6842
6136
27732
15152
35966
19664
5041
1915
13472
5931
14092
23200
32070
25143
390
18274
5219
11005
25289
34857
26222
19025
21052
996
16030
25044
18278
21242
7534
12990
10481
12974
12347
26982
4162
14672
34787
20439
21894
4032
18107
27236
34585
192
31979
15166
23646
123
4081
5498
33718
35917
35524
5686
12183
16007
14188
2867
5930
17692
17284
4928
22282
5359
19621
31703
28215
29628
29985
34868
4283
27457
15337
6338
1782
24456
20432
17718
25479
17732
8563
31247
31050
18808
21259
19203
30977
9091
2092
30991
16813
6524
26067
9120
21764
8410
37059
23090
14589
8702
32657
32139
13545
20386
7908
2490
127
30790
1908
10006
16619
9898
204
14759
33292
364
36943
16364
33479
8502
19171
27676
32799
35021
28362
31391
1923
20666
22308
10108
13742
18428
23525
12866
15518
9498
36057
22347
9086
7699
28954
7178
5991
3033
24157
21780
9995
33664
4512
23802
11767
23511
16820
5452
28150
31410
11511
3744
1521
474
12132
3908
11619
6652
11781
7477
36398
19500
23483
2587
14570
8249
12788
21962
25647
15898
20254
28591
5768
21787
26496
26059
26395
30386
7884
36455
35093
30917
35905
17359
3299
11593
11147
25248
20870
34174
31113
186
11093
4575
31124
26974
14101
2460
20546
23415
13229
7533
32189
28364
180
36189
6037
32954
34281
32138
21087
13898
28109
29749
6744
7501
14062
9188
13120
17606
16075
13110
26360
31872
4887
24436
35928
5591
30341
1534
32498
23438
17562
22162
1084
23452
16561
20103
19718
34031
28734
1980
37352
34740
36806
19143
13651
15552
23288
23203
35884
19670
8533
29124
35634
18765
28886
32627
22625
28433
18611
32379
25
29219
1699
29834
26247
35973
29301
28864
22550
11448
33950
14830
1552
35044
10013
18629
16418
17607
10066
35549
16686
14474
4884
25447
14559
432
7244
29428
36418
16809
13859
8643
7376
34160
21344
20736
10584
10259
36990
16130
1592
27063
32575
30532
20039
37533
15771
21270
30907
13495
29648
31096
23170
14501
1287
35373
2403
17566
30911
4219
30875
35094
23795
18037
3382
4823
15171
35370
25651
17246
5608
4336
30929
30120
5647
26742
24946
15939
15273
29673
3778
17645
28616
29786
15684
13655
24983
24889
19466
26382
5169
13552
27112
14120
8650
10257
24051
15150
13460
19230
30494
8897
10735
37307
27390
31219
25475
3791
10658
26896
26891
9020
24009
14427
14590
1320
4002
9138
36784
29814
17057
29466
1431
3022
34755
16058
36024
22675
16063
955
23561
4923
21081
25795
16879
5156
37439
7570
23725
28968
18610
24727
29741
9586
36835
2448
12309
5867
4995
22258
7842
5280
3629
9490
6988
21373
13832
5481
4392
23102
36483
3885
2705
15653
8619
16996
31325
24074
11063
24153
12209
5224
31675
33641
1247
13017
10500
23844
19004
30206
35333
30104
28939
3107
19134
22172
30750
20934
32893
27704
952
106
28978
16906
18245
30404
12453
32408
9790
33276
5446
1403
27430
21413
10039
9260
15316
1832
27291
29609
35798
30255
22664
5024
23319
13837
23897
1218
37577
24421
23560
1502
27062
29003
13087
17384
3654
13116
13869
1499
33714
26055
36718
33778
17218
11056
6796
28145
30187
472
7080
33820
12706
19867
31224
30501
17073
560
13238
7463
35129
3178
2222
23068
33624
12108
31467
30479
32638
26802
25759
1311
13989
14353
21580
36631
2673
31730
28132
13089
11717
4333
6786
2271
33449
5273
13760
11071
25524
30725
27354
27968
17481
22843
4971
7581
22956
11095
11982
26746
23092
20651
10162
4328
6495
12893
12631
8737
16916
9616
29252
32369
2984
27882
20361
18639
23074
19246
17628
24794
4695
9683
36764
14584
26567
4845
26164
12967
2425
10237
4394
37365
34168
10684
27866
23976
23188
383
30144
35072
897
20782
18502
1466
10426
16034
14870
33857
35356
2240
16796
807
13373
26614
33125
2314
33370
34676
56
37112
29088
35834
22787
5087
10586
15470
1153
18230
65
2088
19294
15398
33148
33146
35189
11579
19950
10778
37574
7148
23896
10624
26531
11323
12053
9144
28184
31975
26532
25096
16778
4919
25835
12817
23739
20668
2099
6489
29148
16313
31153
35625
22233
7468
35864
783
17422
9713
8477
28104
5766
11301
6639
16776
30939
7388
4886
8207
36067
14873
23756
15130
7984
18624
16078
12529
25100
16954
1638
23432
4984
21114
12719
14424
7802
23073
16437
2126
35186
8989
22060
7710
16182
23316
19985
29647
7031
7718
15324
19279
36094
30278
22073
4017
28876
14872
15244
26783
28413
2682
4324
35551
22325
31808
29318
34095
23584
3857
9567
33512
21975
36655
27617
2860
10268
18286
31857
34582
28091
32490
12848
34983
5229
19351
23710
9125
17673
26309
11819
6993
37560
35403
5944
26801
21865
15503
8429
13957
33218
18306
2955
5207
7382
19850
18684
26310
7814
36457
1426
13976
17761
35847
22832
24911
32275
196
7617
21803
30236
35826
30815
8876
9804
15427
10012
16983
25793
34588
11751
32171
30055
35110
29427
3947
34433
23107
16477
35730
25086
25159
25781
14764
10886
17995
17299
5898
28461
11815
18905
2716
16196
13386
9341
10139
17215
26994
33273
9557
28907
31365
10421
15742
15870
7289
25961
9243
28224
16829
8935
23235
34090
24576
33289
9031
36886
3335
25244
34379
30751
22513
36724
29128
22191
35670
14342
22365
37172
35695
31598
29498
6012
37007
20441
32350
21726
22095
271
15385
14011
31941
8516
5129
17283
13398
3957
30887
19491
14645
34233
26894
31729
32229
5031
22945
899
1377
10156
5844
33249
22586
10053
13374
12555
33127
29527
5355
7342
29098
25609
23609
28740
37246
26702
1643
32612
10917
16073
641
34742
1301
7455
21190
6752
23796
31455
30974
33260
23114
1750
15346
11775
18954
6142
12226
17746
11798
11546
3564
13281
25950
22990
8451
30506
17391
16255
18135
2893
31658
2906
32558
144
21888
32910
24708
14922
35158
17595
5237
37313
22247
35921
36491
24770
30110
32019
16
11013
37351
24304
37116
6821
37618
33416
31657
21783
10020
15296
30625
29975
9564
28536
20811
10254
28516
2547
11501
28250
24015
13167
27400
3816
34426
26434
8247
9596
21594
11307
4914
27083
13582
381
8675
31501
12082
22841
6853
7903
25693
31890
28373
33927
9215
25207
37484
34956
35004
7707
5666
959
29875
14240
18255
2213
32130
13427
21460
15960
31182
9036
15956
28033
2799
34911
33300
36712
36068
34556
10175
2402
3192
18930
32920
31618
18594
18736
14161
32769
30274
659
30289
28991
16017
23437
37176
28471
4497
82
28685
27740
5168
15136
31769
20512
1380
27507
30399
25988
14887
31357
28618
16548
9330
20875
34637
4825
4457
12236
7063
93
4576
18185
9743
19812
2344
27945
19215
27309
3684
29306
36908
25578
5909
5977
30492
33324
14141
32955
6660
33496
6492
27482
36532
32182
36878
14866
8740
10768
33947
13979
9092
26230
28465
21800
36126
34256
36045
12766
18417
16046
17758
20803
20523
6161
8188
10655
25239
35732
17233
3221
36628
380
19511
32715
18075
37506
26485
5143
19096
32666
14673
27261
4241
3779
2016
34791
10382
4885
15701
36394
35509
229
10669
16484
3685
27506
588
34848
7266
4658
29607
4414
14215
14849
5950
8762
7895
8869
35752
12092
19283
29271
8754
30297
37330
14571
19551
32773
6191
24171
2732
19316
37006
34674
25554
10453
14430
36415
18769
1629
25887
15304
35168
31854
12107
29686
30707
6233
11709
35677
21878
28592
33704
34615
25258
15331
11818
24215
6626
37230
14323
2032
17154
37301
34993
4064
7081
14573
19706
8379
12354
31997
5994
2667
21234
8569
30925
3665
499
33553
11119
1040
25929
5983
10115
25237
32967
126
16870
28351
7018
1195
35417
16868
32084
4954
16042
12430
16106
13634
34113
18757
3856
17805
6994
12243
17335
2122
28619
23128
37247
18916
16834
13132
21629
11784
10427
15181
9256
36592
23903
27104
1476
33202
16149
27211
30072
7528
9705
8998
6260
30655
10387
9796
33231
22889
13014
24455
34904
22370
23822
11545
22438
4148
35768
20160
31876
30764
26862
23085
18948
29060
7559
34037
28894
30626
24869
13813
18503
34609
23056
15250
22837
21793
28902
19139
7057
29500
6251
37315
10998
10014
25325
20506
22005
33061
27722
1425
6833
7507
13878
19920
23881
16146
24445
2342
16180
30819
1603
26543
36077
11165
17323
20511
34675
11726
28917
22723
20643
1358
36687
9918
28079
31887
21148
5908
28916
31063
4298
20214
66
29913
23852
31717
5642
24252
14440
27365
16137
8457
27873
23653
16077
16265
17001
982
16827
17905
2723
19651
2978
37451
14369
35193
15942
24078
25682
33990
26381
14419
34341
24338
4493
21561
22707
5186
44
16010
30694
997
20100
28525
33495
2174
15505
4667
17312
19521
485
13612
4533
34317
21034
17775
25164
22443
4417
14677
10403
32338
32471
8348
14233
36421
34217
34245
17956
12262
36992
33278
22640
30353
27537
23442
14512
35026
16884
610
15339
18484
31242
11018
5637
20234
4231
8344
25181
36928
5618
3085
21397
12095
17177
3732
6279
16911
958
34505
6598
1895
5254
283
31634
24709
19260
10611
25638
28558
22412
18304
29901
10848
7094
12800
22899
11874
31488
23900
13380
31522
17830
28528
8088
7586
23892
15750
7440
23800
88
15348
34854
29399
19787
6217
28553
36566
32710
31207
13508
33137
26287
7977
9218
28681
19249
23666
28438
18402
12305
36229
3772
29575
3251
37701
34921
14318
34699
33769
22866
35592
30604
37376
11514
23293
34543
26276
17171
14138
20324
32980
13351
14793
10980
5387
2740
29188
3372
5020
11310
6852
15936
35883
5792
25095
25033
34289
20821
16102
19346
36701
35777
27738
5698
12834
4696
17735
20315
21363
31901
32667
8202
12446
14727
18320
13679
32149
23257
33655
22884
22780
15813
9840
22688
8002
37185
37483
12072
19866
19916
36326
22209
33793
4466
17465
8136
12162
2561
27445
538
23982
28018
15582
34587
22078
25621
33016
31202
7073
23799
24155
12061
145
25415
26467
31043
7815
20529
13366
23236
5455
30052
12411
37438
10652
27756
2951
20232
9338
23915
9296
15075
35952
23940
27799
11087
2388
30480
33844
18545
32090
6868
5188
1711
17162
29545
34399
2701
14938
23591
37178
11374
28512
36671
34901
23708
30556
33794
5893
3576
27141
21284
28752
35358
22396
2511
2115
34525
14709
32616
16780
22667
14347
3822
28243
11928
14561
5571
15469
5105
35315
35308
33656
18246
14118
4509
30070
30301
27269
3653
15070
9658
173
35434
1611
16569
7658
13213
37669
10827
21003
28166
2211
23263
20503
5835
11693
13768
4532
17587
23505
28204
13473
5164
5085
29297
13264
6241
35945
1790
16761
34880
19827
13108
18651
13596
28151
5726
672
34378
36180
33733
20970
5344
37672
15251
13384
36207
2150
4421
7914
35704
35656
37299
20312
34612
14390
15928
17124
8908
28194
28958
12980
24036
11794
7742
36436
19313
34890
19373
18142
10318
33394
34640
17800
34045
3989
26525
28424
15125
5624
19183
35839
30430
29343
13585
35637
5008
24498
19282
32289
9463
32146
484
26872
3915
6983
12741
20638
3014
7330
34159
17545
4196
32190
13069
11190
16601
25006
294
32833
34539
10912
30391
25246
30316
3483
36941
22275
33076
25567
20922
9094
35067
8168
20173
4381
8545
23291
3177
32540
1249
32354
13412
17252
4943
19155
19151
37469
21093
7038
28405
32973
36870
28420
16397
24221
9398
7462
31321
36150
27665
17133
26607
19342
26308
26834
28082
19656
1343
22639
1071
967
27349
20672
15098
24282
10863
22522
34590
23132
18552
5013
33437
13542
2251
16402
29576
11934
28520
26860
27653
34527
8977
32380
17259
8400
3325
22958
13968
10338
27178
9573
10089
13187
18791
26486
15028
29666
35514
18094
30696
27119
8600
17449
9340
35881
22481
22288
20558
4716
25715
20687
17927
34238
11985
24657
20365
32434
18824
2145
21318
13317
2061
10300
21588
23094
25792
1019
13797
24029
13294
12692
11140
33910
29273
13827
37101
30954
30488
30661
16988
9475
15116
31499
22312
19502
28317
34684
32173
30583
17107
12503
9543
31806
37480
24123
8914
9926
23370
37156
13123
23808
20239
23389
5065
14004
16261
23931
10642
6613
22342
16926
5718
17789
24527
11523
14064
33316
19683
1865
25640
29858
27188
14576
33347
9356
299
15103
20701
4579
37515
19115
12412
11964
5275
9032
27484
12005
11878
13376
11702
35050
36597
1353
23281
9300
643
12783
14914
5412
32319
33077
10100
16859
5139
33059
681
31347
17812
36095
5095
29207
10364
17426
20617
25565
20545
33052
3385
18563
13245
6394
22358
28297
19512
18143
9581
10440
14961
14915
12770
18529
1927
5589
15393
5317
2446
28423
12190
17004
13297
13870
34398
21362
2183
7347
11915
35482
33701
19992
28095
31072
2300
19845
35283
32934
14407
16941
16478
19005
20532
4161
15258
14261
26228
14861
23607
37476
26946
35007
10334
2911
243
32767
11233
16112
16878
1991
28077
23922
22920
2858
13313
20749
3443
34311
23224
17739
23416
