477045
56142
436246
352523
337157
123643
465059
148404
342195
57453
294298
301748
450622
312171
325039
98186
386482
46310
242970
450978
101035
387313
145871
272787
113420
41995
311010
29393
227620
508006
196536
188033
464895
244359
523324
44070
122755
68480
21879
486239
237766
474334
328601
375499
468918
431410
270797
377340
203545
487898
510680
15823
513029
464384
80253
496718
395518
297550
57964
54678
467775
256597
534501
186591
369739
381928
99239
109129
4361
515692
433244
83618
39131
292781
332714
278308
224456
232561
216233
336121
53980
241309
25554
189543
523640
288785
440963
517211
292968
332007
352299
121667
78418
146749
73724
373561
413016
371123
437028
497009
327813
70504
95721
421125
72983
450123
212942
227237
418366
265236
411969
123251
27745
272561
239260
290393
199875
428400
514613
3699
201814
86714
308853
250979
407755
411828
130061
513882
519704
339142
27001
402095
487733
290081
188254
177393
304032
73912
119538
371497
25121
240178
229196
84085
358619
116213
80935
329129
331974
191524
124136
197765
201850
173972
238386
475925
194601
381956
395358
44892
174784
15936
136401
376364
180728
416568
313348
307835
450554
297270
329769
94028
81038
115483
206740
146719
285894
476833
262849
217989
121996
212047
204729
212622
21603
466618
76927
305014
463743
169003
341725
68999
282230
226685
342343
413775
366701
165149
210672
382976
50936
452195
63152
182113
496520
52743
320642
30244
401945
208342
460530
443432
373786
191560
326538
277374
107496
74274
242717
368044
534911
253302
472114
157536
469231
451921
365533
358182
397422
243155
423623
485445
503664
360499
66946
5924
368158
390141
36622
366090
350195
69912
298120
72682
517497
410112
522601
137840
411506
283653
366580
112798
267449
114746
219630
361706
368911
299589
191372
108493
454268
90380
308500
16998
221877
62530
336167
373686
517886
51180
336064
7664
184343
477889
76080
376094
300710
268011
369886
523739
124176
383752
507029
182589
6888
296249
426320
229775
168047
43259
65490
339205
68479
166461
239693
392862
127926
178615
284703
289247
453768
48172
153941
287716
169558
302368
357643
121708
37774
274794
399655
67563
199351
398293
53509
471262
508543
89158
235372
185757
237797
445351
119681
143628
462928
376459
332538
453568
77956
238833
534022
345574
438328
464680
11629
18802
73504
136037
185726
167241
231444
156244
219625
426534
223064
473719
299681
316801
165589
366110
296812
63926
193865
516445
112577
519512
477015
426550
410199
502707
137630
501116
264594
170770
202785
454233
68914
282805
260122
402204
108505
434389
153265
439884
20292
187967
473253
524754
278809
101796
220746
168787
64089
140295
186292
314712
266690
478053
336242
431000
306068
245540
199089
363390
477663
123
380138
204876
317206
210655
51400
378011
472161
285091
483164
419582
212922
235796
483909
259110
368748
215114
234246
396274
275245
268887
150433
302128
270586
421339
448855
384379
252279
22878
41494
49282
25285
367140
385419
361635
418629
148447
164236
258413
249778
307575
32840
265493
494388
96473
3246
126522
455271
429747
403828
224359
108797
249397
191239
25310
425872
168699
245972
430229
98495
250833
53778
191207
353952
69561
233339
3704
291465
474266
116972
62898
128585
170037
354994
181272
273100
167612
396287
296956
511874
484245
432636
387415
232792
296346
199200
122801
238399
386406
258314
120969
180256
216395
377067
349925
208869
264678
44089
305578
51615
322586
27796
423201
490991
255954
413764
400020
46307
464167
346823
470169
427723
235579
47765
457066
322927
377574
153468
153276
314836
340836
332682
379842
396355
48843
191763
280783
303067
435829
236819
303835
244306
61594
126345
238380
421056
97525
447114
396740
348922
515032
205191
185841
60585
327663
447678
113722
192106
73084
248467
135793
192112
260507
461948
381744
361784
326949
282978
256733
117243
156688
493936
282351
281686
124102
412673
120829
453529
7491
498550
275861
83570
278225
529737
287288
370277
269316
55782
398457
192709
322054
97056
303666
229828
491025
307700
477610
2364
533381
177835
463245
460895
34316
9519
531740
74442
512700
355792
355513
258915
289814
256249
49363
424271
438961
387849
496384
133292
45936
421689
139325
259195
76270
304218
220806
122265
504434
181610
185794
151099
441994
422148
305698
347675
167918
473151
432249
158919
113109
349136
264928
63013
500810
40468
298477
223753
6094
264956
355570
433482
3989
515657
209372
482792
134864
419990
393058
218187
480602
221329
423110
31876
240553
18960
79448
214638
255706
336011
388880
418582
218268
294950
196711
225982
459377
83831
466451
457743
137377
126797
510184
49698
291389
181233
220802
126197
279184
511869
316939
109684
174016
328115
519153
249677
164776
248448
128857
278692
224994
425096
482641
42934
303325
161758
310546
70839
166586
47887
117512
514027
74596
330812
140780
15929
15509
78928
79367
170026
216733
259156
188988
192430
493487
124298
393026
236787
312638
269360
368724
31564
294891
234429
102565
175510
108511
468504
365865
265843
98870
320138
222174
385832
419283
377593
387276
96454
42977
19446
88262
322473
302320
298605
97312
39586
49213
487355
100385
62102
52772
384979
315672
329012
449206
141468
490527
248740
117175
263696
85576
37790
359374
257829
235181
59918
150146
284826
92146
485159
69450
410450
249521
361592
69651
156873
238430
9158
4390
83874
126913
189705
497990
465245
99901
264465
309846
101745
120498
351664
400269
254031
520600
44472
275224
178471
173355
33448
516093
364565
86494
208635
37862
121340
505130
334899
317851
523371
300400
436255
519128
73164
92472
381882
499154
127552
85637
517316
466065
91049
439566
96022
466384
24558
1144
436260
170211
175995
271315
274291
154601
474441
244993
530708
395474
375959
207440
456793
344078
524558
204777
15527
490990
203984
359457
468940
107280
408687
368312
150240
481848
393033
148625
382145
445979
24406
79536
341540
496144
186056
90202
425399
450474
437463
76639
220569
43423
478625
236964
111545
75946
16196
432803
322842
527421
138898
42513
76829
347357
327609
4672
313601
88784
36173
184094
412855
181880
522434
504278
106075
91863
78545
4750
103836
345154
399597
349693
12390
58372
133682
228606
337258
508555
371403
119700
111758
206796
406754
482587
271712
476088
445741
297562
155248
344671
250516
489998
199095
306535
294027
494182
263138
194557
191320
131549
204670
320838
363699
241928
148237
14953
218740
369829
530350
229216
118987
227465
116557
97
219861
32621
371949
10829
427789
95657
212926
390571
427042
351709
350697
119775
83507
103648
226014
91024
481303
411527
524180
394848
87209
230557
519750
103959
311125
469900
514607
248776
50120
529812
464404
139923
101669
33580
91512
95788
450904
171191
302253
438167
290759
293462
257802
159947
452919
52541
287389
453455
327874
35863
528509
266803
505220
438779
492875
132791
49760
400262
39289
497714
46269
369894
504611
247457
332671
490524
28508
194429
289629
188730
514101
247007
260772
245127
31749
506906
130440
68652
4670
240749
365224
482404
431286
376338
261028
302550
242445
231241
531323
73808
276723
244286
484331
430712
60683
410138
471559
424744
220839
53807
392613
205839
27437
115494
414428
92197
483718
531422
82806
137503
36607
1533
156321
304438
430795
152603
94138
473470
471553
113503
283387
347621
30023
289840
171701
36444
351902
434582
405527
14815
214047
80406
291062
415774
159225
383578
275786
163696
45728
244134
315491
139306
531552
145963
423213
400147
235554
270460
295286
299528
157289
319984
51798
424953
294092
458557
64439
231096
121414
26097
373157
245226
111933
171634
351450
349308
181871
130657
529722
487178
343666
35381
48547
313298
257261
179343
217432
207318
458873
61733
477985
119694
386456
77157
357025
323468
390169
99177
487383
423393
440887
294423
119936
425430
429295
406560
387719
378864
215802
173781
329213
167551
286051
399320
479723
535570
125172
182526
303379
454533
289581
387149
297824
63408
264814
235362
525764
192409
517743
388179
171483
223061
455058
113751
121421
151492
284385
122758
118157
236162
208343
233775
258629
96363
534722
62786
281317
425007
166550
319665
454867
246310
6792
57937
319774
146024
400687
404411
352388
277040
384351
428043
393996
529554
257172
406557
223200
265422
56548
172798
271811
253867
349771
320127
104127
69709
35955
7137
7513
75047
430912
125458
429444
280057
299582
215620
158740
9839
431875
21630
454453
367519
176149
392452
401569
374051
71620
456595
26953
7080
394591
501876
361895
397432
492695
72251
73567
75658
261579
477914
239455
335958
111493
115938
176927
321145
224369
312037
344516
321072
137809
300971
405407
206218
80074
121294
493760
326185
300443
276052
99400
514863
77759
100325
82394
105176
85039
510171
358675
313318
396350
8055
430034
151144
5744
305348
457365
354920
445948
194884
124295
334502
87460
452836
397195
485483
219647
179811
364217
89283
185006
13543
315104
170473
6375
81977
305787
92282
232964
374176
66961
470283
218322
146278
271785
368862
194422
14800
445736
77943
394809
229896
431939
347029
487840
39246
65550
185205
261229
326811
222833
179477
272148
535828
208222
524841
223940
408884
416526
69982
119072
51130
255515
104860
216739
71788
100188
534139
410264
159239
386864
343911
523566
499638
209338
269887
278922
534112
2880
145020
320814
431007
283879
308274
175140
164312
15704
147878
174769
112044
300294
115950
145595
338224
88904
271051
99171
82426
523711
318973
204131
210400
440626
182776
190322
483885
323463
16046
404521
465579
363783
234299
326913
106932
489843
273325
266330
308869
376236
69869
16158
165662
418161
294280
416892
215593
241933
35817
386946
447373
116472
441686
283211
410447
495199
165403
92001
289273
179656
521573
24175
122430
24565
442791
208500
385829
278683
534998
204130
375694
361008
181415
455241
313024
447984
506441
409248
392138
127526
20978
476450
418701
57647
402252
311914
346889
261790
478767
414498
22263
218046
519836
33902
20741
140298
147013
530371
289278
502163
180383
117973
233032
424196
254322
323989
31541
58152
91757
403214
277906
329755
35050
143421
28835
505493
522198
300893
239796
290791
187190
286599
276589
72963
274767
419324
263402
59358
227177
279093
309873
37758
392525
358415
237144
9650
201013
306182
406242
377084
325722
125965
210328
265909
274421
518261
289443
515291
272260
71927
289946
267157
351033
327330
442468
97337
109117
274120
179558
484188
86573
328732
17895
217991
469688
232849
129515
94147
273616
282352
503629
367337
84793
532812
217723
298920
345400
78703
359873
117475
80077
62787
334501
329762
407426
227383
325775
71513
92746
174666
190428
468595
90471
370126
320841
332264
207124
143435
259050
153402
250275
291882
90905
149751
505116
280882
91491
58748
173509
277152
395235
360125
454554
250873
101250
173264
111816
214734
407394
448624
6000
382545
48270
393623
466262
78109
342900
198464
20191
306134
110262
208557
387104
189789
167686
522120
464019
476164
430988
252573
41825
336267
130066
122622
446504
212790
145182
354225
417322
266638
387214
339037
502799
356250
183026
224107
475004
78400
72097
151680
464873
280323
240784
531654
146324
354335
494096
358899
70559
330858
151585
96418
44108
76931
17188
334326
171526
150499
72103
426836
226916
252769
38148
480718
372101
514236
120250
471566
97688
462098
216359
142193
60939
221038
67596
241880
476567
105758
166334
269385
201080
488514
224496
371001
222281
187399
220501
451829
336166
381116
487630
247696
191465
233871
245631
228588
297228
10448
439424
428349
304228
518467
321780
509120
142525
399048
164003
197784
262965
458786
34977
2925
107142
512123
319375
280365
535782
485881
440446
430588
282595
53880
202176
323229
153066
406794
475352
49865
496130
379712
69470
45811
21402
312439
199886
226055
42875
31930
405286
213549
504191
100458
444233
79594
217773
70977
156830
220144
285602
293142
372975
535059
463658
344804
283298
390140
36289
110370
467365
418851
189560
7857
423099
101813
51742
458162
319827
85585
62389
100821
202257
505202
491236
172960
288989
12240
361118
46222
385306
338068
375433
64779
363802
327505
274030
88344
383422
332262
218509
251594
65339
481240
387159
24158
399349
390498
242596
482119
477799
503284
206215
328857
263723
163731
122302
108560
495467
91412
123740
429299
191437
158355
161289
431303
145477
39199
76365
346213
59263
136919
449756
134390
111496
94317
189401
81629
428565
442854
191513
208495
43283
296439
521017
280070
411827
299054
503783
1705
306704
361580
337499
227774
394478
146392
96490
100605
106363
429859
174276
301142
256821
219686
95209
528376
47587
116762
90385
461627
50227
522232
291135
346410
86907
305632
177039
242019
524617
196657
102039
385971
330722
336697
327383
422784
381775
445398
420951
465263
504972
499349
357806
426130
275397
154709
280633
41174
275317
403891
412920
248337
35952
477910
228721
468531
343564
267507
492234
250078
382733
514224
255971
501460
124996
461905
287764
116941
336310
294810
359574
378491
227132
507116
204188
116135
411632
42378
106324
284035
204254
298266
408977
493669
88395
86242
137921
185918
252755
367756
317065
215245
209351
79008
71532
345773
114632
469863
532360
331351
50176
527815
442303
354739
380323
264795
273624
480715
67412
444702
16815
258430
152339
519598
220950
528766
403547
149474
423634
366790
457196
418991
412887
125137
177622
437867
479752
353048
121412
409840
469167
208785
259880
524486
251959
317265
188186
29232
271010
244222
59276
393258
40787
496458
79131
102677
68348
297816
337938
271423
44551
59631
198002
136851
246567
509707
117747
255596
427674
429926
425377
454402
384436
201102
9290
336355
362842
411423
415851
77530
389543
446050
153301
319973
495792
343245
393469
407687
329878
129162
81145
40297
43150
163191
50127
76605
192319
69105
118934
141096
71330
124076
164573
527763
28991
447191
216262
422122
318070
52406
82570
173330
267082
291022
241773
206694
348022
203720
30488
148072
335827
375178
303953
241537
486739
259739
102310
458156
133788
4090
367295
131296
379971
280616
507205
246734
59611
504898
517671
259044
68883
346695
509095
201628
312509
285377
288783
295630
347464
290821
347755
2480
298880
53616
180792
525941
20439
255743
223408
485573
182215
21208
347640
332063
310168
94581
373551
284459
104873
532631
144338
358377
522966
331054
109228
24891
107681
353834
503354
265392
1652
224445
433632
95411
494962
367169
257534
151697
527655
100204
356355
457144
48783
217217
185134
100539
448168
531299
104951
146137
506176
477593
357920
154007
7603
284701
180080
317420
390793
86104
321846
384120
54372
352337
341163
211817
426072
64856
13895
427936
440767
309115
214963
324914
125323
357109
198672
92442
81685
318764
315202
224259
437984
173004
399851
374555
473884
430911
382120
445418
522135
203611
158722
510351
503469
495542
471472
455549
362280
130967
232537
118508
367487
355230
41657
4433
166284
46652
316782
216974
315540
212189
199252
163281
385028
214665
375508
315414
430605
410137
379387
444514
121242
120395
515103
121685
348610
105813
103670
323174
383194
91432
202363
392023
460875
482224
191045
187103
512208
507711
84595
215814
399945
522011
518990
172001
524879
227280
327195
511638
372847
14650
510211
312246
100053
166180
101510
250611
490701
433377
490520
461235
499585
526233
477916
412453
79727
118209
413855
392572
285925
397371
276689
155355
373282
95201
211707
397373
365215
525215
4342
447145
112726
524206
270808
510946
534366
394682
243054
498931
101501
184604
27962
358023
365727
97693
169303
525163
87775
31221
264088
184569
383076
303205
13521
117550
486743
372687
336839
149519
386558
457003
229904
521226
159219
461097
393175
160050
320821
106880
31259
439535
442325
337422
231721
529237
391251
399998
346766
188101
415538
494790
201664
262608
395428
367432
262260
515621
34948
7442
152581
452180
4667
187542
483674
285374
172787
414500
156727
6723
292892
86236
105998
361867
344221
220959
52320
391377
506202
146557
127382
173743
479145
189270
459862
431810
481358
53347
525935
395952
153123
517899
475006
134500
94250
460940
516374
421955
57904
436903
75711
142548
517857
427720
193592
170598
234298
413018
400177
370414
184544
357440
395796
126366
379460
56376
90580
264096
207410
391448
424097
453632
196111
196907
56415
371063
43460
301605
532639
14929
246276
40868
80782
528138
317599
507144
304972
428318
152622
360566
141370
72866
453542
250828
87740
112809
312514
374626
108793
41049
90528
469868
174737
194832
350284
287257
352714
216410
234575
54173
6612
503108
503478
38965
57333
201320
400431
275464
495707
284810
495475
100236
120369
381789
172916
484222
123944
323072
84820
196269
230522
178282
447176
238581
88211
421918
238693
513981
287658
374906
234786
248319
466910
152780
468873
65335
145685
145304
503470
489472
203704
67003
24270
450164
411785
298624
354376
475716
343262
427702
257223
498022
225033
163467
334371
148550
524797
493729
197718
204096
478826
76359
16438
218421
185771
294963
450048
407595
259991
229580
358081
428559
52553
462446
188936
118128
176245
429977
23308
432620
363346
264934
230428
36863
128339
201847
141272
26460
238967
67814
421266
376595
61683
30846
139008
98844
68931
300283
398947
304875
385546
29076
81305
109214
468791
339426
460388
85463
235873
242590
153247
301783
438620
477360
10463
46501
90546
114982
531832
342399
476328
285550
432248
111462
398
471056
270399
101568
457521
71029
321837
525824
488547
409393
94999
345054
57505
191286
507282
133016
394136
251747
451055
237162
444887
35759
299403
360170
117818
232065
521988
181485
446793
150208
250789
428880
428555
367630
315941
94275
69387
433984
48449
183753
326472
217688
241322
149586
64087
505635
80190
12677
142163
160382
58353
102290
479339
361628
111063
360786
19263
198613
113031
714
457747
457564
294803
452617
392082
201277
240556
86048
526949
249376
339405
214319
334755
144092
198964
370156
125889
356847
112829
383093
469256
387260
69650
274
487868
533964
172256
228765
29870
36064
236393
437759
119024
144554
459622
52115
113738
133416
204205
535930
140969
163972
493370
153950
383409
231253
513441
445627
509222
463374
12885
487651
261502
467649
170544
78001
4136
313587
266603
87195
153576
225560
405098
306386
519552
45278
156303
262321
31548
436537
41701
373155
457922
38950
300871
446343
65612
325554
125628
361194
514428
333349
365597
114630
503718
64935
442171
246175
193542
124789
202745
22506
187861
312745
55204
406247
331009
508680
160764
301002
355219
39139
121484
382228
5159
372859
289851
173225
357589
275212
398091
324116
473260
278984
327449
158531
477544
223055
6568
232646
501570
100261
110118
142737
244916
263523
66352
502668
164652
199016
53992
368247
366937
309688
178867
325267
202312
75959
138439
26511
223941
49566
489212
52619
383325
215270
499751
482646
154359
513737
140054
316981
14027
181626
416146
264654
44337
530408
246678
305971
51285
249853
491400
12438
460515
48996
117161
301222
290445
316551
10882
230201
514600
493719
384110
159310
406623
339909
286026
513666
484289
416949
361861
282159
172614
246390
29203
281721
162669
518770
242069
197494
388759
42949
434087
49438
501435
480620
345200
282014
162109
496650
337253
390210
98351
485454
393562
166028
228200
89574
508120
129847
160851
502401
280740
179876
368330
212709
470025
407568
386160
445516
418785
518354
362131
188405
507886
492484
72692
190155
103757
500053
226840
53786
205404
229625
194521
400442
429995
119292
28783
13877
299702
275732
7205
17166
31238
155468
225442
223881
470799
217561
356297
501925
490698
252116
244888
40404
201831
406914
533075
183072
377361
411531
516516
44024
124777
203463
493999
515888
64921
141104
246467
57467
263277
205656
413522
7267
86984
60450
460042
119298
21509
298141
91898
497476
39668
242454
92172
24766
136659
243627
241700
153194
251121
147379
125593
510869
129171
99653
503916
211318
235968
512400
144269
458446
270069
433192
5984
342216
529857
152221
246222
259597
83813
344286
261352
92498
90661
219618
321290
20709
18859
119597
490611
227952
38374
189405
141870
128394
222013
26116
219910
308372
128386
489109
244207
254376
118918
207285
123384
255592
225444
112895
420969
459210
401882
479687
55755
92996
139760
244728
123728
340677
394284
496433
494889
292517
160200
454686
92591
286966
166662
521192
235644
110696
43760
276728
526703
201895
288969
275824
242167
267136
311954
394570
364275
1300
435289
233158
463807
376678
295027
229995
92461
273290
380490
91368
213223
372553
384225
19210
343401
228410
426468
401734
371705
426089
344288
520036
499193
487374
369880
114209
166574
97270
61821
168801
97968
148759
503711
106841
320695
32488
75542
385803
200310
58243
156224
344686
26412
222080
250536
261406
502722
448019
328280
58945
47692
121080
183330
293868
413019
382605
13515
254406
36784
386860
337613
528055
160748
417088
477995
223294
307593
362986
159471
461802
90071
364068
426366
210681
382513
480958
68148
477542
133616
236851
155937
337269
487229
31695
229293
275462
146036
491419
341058
494504
277877
116702
226207
92354
498996
253552
271350
62595
400024
418450
21153
407652
79086
285948
295353
497380
463373
54734
443027
11932
499744
279073
27196
213854
442172
1123
15480
184383
121520
246026
49061
447456
454668
192358
167808
361346
34887
303353
5243
453037
64285
247643
41151
134177
47338
184995
291985
184981
58327
228670
28431
360705
150917
38376
209733
422489
508909
456742
218167
344507
219133
425165
365114
12078
329523
336026
460
178946
227697
336706
1164
129645
253451
50298
164917
320777
102525
229595
429949
394712
165
433886
129804
344273
137179
493761
523048
38968
295458
195263
141010
397822
125632
49955
351434
356492
403631
390312
218997
61968
91902
450306
95936
481073
37011
29069
84
89343
184987
522604
211721
24527
240898
408575
349825
421904
516770
140145
290768
370155
114983
150349
175449
252583
355506
350455
503700
203380
454651
401930
82381
12863
9810
110142
413380
172171
524099
220927
137303
190941
211110
529872
485866
371317
185750
123042
460215
336527
274045
240183
517170
311271
528065
287296
318702
47846
165731
71133
424123
474179
486260
74501
250661
102800
202926
8291
112498
468556
71650
480354
160046
66734
193474
1768
358862
323729
205400
136276
68837
361400
131822
19659
22172
188703
75544
77468
339312
251653
404545
69938
472441
82993
28234
459975
290796
379530
141776
365812
418493
285975
455224
471846
396728
382953
286578
235086
205291
19347
187916
443793
59869
308406
492437
133950
456502
173472
69170
126951
525609
531707
30284
364829
189293
30850
166361
63639
447697
330097
300624
364543
259793
140308
199581
529932
29425
291937
204676
175517
335319
160651
149440
381910
2304
383219
447965
428289
431692
165407
524231
486630
13612
370307
113443
33681
245719
371733
239440
6075
206652
77326
392675
335468
273919
342058
158430
245985
330321
218481
265648
174249
254007
528342
9204
230052
405177
513125
133146
447536
214260
269157
341294
95619
28605
376677
270919
514649
163161
311704
221057
416336
264003
412133
24820
226543
347455
308903
135413
470453
248092
360697
275691
415604
7107
473146
7359
408364
266568
506300
64558
348936
3651
164197
261866
403250
485441
414433
130712
472501
257059
143029
273649
64295
177441
170982
105086
468787
366889
489217
129364
16765
505576
283903
74805
348982
415797
72393
160488
79039
339198
406184
312704
331361
3946
514215
13228
356374
266881
531302
448966
14448
256529
533367
296304
81900
22062
409747
292681
10624
43765
466449
272159
80753
277913
471468
113067
3753
68903
131760
440247
427938
159721
136304
70350
50647
303721
330079
63276
421099
340861
371456
64086
245386
501574
343424
19015
135697
17144
491996
78747
342996
210249
748
524991
182601
484613
398757
516282
483814
238122
211052
285093
32874
161162
277350
447906
35271
412248
524256
159761
384897
77480
329676
273188
197407
252489
143911
493116
471664
757
255308
67304
15844
173872
530056
4585
502191
190462
46061
272927
287582
520061
156553
321329
54272
61720
486930
132672
1254
308330
241589
88762
142914
255905
453182
236522
486277
321523
229370
247770
10153
529866
152137
420230
255303
28718
36149
416250
74687
64245
415554
304446
42322
443372
71446
328698
179637
25025
205934
423344
185556
196928
230339
363845
82007
238336
485384
399016
524949
263707
382455
269874
345984
220694
82727
230028
312662
495176
479911
92895
199324
90294
2740
255340
433871
156464
380771
364973
277740
127821
106956
325773
24351
263678
427494
387386
25154
294620
317699
75766
331850
528340
215474
7240
511258
426739
27479
352
410944
228926
374653
9893
181472
283845
291902
355352
18312
333988
399187
446240
312210
378265
248733
25582
500921
478367
107328
459094
110326
536082
46686
313840
274855
451830
240741
315096
516430
315147
119929
514833
449180
193424
133456
250531
440145
27737
337026
59784
77096
428172
239243
400935
426500
415340
283946
468422
303272
411878
310894
460780
353794
79753
391661
512335
345901
175457
437385
356090
406084
454634
483065
388661
416561
405754
459011
389892
338958
531385
479036
249209
119502
484524
411692
488378
26435
507233
506028
211733
169947
56711
367435
383055
113567
78415
475637
472954
244285
19440
526449
74109
288763
72863
288016
428216
61930
297301
291686
111445
246677
121770
512036
431800
72520
500657
452571
530125
458578
343609
495244
399542
87430
388644
51472
86134
470580
147626
214376
158243
165828
224097
181213
149593
334761
289430
313661
197392
335692
455212
300364
355906
25965
212111
94764
257987
241656
360655
291002
356995
431406
179210
250582
153025
527719
252245
248204
11199
390681
183560
475379
190364
251395
517306
348072
328880
151151
302130
213367
130632
138081
432190
285913
386945
236352
29272
57132
228366
73829
256290
246480
506417
379274
46890
217363
163525
121003
531686
505854
428045
361598
148689
267512
312767
227493
474721
377834
85591
340079
207724
80364
355165
489670
498177
437495
13738
39903
381016
305207
233672
6296
96273
310177
399570
72613
483717
301226
160094
254053
458734
330742
14144
519713
172803
397545
102391
131859
214529
274715
339389
500294
180440
333436
105958
520123
442404
435394
95183
319768
177535
451381
97463
61572
266402
68103
521614
378550
84630
408024
415373
38324
523621
330608
126488
21611
527818
447911
52140
56342
511589
262264
300930
27309
163231
188107
141525
301741
495281
400825
487221
371666
12468
534977
45946
65974
19235
345747
378965
311980
177163
177874
193269
186143
362465
365797
154712
517191
266928
224140
166853
134823
281425
372899
155064
212842
279732
72750
464248
397533
94924
399155
283282
256284
286672
177558
74093
107858
34886
302813
144327
157644
381315
437373
116052
200742
232545
525909
312404
184903
444602
418015
246733
313055
384311
385196
46012
443157
522154
6363
137003
458529
387716
39516
432696
188374
272958
366165
155405
510452
234888
483037
2376
130851
506594
491439
354880
388894
14158
509038
336835
186045
167396
131299
503934
327869
473232
160581
263491
485805
37355
177147
176722
30352
55586
368117
117898
152920
486031
381250
179282
308541
36989
44256
394662
72574
253819
460696
52058
394054
270736
495179
386009
148970
460474
319295
478450
113178
54989
168436
271879
117820
87612
307083
252921
52152
70368
446248
176569
389128
61912
298664
277915
217829
48129
532921
316044
18050
79730
506676
359616
41812
428659
518265
223618
396284
170835
269020
527923
319542
177419
152816
68460
385492
491452
100176
313370
335542
150387
167722
157868
158871
462640
514700
177089
345531
385911
39014
275311
465316
373543
8616
527973
504605
356181
390
38073
384908
387781
115243
266649
88672
461533
361307
492366
475372
145002
271211
34158
507217
196636
361525
226322
467174
41619
221297
521713
49789
238855
84979
265343
441845
498976
15284
481785
425376
473233
332149
128431
137245
469595
483680
187397
476449
330156
449143
273417
278546
398048
383257
360348
500337
275054
23068
165818
247692
163649
495337
219224
180085
405440
255908
113041
419287
496767
482745
134768
4822
184277
189464
122561
14872
315614
28664
97217
285712
390677
49930
176923
467520
493747
381492
305185
330751
301740
408513
27985
212906
518503
200924
409400
128949
176080
249990
263605
135043
179697
201201
102250
501474
424455
309328
348196
235310
313653
84812
283980
28837
155114
308313
209272
161578
403619
82599
263450
172775
278707
39787
48677
399458
267384
87675
434819
356428
261105
189350
280068
253875
173552
374819
8736
87707
744
267712
478561
87951
315736
69616
271365
299770
154031
430196
346794
303998
396958
31115
150203
78899
309842
96456
351906
513711
186529
223760
186882
386029
488499
79054
85670
402717
335926
412321
382927
525287
65031
489591
367992
293782
130171
397457
434106
62968
98619
340862
79445
48001
242599
484872
285221
51368
292545
449649
414757
131727
21807
103494
178489
199504
106529
358037
507665
104491
54015
214556
29460
405355
430751
206112
38051
281994
322514
219220
370174
35435
16853
450234
469749
63540
462079
139170
347889
263166
202231
108977
440920
451007
339153
222650
333300
216311
71194
164392
516143
22577
9710
269851
367320
493433
89814
46223
26575
78199
113672
228086
315204
273786
263758
525191
112584
430463
42383
168272
161206
370957
403831
127185
350356
396448
68436
293490
270530
356350
396624
93493
357624
269387
132085
2319
483262
307839
337336
34697
466553
427251
440352
113204
483716
531233
30902
176459
327458
283798
106591
494895
386219
93954
341222
521501
397794
136901
513384
519096
395891
463359
527551
195105
15526
373397
104983
161871
338912
396141
500910
216207
102796
427491
236396
91152
237322
297148
35832
411475
129080
94783
144538
125057
65611
183762
133663
423671
88820
329480
319328
311456
272037
288412
10407
524606
104299
238602
92566
22074
96491
114904
48042
488705
184268
119074
316791
352333
205744
222052
452743
403859
177737
197788
448177
320476
95792
85540
390838
394725
319130
490347
275210
146798
499229
353253
257682
29861
512155
328875
476388
11114
231704
102851
59069
244035
64711
132637
386882
289595
516657
501104
53845
58122
52095
108398
208876
220618
279516
389325
191684
535447
477669
110522
278096
45415
255466
208844
491376
209816
445663
179756
486735
316051
246250
139793
39934
20644
124838
515810
473319
50425
137985
202166
332113
523132
89997
496434
250117
325353
32296
251126
161981
194386
151006
400347
89201
234433
269506
73987
83996
393315
348719
478354
372078
505934
67872
183914
299252
470110
244629
115277
428114
462467
4001
256170
221739
395834
97133
74474
300854
452682
413510
193950
277551
175416
98163
245604
352666
64617
72079
195079
132264
12883
226231
178442
337281
399317
68068
53277
343368
89486
67439
486193
58870
212360
418725
340035
372500
152825
63576
138857
504874
163740
346243
410297
241128
437799
475023
530939
55744
270059
40876
193756
213503
164612
185564
431645
10416
347973
298209
149924
48555
32688
612
352087
82269
54835
386251
407183
321125
218984
91938
202247
498756
434174
124171
398783
265798
219513
237152
480769
219232
279810
383966
304729
365146
285681
129235
10840
523648
522539
273837
754
247747
411777
513286
58116
835
155673
251564
245151
254594
289699
274292
137907
531629
366272
369404
311191
174910
347859
344311
223165
274428
477674
397560
322476
468416
400600
230034
226988
349549
487571
240117
7109
400874
139625
496771
306336
103844
214137
90008
470165
324163
60989
272700
212324
256614
462267
366413
461119
234228
220974
493283
228696
320591
18788
490199
509108
63921
480180
108651
191966
124045
494406
238387
1125
213276
164091
515651
477394
355246
1161
475554
223196
129253
505723
228397
312774
230181
483139
491626
95130
375299
419179
77327
85851
153910
331674
408806
158064
232807
364464
102706
497829
466853
71827
320045
255617
101364
517579
349387
80064
231746
16610
502421
479269
395818
290571
373597
344753
346109
417086
60811
71269
139872
5313
97109
292846
9321
348532
381904
238177
211048
322818
439923
426195
341406
143179
442855
438041
334190
225733
99755
427788
297607
345463
53730
34679
81163
358480
176295
344584
60323
509246
460644
84518
305280
18301
357976
484475
263095
28442
484384
27383
127373
430725
51105
132848
432609
347183
143588
30905
421506
367874
120554
372429
234919
444205
148838
322946
532855
267437
515494
515724
264925
394400
49010
464177
200886
287217
529707
73711
247205
336153
67743
451818
345690
67842
330600
367743
7168
283575
316821
233966
286857
349578
214615
431628
522885
494698
484660
365253
169480
65824
386097
9976
462352
413229
37487
503553
386179
414181
101924
436644
103661
328521
189196
261771
449183
213387
210937
292460
193863
297509
457313
77706
255204
232460
515478
155692
204545
509879
419790
80016
211343
414445
353679
255087
512425
239051
400551
393583
533484
385283
490402
531735
167970
524002
431841
72000
499970
165537
523780
511707
194564
8711
130356
277435
510810
385050
31300
278344
522505
113994
135917
227452
440572
424648
312296
492394
324598
508726
463325
66575
272415
130132
341207
490386
73554
235245
321468
309396
456231
295066
526103
234206
522512
289261
34019
199386
380126
397715
315791
227795
508428
441833
424366
476937
309382
163812
33977
265921
444912
451637
179306
483380
279149
231959
457173
273754
238306
171912
240013
186204
124882
212430
296319
408921
300821
91324
300363
215590
426341
23969
123934
25701
517015
220905
223243
81839
287097
278100
41644
70143
94354
18842
72840
525434
392334
344663
61496
361911
252508
508773
60661
210391
431073
421743
241621
341231
238279
146928
377078
291181
395958
305369
179006
202334
259016
156335
223058
434650
52957
222345
485046
517112
141668
27600
332540
160917
493751
224885
142449
194256
527850
15809
97141
11636
43441
57182
121449
214644
308305
102734
244317
462620
531165
249733
321580
84678
278370
462291
448571
58398
486888
453115
257890
285737
199342
158122
156802
103137
22161
265957
402804
93375
224518
298280
272086
145828
52790
21775
197272
460193
525171
391351
249612
378044
383136
433842
241848
515735
327606
326117
53727
212739
399365
514127
157908
270141
43153
82645
452516
357578
142444
249450
418211
31218
65424
251964
339020
344760
56898
72070
78974
90551
301545
417706
152411
34224
195948
121108
111993
66600
316674
403641
423007
249515
316520
496816
439006
134288
452940
488087
216101
195561
535538
115657
100074
357705
350146
515928
389651
254447
422838
67699
402921
209397
513888
425762
156267
446601
109161
70483
161062
107463
161048
119357
230226
250443
165642
258576
327997
147621
237285
236086
100697
444928
481997
331207
486851
104883
73595
494278
508063
361777
427847
530365
281562
