44529
13170
32812
50880
47238
30050
50630
27932
20250
9763
51251
44056
33812
32431
13049
19319
42526
1447
27654
18536
2607
46603
26385
25540
46845
19850
15621
20478
38120
27957
28931
5438
44455
35085
37921
44099
42098
28301
51271
16189
20059
43669
10564
9308
50398
45437
46721
38558
36544
30205
43752
41607
45009
31124
33489
21461
18056
4415
11364
35581
1668
2950
15478
47255
24208
46141
18884
6084
21235
48103
15219
23851
37544
32667
16527
35
47865
35548
27092
45455
16972
17496
18765
5266
8209
15480
15029
27207
4508
18659
50393
27399
50113
40120
4666
50060
35445
47355
14200
41800
