13272
33868
24119
51290
10077
25362
10788
29082
44787
26476
41075
47292
25634
33044
22807
2531
47735
45178
15104
44011
4875
4619
50998
14971
2497
30888
28879
17025
22913
42074
51396
1813
2593
21000
33107
41682
39727
5195
34719
47481
29458
33613
17693
51341
46748
26406
29722
31964
51252
21420
31702
49354
5876
22489
27327
40941
36128
7291
31728
44799
41240
5079
30687
35049
28501
23804
40052
29591
5202
35178
50151
16187
23074
34602
38467
36014
48648
45580
34747
39758
6645
13116
4287
48665
34869
43806
165
39268
49451
16271
46550
36542
27810
7786
16295
34666
1894
49499
10196
47623
47487
42510
31965
6059
43446
35431
12506
45174
45903
24391
31528
20639
3304
8891
37107
13535
36695
35703
14948
4108
31718
24468
24917
25593
20916
22295
33710
8788
9408
29947
41468
34118
47189
28974
14112
34474
351
27579
40251
25240
9033
26645
30806
31807
22962
44174
35169
14345
21843
24699
36056
8836
42840
22823
10882
2363
50178
49955
36311
10167
23950
15172
6453
7301
40854
1441
32605
4478
29673
47447
42464
33870
49752
23466
31688
37232
42141
51062
43114
49065
25256
16887
11370
46403
12530
25693
27435
45032
25422
13174
43767
30344
14824
44307
22345
31114
11168
17715
39593
27355
28661
50342
18301
33999
33389
50719
2977
17676
4457
36671
50744
31455
13971
42600
44719
19904
38711
51500
11645
29132
42064
50961
20925
21888
14153
35552
1511
12144
4882
10915
43565
4149
12609
26517
29243
46837
26802
37961
2254
6507
49309
13066
1069
21978
44523
35155
41574
16679
42252
25108
38626
9009
51059
31088
34587
51703
22449
48004
14394
10342
9438
17482
2329
16274
3334
40331
11125
15805
22891
49894
13493
34865
21379
39497
47814
18208
9277
9457
43923
3627
39154
4736
47090
22070
7455
24947
47924
29105
32855
543
29901
20971
7410
32832
26934
20759
38929
7817
24933
21064
14360
17902
48925
44618
15395
32035
19286
39647
11129
47298
645
45684
18518
32449
11210
24029
9258
50878
31959
51600
25381
40933
15679
44742
27023
8194
19491
30862
39461
45961
11198
27762
9703
50204
14366
23782
44109
4133
17347
9513
36217
12564
4878
4159
11991
34296
12805
19289
32375
11510
11762
13218
17378
10246
41571
39247
25684
32787
35173
12107
4442
44519
31577
23138
45373
26377
24179
29413
2775
3116
40921
38062
27178
13690
4200
14009
25463
38790
18904
16286
41167
1473
11594
28427
30508
17308
34491
16500
8012
37740
24769
26901
20454
11783
13911
51456
45718
15666
12478
21693
37844
33841
20734
40800
19243
25419
3873
47294
9471
19635
36002
31794
24811
5715
17498
28150
47606
3355
43606
25451
23088
29710
24605
40874
2105
40446
37176
9943
19068
36137
9835
46841
12415
33448
37148
43319
16899
1707
5425
822
11584
31612
5389
24273
22811
43957
6706
13823
11261
24290
22871
34293
47363
24955
11585
5911
37180
14648
5689
44922
26555
45230
8221
8338
8337
10482
23283
19586
657
13933
19935
28021
38637
11406
35871
50258
658
49283
11141
46762
4447
43333
31145
13768
9779
21974
13756
20102
42555
41492
31264
30327
13584
21653
33634
6892
3446
14958
16293
2431
3359
1220
32639
44000
12046
28916
16781
3078
39634
27504
51145
1976
8911
31942
47771
11606
933
45126
32925
29969
5695
16371
4975
27067
43131
3397
38692
6661
7800
16122
25592
22948
37116
26684
9704
2362
4097
42362
47911
24190
888
44380
24240
20815
14356
35357
42331
12241
9895
44893
11118
40767
27551
5381
41657
23394
37024
46233
26035
20091
247
12101
34789
16588
35803
18742
28726
10118
32642
33241
795
46644
29284
9694
6407
33555
46061
23234
10513
44940
41679
9564
2979
18411
20241
38817
2678
33128
12042
1304
1131
28437
35008
8789
47602
17016
34773
22519
22496
34863
7073
10990
4689
33921
30585
42759
9757
728
3203
42822
48559
3626
48767
23186
36059
29568
49070
23132
39836
46628
45147
2562
3799
31550
23729
42969
47429
4911
11641
35079
43049
32114
51211
43942
18898
10672
10400
7408
14143
5408
12250
16171
1097
11456
48403
19570
3617
18049
6360
45406
26566
40177
6906
16435
7276
12903
50519
12566
11096
16515
34766
43017
49288
23513
17351
48571
21395
9244
41149
28260
25410
7359
46551
17021
49137
10372
6614
36550
42071
24389
42152
26471
47405
6712
30152
39684
25192
43491
454
11652
49413
46180
33510
51025
6219
42096
3713
24218
69
17291
13269
12441
15227
38852
25794
3679
13070
22468
33846
26461
34059
42348
16496
20319
47987
10083
17629
23517
28718
5807
33901
24132
18820
6120
10871
30494
50458
34339
7807
2260
22713
21375
43459
8644
1204
23469
5900
9931
23845
37874
22230
38248
28143
9824
10361
28042
27751
2879
22518
19421
34204
2910
7071
47889
28267
26092
47282
16815
3946
9293
48719
15317
13916
46672
9208
33858
18555
29983
14452
47467
8395
31847
15451
49510
41734
38394
43582
22849
38010
21701
51167
30752
9621
3521
42816
4654
29311
17163
18640
48256
22134
24327
33842
6051
51510
20736
12859
21710
5787
35132
12568
31962
13770
24014
17358
8705
26184
18671
17741
35317
4435
34493
39745
34530
2449
26275
51685
34628
37638
43185
13773
48018
2807
41737
17648
21319
8851
6535
33123
36989
29070
29358
14922
16211
13616
35451
23840
16583
32701
2937
32949
18291
39462
28625
40569
19564
1754
17478
20034
22634
6840
9535
35765
8808
18478
37292
42898
5392
6244
17690
6756
50670
6196
23402
15167
12972
42303
31198
12465
39387
16547
14413
10001
4893
16589
9782
17148
28560
3733
13592
25981
1453
13961
36944
37664
37959
33326
27958
21858
4231
12795
8183
33418
2456
46962
26694
45518
7612
8590
48991
45339
4143
34542
40792
23890
3632
42105
21031
25300
12463
17876
13045
17508
26246
37093
49567
32623
51434
39390
41135
2240
38613
11397
8017
48162
14707
21328
19014
8149
12616
38160
15966
4216
17914
13580
49092
51284
27183
36983
39278
25744
19624
18008
25954
18481
31056
20821
28403
4148
44559
35063
22072
29027
41229
29021
21827
28978
30464
38129
23545
40307
29285
21152
10738
46577
31766
44888
44632
35442
2511
1880
12305
48796
37876
6588
9395
41325
9739
38542
50895
46724
28982
20691
42223
45596
24985
11039
19507
22548
25646
5051
7253
18422
45451
19506
34633
47123
27976
8548
26448
39992
18283
24409
27381
32145
40647
40553
15152
37611
39440
40758
12050
30189
28918
25536
6833
36398
21404
9601
40866
42403
45898
34931
33515
35972
48073
28076
16968
43729
46803
29738
33213
13393
38252
8452
14473
33361
39489
2413
30473
26217
45793
13799
26206
48376
9382
31659
36375
20544
41532
19526
27765
41090
32785
31874
31753
22674
17994
36157
43709
50561
20493
49592
24322
9860
43021
35759
24879
30799
19751
27572
36995
9281
8522
16955
32256
49596
14031
13636
2287
47785
49024
3578
4869
10244
3648
15547
51641
45312
46942
41446
27997
26961
16444
6745
40887
1586
792
10143
44281
32146
3553
42813
29883
33685
8915
34219
11300
7396
37513
48166
35135
32225
41276
36365
31890
14932
28561
37969
9054
49411
50504
37651
26556
3339
45388
8981
23454
14564
48454
35078
14108
13156
20413
48095
21351
2340
48155
490
1034
47929
21685
27883
17318
25413
50618
4712
36760
7503
16709
36635
23548
6603
10369
39032
41176
10855
26957
45915
12505
2809
49671
16987
21890
51262
36885
21208
27649
46855
50769
36525
16967
19786
38575
37461
20098
43560
16971
13246
37784
36343
2452
18511
23799
47091
26304
15064
30296
16532
25141
34452
14333
21972
6834
41365
702
10053
19140
40848
8107
23989
28049
33229
10456
27385
12499
44524
5968
45488
51631
36967
30060
14370
14492
28875
10428
50562
25558
43658
24243
31968
50011
31454
45611
33656
21868
30677
44859
42803
50854
37599
20965
37882
42663
22818
21424
33719
27926
9314
8065
12675
2989
26640
25071
22888
16903
42637
26494
442
51470
2598
15868
29120
18465
42400
37320
1492
51569
10486
15566
13221
30503
22301
32692
4686
1052
3218
31623
1688
5257
19044
18953
20306
10559
22481
46088
49273
40452
50982
51544
23099
35527
25225
2472
42513
15563
12428
49028
42931
23127
19540
8874
28422
32576
31326
19196
17602
48371
26187
38011
39335
22689
10024
20257
4255
4737
3103
45847
5383
50378
27097
37579
39428
10916
14018
36222
30377
31357
13222
27318
24826
28850
2436
923
41713
48758
25297
43181
4171
49463
33216
43653
33061
43481
28211
25959
22589
45022
36796
50222
12299
40387
48913
8213
15761
9862
29752
28073
7345
32240
31900
37806
16142
2702
6382
12688
38182
656
10022
11245
27121
6167
49905
4323
20483
23393
24416
50770
12126
17920
44351
16664
33334
39671
2159
25680
5339
26673
17571
45639
46598
37562
38212
7008
13301
8279
17064
22792
6658
39109
19723
39328
12217
41989
5931
33700
32437
890
20578
50789
42155
7899
1401
44778
35799
38349
17514
22155
12130
29987
44480
31961
13605
26676
7254
23997
38299
9013
29096
29305
12651
9705
1338
43393
20974
18384
41993
40635
19810
30014
24177
48549
10910
20
10796
13020
39385
18731
19539
47293
22298
19688
11331
35510
50061
29227
29939
40412
20476
39143
4646
4275
45642
20139
47209
29846
35216
23397
8468
17838
24331
36848
50834
23423
5575
31116
34311
27070
49093
3614
20262
43854
2508
43932
5803
27506
26433
41994
9313
37478
11282
25294
42614
19876
4904
45275
16706
24157
23332
9898
35700
3004
17321
13804
32516
20841
24752
43622
11848
6141
16335
5384
51365
39425
47412
37980
22971
23139
46669
14285
33352
27664
27573
20163
4948
34660
24255
32752
11713
27303
20955
4324
32581
15273
27490
34455
16988
8269
3028
21334
39946
31469
12642
41531
3200
38220
10955
47872
44313
20428
47440
7303
15287
25726
26261
45786
46451
32059
37075
21899
20029
940
24929
27839
8234
9094
10470
17910
15256
36504
9006
16984
22280
10548
30607
46031
35094
16505
15853
11953
33240
610
50100
27924
48130
23603
32794
18545
10997
7943
39720
17670
9955
31415
34574
28146
12583
39396
23860
11358
10798
47181
20097
41053
5921
41139
31051
34955
31327
37097
25773
13083
30831
4070
10761
2795
13723
22710
32334
3
15025
12746
2936
36260
23153
51616
3756
12913
42430
31232
23826
40006
36639
2539
3204
19355
25028
21847
15689
37805
12652
40779
43501
40432
22210
11066
595
19512
2563
23219
30732
20408
38577
49434
49299
16446
7611
27849
4173
25892
48799
22621
16975
32705
26622
26843
12725
47979
49885
49762
15982
9315
47450
35333
35227
20272
10581
40613
45293
20622
35994
501
28009
39113
46042
46711
30645
48715
47245
44650
19919
500
628
34737
3774
32141
5712
13701
22030
19846
51437
40946
30284
29479
49222
41423
35344
12779
35064
624
11868
29755
20637
35111
26683
24329
40224
41388
34075
2493
46063
28195
19315
22742
34965
38934
691
18279
1811
7550
34177
15916
19317
4035
37294
918
28092
4125
21621
33319
37379
22174
15368
30193
8141
4574
9800
2586
14331
28203
8465
20612
10718
12756
32754
29888
21443
40912
42150
15334
7413
4284
6971
36687
1743
23328
4461
15630
12047
9154
6964
3041
7323
19288
4762
33056
47501
26273
3782
18849
1655
27066
19999
4623
44504
4480
21634
13189
49304
24626
20496
36054
13191
11010
43352
29607
13386
45138
995
37918
6934
44876
39853
35821
19401
29876
34625
35914
45434
28142
30433
27705
3901
49474
32721
51156
44470
20228
17331
4610
25341
28348
26412
24186
24354
21345
374
42919
13520
37833
39381
50885
30824
24002
42662
1477
51644
3606
37802
31570
47975
37187
42900
49390
13882
25578
40283
14486
28724
20978
463
37077
33604
45725
1808
33476
15497
47548
11165
50958
5405
27757
42178
38593
43228
7845
44132
17700
39818
34008
43859
15038
51022
782
5613
17539
24776
5010
25099
40332
44807
3188
31909
50533
47257
32693
44718
41354
12432
40036
1779
21491
9047
23011
20094
29198
14172
12818
41857
6349
21940
38324
35623
26289
10845
42281
16820
3780
15792
24757
1271
20432
38106
17703
48415
50443
1691
30864
45459
50722
1762
2725
49400
30886
3352
11293
1530
9449
1285
6854
13208
30969
39167
31367
19929
40101
25209
29873
10003
24291
33594
49614
12611
21238
38314
41611
45471
2406
28309
47265
34370
12187
8708
6813
1448
42572
49830
13540
26528
49574
21142
10725
6819
38565
9417
25581
32861
570
2998
22493
41595
35931
35230
29296
31913
49794
27223
34277
17050
46864
10908
31092
4386
2350
36472
23319
10462
5714
20758
15045
50445
39981
3788
10347
7601
5388
7286
2960
2058
20623
10074
48363
42025
5126
28763
40633
17364
39922
12737
38114
32691
20655
3752
10141
8528
26232
2411
36819
32399
48203
7994
7335
32267
50605
25551
50704
37067
22066
21620
12525
9081
34819
49694
25690
45062
27776
3940
9831
30867
37469
13099
32333
44152
14799
14472
1619
30695
36483
7053
33120
19436
42343
12849
50735
30382
35696
16700
4959
25266
21034
42571
15235
24919
35311
4265
34912
2692
14678
216
154
23211
39767
32465
30336
37765
30035
35574
36633
38369
9265
23170
44191
51407
46796
50142
27861
50245
27283
45074
25229
3671
38202
14400
36513
21349
22477
7706
38139
46143
13943
39488
39175
22434
45346
20133
46835
1495
11670
41572
18464
25493
7313
28094
17998
24274
30640
26002
20338
11572
11702
4394
50909
26021
1168
37281
30064
1925
34180
1403
42156
23921
3645
48200
38954
23355
34113
44973
37860
35888
42043
43739
45983
39632
24509
46181
48958
24528
27017
1928
11820
24572
45819
42786
29777
26113
46076
46051
37169
43746
6566
44845
45637
4418
44467
42244
17635
25663
27104
38378
43180
46145
24145
17671
41970
6561
47416
42567
12263
31773
30833
29594
1805
43779
22603
49658
17933
16839
37558
36676
35580
519
31259
28015
13829
8771
29856
21212
21211
48250
16180
13671
2509
14035
16602
9264
46115
47567
33305
28692
43964
43336
28712
2307
35439
31195
23588
318
17485
45753
22265
34872
38670
37823
47052
43883
4803
11910
29889
33762
41130
28835
13848
5171
11402
32708
15360
17951
34006
3699
45507
674
12843
15264
952
2723
36345
32563
27681
24339
19417
41367
30977
26302
10557
35925
38246
49629
6445
47433
18617
20315
50827
25761
25432
12376
3755
49307
32285
2629
44476
48574
29980
10258
9021
45594
44015
21191
44669
51131
6856
23672
21209
36024
31109
30334
30024
35400
26883
44685
44367
15889
28455
3286
24584
35836
35638
27122
46662
10306
37800
28884
23880
35070
34914
17516
12885
6373
19627
1043
30659
43221
3374
42914
22595
13486
18549
31343
51195
25842
28106
37053
51421
12206
27075
39232
25022
36481
48607
36478
26439
42153
27599
1229
6430
40799
35908
38698
26174
15348
41660
29788
7858
9585
49809
36908
48451
38853
7356
6946
43198
47673
32342
21533
14419
10047
13689
12122
10881
13061
50896
24569
3851
16150
43603
48189
4729
31852
22024
36188
41921
19671
36649
35837
38553
38556
20374
50101
49774
23137
24419
6414
45440
38655
30780
32577
46643
33585
22767
47136
14161
35001
21663
47037
29779
20726
1941
10807
20255
12946
40607
24676
42944
47582
6875
41658
18209
50031
20017
29451
30323
51231
29605
8080
40814
36273
10611
39349
6023
20048
39778
34705
24792
26323
51034
32183
12614
8325
20617
19084
7894
51680
18264
26988
8366
25681
33308
9666
13854
37421
47573
41946
51007
8746
48772
6832
40355
14999
10130
42364
22758
37437
5076
23820
30421
29822
19682
852
25264
38186
8689
8230
43773
45540
36176
50603
15548
33455
46618
1365
17735
23977
5741
15385
51227
9217
49613
32560
32610
50567
35757
46379
6827
9077
23716
41601
18242
28168
24078
18821
21445
12617
27211
5448
45785
20568
11747
2098
388
20279
17928
38016
10311
16940
44656
25762
35282
30187
45485
11394
6687
41753
24411
29842
8070
13460
50865
16695
10576
8118
13912
19899
27250
19423
21252
20771
22458
36476
16548
27372
5623
27647
10216
9016
9492
39229
21128
48506
49961
19859
32898
33312
38800
13133
8375
25084
43771
290
19482
34325
7564
1576
12190
36952
25961
10726
13639
47461
6166
46407
12792
27450
5279
17706
26793
2416
28322
29370
47510
16930
49409
34103
32718
47846
46337
47667
2874
46823
5367
51665
26713
24625
12060
27242
40566
43025
22358
15560
13532
29688
14844
44805
7868
6860
48988
47703
40368
23285
36646
20506
33166
14077
26914
17294
35863
48029
44655
981
4727
35676
28453
8830
48795
3124
48902
41219
21688
26244
17946
34291
30718
34825
27980
25055
15268
39656
21807
44296
13239
38885
5491
18424
46684
19969
39405
14240
22308
18578
14273
42023
45003
34357
48069
35692
39327
39130
46851
22981
10735
29638
26801
4594
12989
24799
44895
12227
25435
44202
30148
8105
43868
27616
34198
18822
37650
30436
35739
10120
42779
19659
29373
35196
45870
39004
26605
4976
44633
11583
48686
35604
4401
39566
48420
32257
51498
40225
43440
25662
27424
15020
35805
28900
3950
31704
41876
23991
48005
50847
19591
36357
42212
16113
49467
19520
28259
35446
25364
24269
21001
37602
23789
50585
31324
49865
33228
33481
43496
39555
8159
8351
13150
49751
1364
27087
31204
25840
30036
12483
2204
50746
41647
24567
22597
16454
3371
4967
10065
12925
32322
27029
45843
12671
14697
16534
1481
23436
14654
51015
42591
48541
4813
35181
41494
47341
11399
70
1054
26915
40835
47227
18806
38018
969
21828
14524
9869
8235
33239
11290
40426
8727
36065
7361
40825
10007
16783
8750
20309
17190
3333
38326
8559
31911
20489
41364
41311
16277
46496
39592
41372
1583
46329
30589
33161
14542
34123
16716
34694
36146
1558
33297
19294
20666
31789
9749
43500
14571
16538
30792
22873
8866
33796
44984
34335
39342
15857
44526
4929
17210
38431
7059
35927
44833
1280
18224
22453
6081
40540
31060
48074
42624
16818
49743
32404
29976
1406
16297
31446
21442
36879
45936
9744
3439
31085
38683
8372
42550
51189
48575
45145
20347
31668
16606
16179
45309
3610
48951
18597
34161
29031
21322
24044
8426
8764
59
46321
12922
7680
31734
43965
42102
44500
5014
46140
10082
8583
37102
17855
48440
18170
4506
28086
27310
14198
31691
1262
47459
51567
5430
18626
22138
33713
23115
18115
9004
34480
39819
19070
19463
46899
12326
11363
3943
47575
34675
669
42119
36928
37349
49229
50274
42322
11438
1409
48803
18266
37384
6581
18207
12518
20066
19300
38051
20448
17836
2086
10157
18676
6636
21541
37783
48955
44989
18245
12689
19657
50369
30577
15803
46743
3495
37174
31632
37665
31976
30482
27698
21876
49041
50117
21188
25594
17816
19474
13534
43196
26500
20217
16001
45586
804
39963
23114
15312
34508
13980
23400
49029
10442
9635
6409
36377
42687
10528
45071
27750
45802
32647
46390
43362
18564
27005
21781
19067
12993
15694
15554
43736
40314
50311
3449
24253
942
31891
33517
47728
34027
5877
34475
32351
49332
48299
50466
26139
32013
8742
17611
32865
51687
9504
24311
2648
34936
18296
39225
35651
33659
12343
37761
13248
35630
42090
30576
11660
47044
29390
14228
38258
6130
30997
19284
18284
6838
31706
41871
16552
18629
43247
43981
40191
35666
49896
20020
42988
49556
33147
48282
18800
2763
17558
2719
14965
19376
7961
28889
24558
31459
3294
11620
34078
16257
37571
33004
41941
22335
9812
32337
40306
14071
24624
30388
39945
1544
19726
18721
16798
8627
28169
11990
32719
18484
18342
17593
9238
18084
9393
8014
47677
50738
7389
49102
4891
48386
30381
42678
9854
23683
1112
5183
7916
33104
51102
18333
39141
35563
34157
13645
35816
22943
31410
40268
37391
39843
22143
2092
6982
37527
1014
32174
22908
27923
615
46008
26520
45575
29778
6867
48158
15957
26316
43417
5447
12085
11314
1002
30028
25035
41680
41054
34945
29570
21194
30746
39568
31042
7584
15611
22790
11435
27197
37454
20865
29679
41297
25181
32182
43275
27431
9794
29726
31849
20382
25660
33905
8326
37756
24229
20913
24596
25261
44209
12309
45448
47371
43266
31587
49835
45697
9603
41234
24729
21668
49235
17418
18831
36153
17101
11064
20052
11133
644
2361
48939
6386
22076
14270
42804
21474
13883
30578
3853
17963
48486
19360
40492
37265
14088
4965
41261
50925
18901
692
48072
46989
18952
37491
2901
8732
15492
30232
19733
13735
43652
10004
40519
16238
28117
546
31376
3992
47906
26100
27778
20128
32027
21772
37948
26902
12489
12064
17062
28067
4074
46998
44123
7102
22797
12288
2882
30031
32358
31095
25552
21647
5733
29631
11513
31333
40861
37556
24456
17091
23387
45918
31737
48481
23684
42469
35051
63
38793
42787
45977
42843
5398
38981
29709
26580
1937
2507
40512
49733
38196
36410
19843
33478
14693
24421
16358
31143
18705
38819
22764
26339
45916
20290
16521
13987
8415
21616
25402
49349
16590
46886
33343
14084
1077
2676
15995
40820
34842
41924
38118
16436
42054
50794
14275
26041
19111
14673
45938
13862
38082
33444
38168
29602
39105
15937
30631
23949
4814
20055
39954
31779
27133
47026
24718
30374
27833
10839
20406
6988
9948
15144
37345
11092
30600
5284
18243
40644
34701
45378
8111
13345
19324
1602
6483
43144
38477
32886
3383
8653
27719
17704
31915
47439
2149
18521
44225
23681
4652
13507
12790
39449
1950
7760
10712
35788
49388
34152
31939
49617
24151
10445
33603
24581
50050
50951
2408
50134
6018
34479
36562
22222
37261
24384
1525
5722
8562
22273
36986
10467
14903
25157
29966
31022
23702
10160
8232
45134
41760
22484
44298
32728
47881
20509
37965
20453
9893
45919
17186
39783
17949
16353
50965
20543
35898
8976
3364
46552
8739
43097
16601
14050
27760
38362
24241
6323
45478
30982
14574
47949
36386
29328
31139
44901
26383
13311
20078
30142
371
43857
38789
32947
10266
6574
43369
30793
23293
42897
6083
5979
44314
47651
20326
6060
35811
11479
45219
14810
27672
29995
51417
49056
35677
813
49610
878
51024
9107
23839
7617
15772
11328
12121
42866
47397
39053
30179
25604
4298
14913
8189
42423
19866
11484
19551
28844
47967
21519
7627
32966
10437
24804
8983
8977
49731
182
42702
2041
47446
45237
50001
22325
51609
47156
4190
33699
40188
44677
8259
48295
29267
27939
36444
5969
872
12921
14744
31464
5062
34432
35285
49570
44842
46023
30914
2760
8323
7606
41440
8162
44150
7164
11237
14318
9219
409
15306
40839
659
16740
7700
20577
16852
46698
44315
2886
34101
4410
16130
39993
7206
25621
48408
42006
17862
32071
520
39764
23508
18802
8568
26624
27774
7375
6391
24047
11927
35745
44121
26822
30747
14173
39583
45441
1360
23956
39903
13485
16821
10654
7282
14559
34828
49628
23111
50919
14262
27916
25548
21481
39010
16223
33795
16831
48098
26993
50575
25878
35186
33601
25654
35244
1211
46202
42359
171
4990
18433
40439
6807
35602
43371
677
14994
15822
14923
13370
27002
36442
42115
43541
27692
8741
23516
37146
582
7234
34497
37206
42470
36000
23746
14983
5780
36666
28964
50159
51111
25877
34429
18300
48296
50993
40155
20119
50806
26335
3273
46847
4534
33942
19301
22482
49992
42136
29531
19450
26705
4155
29496
31853
5863
30542
48322
10665
50756
164
42417
44483
573
46848
30389
47014
49521
43834
51651
8687
4540
6186
33635
39007
23761
38478
5506
37997
18357
28677
23358
44446
46515
48515
16733
18876
47773
26593
750
24745
23585
30832
15891
14337
20051
51499
9260
19227
49076
38506
46132
29165
4462
37575
9046
40448
31582
17005
34700
33008
17069
37706
44180
40330
46467
42391
15685
9896
6169
19689
8794
49021
10821
20446
5352
36225
26847
40309
42937
41386
31876
13162
11134
35529
51518
12857
20353
46415
2050
20393
17427
45738
3249
6283
9012
20391
40612
12800
13786
21254
35895
3409
28151
14551
4567
38727
45146
10232
1836
26722
3323
17424
12149
44126
20500
22502
12142
33260
20494
21454
8399
15586
19652
37720
36585
1145
40672
41662
14576
38198
40776
5838
28980
1728
2601
27139
3825
30713
14181
46740
7660
26488
17203
14601
36617
49098
46988
46646
15434
4150
34051
25409
50103
6513
14933
14109
31938
4315
49850
20615
44181
11144
28012
4859
31172
37506
16370
38689
40940
361
2946
4764
29934
19041
44866
446
1597
45510
4630
19496
418
10683
13389
49040
37555
21226
23205
14145
5034
13871
13313
10653
4714
18211
19837
31072
43162
24230
7415
33160
29157
6630
26
28201
19264
6514
45087
3243
30563
29982
15179
4347
34882
26200
44087
41141
26872
10563
39244
50663
18832
10239
19931
21052
17858
9305
5086
3463
12358
29459
781
4274
39825
30206
46750
8266
20256
30849
20607
30644
18859
16025
27476
32395
3346
36324
28761
8400
25808
33773
26723
6646
19746
24918
40078
24561
18567
13097
3488
10763
32849
530
15692
23084
4141
49700
38868
34833
46619
40076
15041
50500
35395
31253
48377
17255
15700
23896
18370
19648
42669
33652
4403
8233
37889
33597
19424
39912
27938
11415
32697
28426
32876
18994
14049
30306
27156
47423
9761
39657
19428
20552
15762
24744
42486
6165
39160
34581
48729
23887
30720
30257
39886
29664
51618
46465
39724
26568
38471
28876
18297
42789
13709
39302
26351
27082
5859
9735
39305
15583
14105
47171
45624
25046
37824
42670
25880
27915
48235
3086
28800
34301
29423
3111
6846
19862
31698
32164
14139
15908
37441
33836
8378
33804
24691
1499
35390
34471
1540
20542
22657
23008
38931
44679
46438
45326
18343
37359
11978
28739
32783
1687
22794
3197
46215
30138
36871
21919
9303
17717
45814
49857
43893
38188
33954
621
25267
14405
20510
37196
32416
21272
14555
45314
10771
14517
17860
3540
17409
48702
21225
36466
41214
3737
14963
29666
37172
24583
47918
36068
23104
19285
25285
19217
14043
35980
5536
39054
9128
28002
35295
41756
29339
49821
9726
22075
35958
51286
16161
31549
18645
42682
37280
37712
40509
14712
11046
38124
45055
9577
2853
25855
4586
51388
34518
14859
43588
40049
42792
51612
26879
26939
14397
26506
46950
33533
28448
28988
31678
32370
1479
7772
20104
4915
12184
32266
36574
35551
46292
7438
14412
33826
10276
49268
8991
7507
2535
27503
30039
38458
45803
34741
45286
43083
33431
16997
24143
51383
48000
43415
11508
8716
48950
16635
35879
27433
12717
30885
1877
27195
8883
5050
9272
5987
13309
17388
407
33577
51482
32618
41596
30510
26887
51100
47128
28491
15550
20902
7579
23659
35237
17927
11267
14209
13195
5281
11511
25937
29821
6880
1737
7655
43639
48457
49195
43037
35389
31370
9255
47324
36485
3826
46179
47455
25373
41903
41585
29704
39722
46361
27953
39481
37794
21612
25948
40207
26130
33505
7483
3998
16924
7204
33810
27597
33188
45685
34142
36844
14518
15280
36921
40495
15942
3132
8420
7704
27864
7329
22346
25837
42523
45362
4319
4247
44371
20721
24930
36722
9883
32646
27145
9536
40901
406
2828
49105
31541
7568
24317
26472
24181
16123
11190
17940
35386
13198
3989
26770
24477
3751
11498
50185
21741
453
38317
19818
37937
512
5058
5746
15917
9048
5289
27365
19785
17303
40108
15457
39402
10843
24126
67
6565
24024
49375
4728
27009
6924
16768
20180
24635
30707
48139
20565
1554
38077
51276
17022
6001
19247
14839
20791
4595
8998
47084
14992
33187
16226
16291
16461
6546
25941
42542
22380
19738
26405
8167
47045
9250
14943
3376
14879
43412
27890
43837
14989
33393
4681
41720
19461
28046
36994
758
34993
48976
51624
21065
29938
19513
3357
244
23326
45609
26249
738
34520
40327
49555
32390
47456
39000
10283
26484
19120
19897
19918
44614
43926
12052
20924
15899
30120
19615
45597
13550
13503
12663
2313
24488
11217
43670
8603
13115
13199
22299
47890
14069
8087
46177
47329
7966
43068
33649
40043
17240
24370
22487
10301
41738
9532
24315
10783
40058
39126
2182
27782
12420
11576
38216
4804
45423
39263
922
24586
19910
15127
10630
50246
18843
17788
9426
24783
46648
26543
11405
7055
12095
30070
13664
40507
39802
24200
15909
2299
20961
25883
14529
38840
7901
9849
27961
45023
16770
23210
5745
38030
989
27621
36272
8257
4884
1824
38321
28011
28039
653
35976
11535
21500
25905
42548
7815
42911
5550
39841
18394
7120
19925
40146
50933
24053
27734
49638
25644
32811
973
38283
51635
42751
3244
8972
8164
46798
22558
34559
19637
23753
3704
23156
51254
27505
43335
20704
13730
5288
37145
46908
48584
11611
10182
30215
5762
50606
1092
17884
17325
20566
17787
4139
30608
7963
21025
28144
31955
18786
22845
11329
41906
9517
43506
3186
43482
23250
10412
11673
9172
19790
49317
17497
15939
5275
27920
36530
46473
39236
11491
25288
6428
42798
18816
19695
10381
35266
33902
45974
5107
1768
11307
33550
44706
26604
48845
18547
40664
24899
49373
2585
47610
37523
38351
42295
28026
11696
46811
5300
48578
38862
24345
5343
9045
12230
3038
4895
27273
37009
32873
36644
2571
19765
6188
45405
25201
24080
3309
14002
51203
38504
40964
9333
50227
34563
41172
37321
46534
2424
20884
14003
8486
45547
2842
14669
39561
47359
15000
9607
15819
30787
13314
3108
26559
22312
25996
49948
10599
21361
16054
4575
22810
13307
42930
27779
714
42361
45982
15722
2826
1535
8356
12135
22879
20952
29774
10255
30088
50950
48096
10081
2347
49353
5887
43553
29137
22966
46262
37689
49323
11715
39737
28908
30952
30880
2132
24033
15885
5549
41355
26256
31527
5810
41303
28461
49963
21292
16389
22421
51160
41351
47272
37560
22895
25073
45188
23085
4345
31233
40705
41416
39524
36683
31461
4947
40622
45421
16089
14750
24455
31202
35710
29514
4053
20086
18388
17661
25365
48643
23908
21018
47914
46523
2302
4590
17960
8978
39118
1119
5465
11448
20549
49531
2125
41470
47801
43714
30265
27564
50510
27727
27294
18701
5606
41939
21740
15502
31449
2409
30460
2608
47726
42846
33017
24591
13476
20750
38622
7814
39933
37511
20657
32798
23576
4585
1232
50098
43159
26350
44396
26646
39256
14326
27743
19934
16555
13960
47559
45958
46663
12668
44555
21562
369
43280
42762
6831
21902
11354
10441
18658
31875
11105
25622
36965
51265
29864
26358
32684
40582
30438
48421
5101
18186
48215
28054
33631
32631
27020
2515
34499
43484
50196
3392
20351
1874
38529
49979
17311
41888
26678
27842
49192
51064
12789
46702
14459
7919
49248
51340
17815
20274
47485
17283
1584
10125
16767
29506
39039
12533
3022
5752
34356
8365
34031
25795
38335
13397
6576
8914
22083
43404
11124
50512
22640
24227
24782
20213
41457
10858
51701
51248
50464
47822
24979
12364
44894
45030
35748
31392
15849
24235
40558
4961
28131
13444
14895
50135
18944
35688
21966
47921
11671
28510
50792
45356
29308
2303
26150
36119
36604
27605
26698
47884
21473
729
14251
44891
51288
7788
29126
41203
15393
27674
50444
36402
4220
3724
50707
3157
10861
30919
43819
13251
43750
7924
38430
21131
1852
24671
35404
10454
13030
32483
31440
45047
13877
11368
27390
37677
2326
36005
45516
811
25287
20475
25470
6868
18116
32435
13173
21816
14374
2123
5591
45252
32786
4120
44190
43624
17438
9148
21873
51558
45650
22521
46728
26587
13152
5387
2062
31181
17286
43321
48469
38751
41491
36026
24661
27588
41164
34330
7184
7957
28399
13018
1679
25966
45347
2935
41488
13481
16567
28007
1698
48741
25013
37903
21022
43120
34890
5516
25271
43930
28065
8879
4428
43177
30630
12199
26151
25347
39188
41030
31016
44458
48312
487
45943
2312
38270
720
19013
25612
41078
40841
28822
8289
26352
24158
16957
11004
36247
1382
36592
5493
