37893
50241
12316
31254
10375
4831
26584
17739
32335
39517
15840
11708
33147
9965
12492
4961
41379
21334
24261
41324
22596
33013
49610
25519
33396
49413
34328
34243
1122
3302
33380
3257
19341
31097
26349
48733
49962
13853
42754
3019
3274
424
5868
6735
2472
44884
51701
34869
4550
37360
51585
23351
32599
23182
28792
51391
17255
3644
30629
19633
42647
21584
41576
49053
39368
51616
13110
33167
21471
10237
44506
31200
8997
25237
1199
31898
36156
14283
8581
24891
31079
44510
39068
27670
33862
20396
4918
25255
30675
20758
40317
19353
3691
4030
26693
19497
29312
22769
27716
27172
30801
20014
24100
21950
13013
12198
37170
10759
27946
17554
38898
5736
43884
44835
9414
1101
19360
19403
5377
32719
2342
42803
49975
28595
40135
45839
20620
20356
15539
39754
33757
20590
43254
11021
44332
23996
44075
32741
33149
18805
5148
49555
2942
39553
30435
19203
28997
49166
50725
9787
34163
10217
49726
21468
33199
50458
11034
44648
39877
49113
9722
39848
48116
32623
28139
49040
10707
34028
20855
6497
42484
33961
23677
22688
18287
50781
24941
21084
48510
5684
13832
7667
25088
34529
33773
31238
24442
21573
16325
22144
30878
21397
4987
13321
25978
37637
38199
42003
34749
33809
10747
10635
49383
744
30602
22644
24496
31762
16871
35061
4315
46945
23445
45396
35942
10708
32140
31924
18798
6727
40670
6512
35351
51599
35720
11351
2901
25404
5511
45254
11205
9668
48025
32750
1440
8528
26502
14819
23275
448
26486
3750
22433
7115
17795
4468
8942
10946
6990
10199
43779
28249
8393
37981
6404
25063
40783
36173
13021
25783
39698
8428
12249
8002
33371
48619
25432
30283
9140
48876
48569
20891
50437
7257
6883
16384
4600
27992
51624
38624
36154
6264
6347
14202
39194
14933
30248
10906
36921
51452
42291
13556
13012
1501
29268
17194
45415
47801
3382
29550
803
20332
34788
21321
43966
12057
4905
47271
31922
28270
8644
16418
22841
26912
22937
17981
3161
38188
15040
44931
21383
9558
46338
28455
715
7288
7681
10394
32520
18294
18971
51551
1056
51588
29365
13793
12402
45632
4479
13854
24030
6105
28292
28356
5688
38982
51629
44270
23942
15249
11821
7073
26767
47891
782
43919
32233
674
28945
4553
29553
843
8639
11409
23712
13732
47405
38055
51246
25460
23492
33134
10389
2763
3774
32319
38155
36206
812
28332
33955
14410
23865
40524
43599
44282
42077
24034
11783
14763
18677
46101
31101
40785
10261
5450
23069
50786
16014
46314
44434
21882
2720
47638
49369
3215
28305
47769
45639
3719
26276
48345
39209
41618
26587
34173
16965
48793
47656
2532
30078
4039
25213
1926
7713
13700
44619
5553
50276
29972
27961
45611
4116
24906
28653
9352
13794
31954
10200
48355
22409
49405
11732
13750
3945
12931
7715
26800
9737
6957
16810
26495
21838
13570
24317
43794
7834
6634
14242
48479
30271
50370
961
23941
40174
21918
17715
8024
44533
17402
21389
48645
32430
30854
14906
16780
1814
15867
1567
6120
36554
16654
27208
16789
2284
42339
35899
45709
47446
28437
39953
17221
42085
41270
45145
49218
45721
7230
21655
38491
