27745
21851
23625
27595
5974
14844
15099
23740
46754
40795
17455
47344
42695
31058
38428
35495
3300
10016
16985
28771
10879
22983
8802
38616
25672
27696
23921
12095
35453
41192
34765
37877
24003
34497
43459
42734
46546
2462
11509
13550
11098
29879
17938
26608
35604
2947
2544
4203
16948
21494
17825
43655
8033
13506
6127
19285
676
33468
28066
11225
44042
34686
15820
13719
45727
9285
50575
31032
50727
2540
1951
44044
18919
38127
13726
32502
5544
15052
48956
35012
38542
44482
47639
47608
38115
42080
46328
42432
9143
19462
16962
4965
51305
35109
42694
15562
38671
37477
4056
50046
15549
31772
34677
20967
36432
4363
6345
18884
43691
19895
40072
34307
39106
26235
44814
10513
38528
37925
243
6970
6890
42209
46041
1532
45806
39369
167
27872
24865
13765
50987
42701
18157
48299
44124
11759
39151
11511
20076
35694
40007
9721
16529
49007
50785
42401
40033
6474
24166
34653
37435
15881
28511
41441
27349
22747
18604
29386
24519
40696
23635
40369
23304
630
8238
50574
3880
50801
3133
3548
36012
22843
31133
30080
8357
44268
6184
48724
26162
16564
7025
30357
38255
15451
10831
50272
44653
37051
22486
36618
18273
39254
21716
5853
21503
7753
33186
50318
17686
9142
21840
45933
8017
33861
17352
45988
25537
8828
12467
18696
42280
30824
27949
31443
9338
8950
45609
6851
19723
2770
28799
40337
51503
48560
5045
7972
32489
15682
16922
42189
34808
23568
35731
43348
31501
23193
37927
10670
10901
30940
18166
7769
47466
42228
1594
2528
30349
30119
48225
1186
30102
14431
5282
17330
17173
51190
44194
44792
13786
5841
24428
44906
36995
29738
18580
2775
36061
8583
38532
13995
48631
12453
11471
14130
6751
4170
24196
24630
43311
50628
32630
11862
13288
7571
26405
48907
27055
25241
14932
22207
14528
20857
41322
14965
33496
16689
10589
22690
8367
31129
41833
19817
45460
43309
10426
26600
29016
45107
5662
20685
18274
42683
45149
30853
34268
3448
12965
45800
16109
47382
16969
51311
21953
39451
34405
46476
31309
12914
10762
3394
18867
51655
23587
5149
46535
17150
31365
22764
23496
15686
6154
3668
29689
43900
43463
46196
45096
46801
28302
23759
49232
50058
14507
4014
8701
46386
38048
12506
38700
4762
48773
49907
16672
5807
29598
42455
15076
34574
24905
16801
4731
46813
51127
18840
40784
8597
12006
31889
16883
31401
50651
39546
28996
79
42855
35905
33268
25096
1909
2949
20516
23363
35639
26689
48894
45619
2385
19502
35589
13116
13061
23324
36015
24305
22434
40554
27274
46829
5016
48350
34288
40427
43113
42939
24238
49944
45346
15339
11634
31490
8417
14682
47577
41090
29549
38143
3887
48711
11466
50771
37707
18063
926
29049
21492
4291
25561
23901
34241
1177
9355
49980
50483
40476
11658
546
41830
12878
50726
51355
40746
27976
46571
11908
7382
47837
14721
41996
20897
27161
44450
12151
50092
37905
45018
2381
33424
48092
2731
28198
47251
18268
18978
24884
15993
42980
8533
2635
51017
48916
29520
50331
11079
31851
2814
10689
34427
40644
25986
31178
26330
21270
27617
19471
161
30457
13640
39693
43478
38566
2162
12163
11691
6469
8069
30429
2366
47676
6321
19061
40965
20408
7105
40545
44894
32181
20294
33273
36807
32044
44853
41262
21498
31782
40702
396
9847
49221
31099
9841
43836
9212
35474
20639
16331
38752
8316
24508
47098
34034
13080
9836
26515
37480
35145
38648
49585
31985
6955
25887
19018
11031
38320
4877
43781
36557
6392
18850
26072
29856
20448
9883
32605
40395
32636
10903
50028
41521
42819
47878
33634
43931
13105
47994
37511
46769
35158
1917
9806
48529
48034
50330
43559
12501
5850
12274
27375
14086
49103
28656
19903
23551
18949
47609
7360
5187
28740
36091
38183
6800
29517
38662
2911
10312
37823
41887
17881
17124
17672
21308
44074
41206
4101
1705
13426
21187
27265
16277
7855
19367
42768
16131
38043
9997
10690
23964
22421
26309
46479
24925
11826
17184
40908
49596
17063
39249
49143
33790
18551
7469
14226
5742
2443
27422
18194
29938
31743
10384
18810
22060
34443
35163
51582
16640
18180
7787
532
18286
35250
42842
46460
30936
1037
2704
22778
42584
3114
30369
4483
6839
29117
6567
50261
32395
21345
29408
30300
49567
40791
44337
28664
11755
40400
1286
34892
31722
41638
34640
26340
16702
9571
31206
48945
33276
29207
38614
10367
37997
28306
48962
9824
50748
45876
11067
3066
17432
35401
5074
29018
48952
31726
46846
9113
21338
4543
14631
18029
11056
47348
23463
19247
51568
9688
20288
24446
8619
42397
10059
19629
19835
33214
7831
22265
5808
9265
29884
22377
14821
43985
31642
13405
37652
43147
31480
22459
5542
20853
33719
8456
11337
36298
24864
35622
45175
46189
14176
26724
41842
6224
42806
25305
33737
2831
44686
18321
13834
35875
24582
1234
16150
28363
14671
49788
5876
12339
45550
23400
17933
1225
41307
26118
3518
2691
46346
50084
5526
40733
10184
9812
7736
33429
13491
31094
27621
23417
36407
33930
25439
10971
11257
25572
28968
30322
30110
21747
27468
13492
44785
8741
29785
10162
47957
36259
31618
10643
35489
34902
17702
45972
36602
45568
21025
35234
46089
9420
25344
40632
11693
26548
41176
17260
25118
40265
33588
42991
936
13071
14864
3128
10954
16994
7746
15045
18695
24603
26678
40123
37072
12664
10309
20702
10078
24780
36875
1451
31231
51627
21176
6186
8249
27575
25433
38889
50840
48866
17829
11716
17770
41457
9332
28913
9586
31647
20148
46936
11293
10067
32151
19030
18342
38683
8396
7460
24036
29197
33643
43243
32797
33985
8278
35255
31550
27862
33769
39052
13001
9259
24812
35776
41732
43124
46871
23686
11000
43774
29369
50612
14175
26786
37355
5115
36196
43650
17410
48432
31952
4346
42525
9360
6174
12883
2325
40114
4979
4505
31121
44293
22883
34748
26133
3594
19312
37894
25614
38515
26847
23413
49941
2275
26188
41841
38690
4149
30355
12580
14312
31951
3316
4444
37159
27803
331
26778
31613
45624
14045
33765
4428
45072
39093
10233
51445
44756
17679
23089
20138
50440
37907
42913
2235
31473
3
39030
46508
14266
22039
7842
38144
8831
32808
48831
37277
11870
192
1457
5710
16407
49269
3598
2958
20553
29471
17383
47866
8221
48977
7737
40884
3960
45443
28126
11222
42331
15659
15204
2861
41013
4348
51648
2962
20933
25782
1264
35933
29795
48519
31116
22993
4695
9851
25925
11346
44230
2079
9073
42414
2855
35268
12252
32367
38721
21405
19734
35187
18863
5171
23812
7954
36295
10085
3927
1614
26862
51533
16295
10557
23647
46015
38189
20207
33946
50816
7221
4207
25024
21008
45873
9274
32330
43542
6238
47789
35391
22816
28791
20724
41491
16897
3242
17474
32638
19691
22153
11969
5501
22706
12175
45725
6962
14555
37016
38446
3514
6115
15557
21100
3839
11037
35374
41889
9234
36867
19980
42593
41415
10861
30559
14718
32715
26456
19067
9717
18536
5844
19191
10957
37115
39780
48575
19307
50918
16946
8473
41743
29044
25274
41283
26046
6144
28548
31977
20006
20318
1203
45117
20319
29080
28018
3979
18816
3107
32601
8146
31847
36387
21732
45477
21147
7726
18857
24465
3895
1376
28330
40768
19484
20539
31163
2735
399
30599
20806
34240
28874
31047
48699
27412
46713
46933
19565
32665
24284
42361
20335
10629
47087
21077
13699
30624
48517
23511
46996
50466
13842
15705
12908
49563
9452
3076
13705
18948
50135
10458
10293
28295
40821
38985
27009
38042
18309
14833
11322
29745
42489
9321
22534
25005
3466
43011
13811
34093
10053
19888
51421
24350
36372
50977
38789
48455
11148
6895
13552
6452
31259
15384
12671
38224
5239
35897
13323
46098
35342
34308
21281
47650
20875
18866
6434
40907
20699
50376
35365
30750
28008
40194
32956
50116
16349
18977
25594
36126
21224
14851
20921
30610
39508
15631
18625
44828
28751
41899
43668
6865
44032
47991
31921
8457
41445
7781
1553
50085
40104
25401
40474
32634
25081
28328
12079
47177
49068
26085
41245
21082
50661
48283
19034
14989
43923
32294
43086
13909
10446
42713
4840
7731
1866
27290
38083
27733
51376
33938
37754
26297
14634
14519
110
2936
43032
6236
27531
7184
13252
44112
3970
49746
50156
37773
40808
40218
1322
4516
18291
7266
50635
2559
23060
42094
14323
20342
31828
18282
35787
16298
45101
46201
16206
23746
21517
50400
30531
16615
2006
138
34863
2209
17133
6078
46551
12461
15952
218
25880
36640
2789
8904
27834
809
40535
33620
2808
20709
44464
25692
32045
31611
26334
37032
40583
29782
49985
50377
51239
33848
3431
23840
22210
41942
4660
16166
26974
35189
47793
32155
18161
27374
3412
11943
38588
20435
9045
11581
9155
40511
47316
10811
45566
24950
21660
30453
35918
23834
2577
42800
42719
36688
12994
38525
4703
16494
11850
47072
47909
22535
51693
40344
43443
22944
14896
50677
8423
4048
2312
41558
44418
3667
4256
5080
12793
17074
16826
1422
36706
35375
14015
43289
30425
2828
45051
32324
5168
35036
15127
47161
33964
6124
6167
34086
16492
1480
22478
31420
7756
7702
12103
44684
5061
12146
15801
25936
7134
45693
40635
39989
38484
39850
36181
8629
47478
7526
41912
50077
11375
17181
8390
32161
50
40706
30605
34200
42758
22986
11845
6361
34236
24949
44023
23760
16104
13084
13267
38213
32675
6119
51175
4954
45387
18642
32727
6507
33943
19965
31945
40331
43219
6719
16627
5811
47377
18597
44341
35462
17086
4704
13827
3696
26158
653
13322
2061
32596
5416
25400
47216
10740
8557
42775
36569
51661
37178
26394
26482
48628
42104
14924
20834
24445
1270
6605
43217
49718
3286
8991
47378
26960
26528
2542
29889
4701
24346
16741
29504
16884
37012
38857
17728
30496
21832
31931
13826
22288
32748
23306
32276
36914
40019
9944
21482
13351
27148
40149
25693
44595
576
6696
10983
26153
47279
22589
31065
44379
8202
20081
22720
32814
40459
38965
28825
37401
41219
30865
5114
18939
30185
10355
9166
32767
38132
15330
49409
27599
16196
19259
31665
50265
12250
14978
23132
1364
43854
48559
40810
8988
48633
30250
14063
41543
41514
44990
46482
160
35381
49330
40447
38469
36805
46368
35087
48106
42289
48368
47079
23709
23829
16637
28397
19680
42074
31193
41316
38191
48746
37230
33700
11016
8227
44038
38761
3661
43412
46584
45634
36271
41907
51384
38675
14753
13612
27276
2025
46935
2031
43515
19352
6019
9221
22861
27261
49913
19294
2040
46378
21614
27086
20805
8149
51517
35833
21117
19604
44612
47033
7546
33366
35642
35340
11163
7477
49884
38488
11461
51080
23212
33839
12850
8197
47411
1987
13095
22441
37936
30592
26709
37992
37949
36682
18655
45190
26743
31688
28532
24469
38429
31034
41961
13170
29910
47847
41460
49798
25906
32262
32461
29245
30090
30555
13658
40556
18260
33004
42746
49464
1519
5888
16680
51088
43291
8297
6121
22058
21868
49538
33090
22772
46746
2237
42253
27994
1877
40416
39896
35043
49076
27003
17726
23424
10165
3324
33381
49852
19085
14121
15075
7843
49621
25181
46886
35195
2836
23579
44110
38468
20542
49069
40622
8530
47732
9176
50450
14835
11895
20091
44637
29153
38640
34581
44195
17239
30032
14135
15389
50634
44281
39286
29555
20656
38080
41279
12573
17422
50944
47336
49448
26170
1915
10598
14464
6335
25687
21207
20383
32539
7369
34898
34289
15084
37221
26035
37447
8719
23549
43129
20793
41963
31502
24737
15972
27801
29234
41064
30743
1214
8610
21527
48122
17050
47209
44224
31341
10286
27901
35993
42818
49145
437
11743
23985
13162
39440
7668
41319
28314
26030
22132
34014
4340
38621
30922
49878
37639
50391
33343
35962
13196
41464
43529
18186
21641
50762
19098
9342
46500
8072
30491
46811
43409
13456
18229
42378
21377
39045
32125
4796
10288
31960
45125
20993
11517
35359
38602
10174
1118
47568
33209
7279
29602
46242
27486
11312
1070
37979
45251
33933
26101
6979
32988
35092
33802
26062
50320
31505
33605
43620
19815
16516
8117
35102
12938
3405
5601
24211
22963
50627
32701
37910
35763
8280
34043
44037
25345
18039
20770
16656
19973
26698
5960
16924
9037
26052
51123
22303
22156
43322
49062
31415
6925
43862
2483
26190
18522
25598
29156
1375
20854
2322
45211
44387
20462
13375
17517
45957
20632
21588
5367
5208
11815
38546
8281
35769
31904
44514
48740
15902
6171
7529
14207
3404
44771
42344
1240
19915
10002
15968
28459
50872
2045
11539
41699
2798
18505
20739
2081
16015
3152
26403
19300
35964
14220
35402
12554
550
32246
48170
32796
7946
2703
20232
46438
36943
22111
32077
12521
6462
51085
41540
23257
39783
13172
41832
26627
23389
51557
41387
6383
13382
23473
8173
17980
45053
40671
24156
24707
12846
34350
39799
34133
36771
50562
7106
22970
32264
41706
40570
20265
35294
10681
33510
14351
4788
27104
48629
24405
46285
33251
36107
42128
41585
23948
16935
1120
31711
7530
2981
21323
44539
19912
31528
10009
14009
8946
34987
49649
38988
30401
3681
2665
44272
1151
35008
37661
18820
25780
26229
24548
43267
20400
11287
18577
45973
22297
24436
36582
28406
22874
26122
37472
11361
51207
1210
5615
48196
49071
8193
43377
49116
3461
2743
29445
26266
45208
9100
18828
10212
18454
27150
14839
22556
31213
46513
10855
18806
9648
30314
41704
516
43221
5556
32825
12973
2584
19771
33692
40825
26289
5096
3549
47410
50386
16281
21781
18388
7000
35246
26772
8928
33081
43067
46640
26762
923
2795
48970
38573
34108
19694
1727
35610
44797
36946
21615
7669
37011
32776
26836
15592
11129
28673
50098
6802
50402
11481
42089
14511
43079
14957
32705
49910
38750
18267
16233
1427
6930
897
2407
39088
24670
32074
8400
30077
42715
48083
40257
45388
3982
49824
35039
51139
3542
24918
50664
51441
23286
39913
22411
2680
2117
30766
34139
2956
17178
30059
39075
2628
12245
451
38066
5206
39050
17309
21601
30220
20968
48782
11668
23268
32085
35063
35243
29151
21907
43738
28697
24038
4768
18885
13475
21005
32725
14784
37591
20032
16977
5315
46324
539
18496
21659
24416
5614
6287
23279
34152
13215
16160
49546
36026
43057
13520
10297
12238
14134
40874
25094
7945
29447
36398
17830
48658
12532
7780
6922
2058
16275
36984
36069
23732
28803
42063
48260
46718
2812
33224
37641
29322
16466
40326
4859
40851
19780
34376
16283
33
48233
49244
2794
20898
15135
50499
43203
46848
38567
5729
23513
41314
37022
8750
18472
44736
12636
35212
6116
4977
31753
20312
13788
39413
24152
9326
6905
17392
3439
2244
40081
12880
47185
10912
15153
49574
3441
9544
33817
17839
14857
30255
41348
4461
17457
18967
46359
15218
628
48356
37736
48269
31267
33440
51532
25436
21876
23074
47250
32038
18524
229
647
38444
19552
47184
11905
12153
42099
35770
45664
35065
20295
11918
16290
10672
10301
2604
17648
30742
44004
34958
13433
51488
24259
46593
25501
19843
37455
17442
23864
20031
50740
26156
6314
16534
47690
31840
47176
31877
8588
39004
17632
45032
37541
39580
51675
48425
11857
34806
16294
9720
2589
9249
7039
25946
14111
5727
47222
32933
27615
18430
24241
7413
7644
51241
34733
27461
4382
2842
8748
22371
49219
20422
29110
15003
9968
339
47864
26389
1852
27324
27706
38921
1495
6486
22975
6087
29137
18253
30295
9306
27858
24487
26354
28695
16323
17393
35277
33151
9106
32343
24698
40833
22092
31419
30642
26790
39826
40117
35307
2745
29281
22748
181
39234
39706
27074
5961
34918
21369
24043
29163
28637
9673
3795
43168
37531
42284
21558
39453
12118
23672
742
51059
42011
22724
1737
46265
16240
23345
24099
45293
40433
24079
26042
9727
4953
15327
2860
10735
2991
17272
24065
445
22466
25126
51619
35326
37103
34006
26494
41551
50583
30614
21034
41220
47627
50652
42093
21625
23364
17335
28624
27786
28116
34909
5029
46473
16447
47578
28854
24504
50201
36022
40308
33654
27918
29500
34721
40540
38157
12537
32892
6051
26203
46471
33033
5353
39404
35936
43208
39082
37548
42627
22719
25337
5409
48010
9482
40299
8957
47020
8932
41131
20592
50423
47673
3962
37324
23078
18185
29452
49407
10099
15333
30358
28984
22283
24128
26531
7261
1517
18293
31759
3281
35097
10211
10532
44632
33648
49233
2521
37300
28009
29373
21803
35746
49436
16983
6210
34177
37887
47236
23761
31403
16822
13488
43115
45630
39352
20507
29744
34314
3923
18337
45812
22293
10847
5429
44290
50853
47889
33041
15467
50952
9039
47852
467
23771
29713
33788
34828
35660
12951
9782
40491
39582
33753
45497
36334
3389
13783
33981
24281
35206
2595
42796
32491
12526
29212
22410
34266
43719
323
40567
33114
28423
43028
50375
4651
21647
1365
48771
4464
20103
37096
25281
51339
27224
22811
12835
28719
22627
47461
15586
23007
28629
43522
2652
5883
12588
6774
33386
4111
30848
18055
33798
34053
15246
48623
10421
17971
44728
10701
32452
7978
39020
25220
24646
30133
15186
42558
23690
32369
21455
22446
41681
2908
4437
7260
36270
24285
17387
2071
37383
37120
20856
36878
1671
46170
47558
22605
50074
19814
25424
51272
9663
16963
32178
39779
28053
32190
33160
41623
5942
39997
27746
38730
1250
18099
27189
33502
2178
9921
31381
21706
18616
7820
45635
20960
21645
19685
49016
10065
32862
29890
32248
28813
28877
2722
45814
10443
997
40381
19539
42381
40572
14424
13006
30101
10722
39535
43499
9583
18608
26995
50208
51032
27089
50342
3041
9910
50280
40748
608
19881
3018
16917
29960
7880
40470
31070
42652
49983
5929
21707
47451
254
17961
46796
7259
40995
43671
7370
11207
35750
17461
3688
23338
23769
21790
41679
21265
30773
32243
4602
30503
28747
48798
3611
5916
25709
14096
9843
48534
9658
10082
5744
13243
5880
25975
16970
16119
25569
50865
5179
30875
22911
7760
5720
27625
8886
47016
34761
34625
22656
8608
46427
15132
4640
21463
1211
49819
35519
45255
27380
33306
1082
30562
25310
2233
50605
1710
37196
15353
24753
16674
43198
8666
2288
18558
22552
19951
40202
4577
4837
7845
16174
37867
29443
42373
42823
47464
3119
10308
20836
32915
9403
45258
51028
50065
47457
19666
28163
14032
32047
11660
28304
16767
3757
45104
22263
38176
36135
10991
45569
12468
38312
38951
801
11580
10335
44392
27631
9110
5796
35312
14677
50453
9036
39223
2198
22380
50013
36124
3814
33418
43531
37735
544
42007
37826
38717
4752
50072
39459
46830
28919
14814
23656
30459
20057
9449
46010
22479
46611
1452
40204
13118
30877
490
10159
34682
36606
10651
30122
3811
18217
30978
35424
35598
46621
32552
19179
48475
13895
51027
11173
10460
12137
18758
32061
41267
47498
32721
31390
14614
20624
811
8477
34590
47884
50190
9475
45911
1518
44241
30445
40776
14532
28687
5170
36366
21032
13212
22013
51423
19057
25857
12857
49485
2094
14762
12437
11526
19575
49073
2507
26435
35135
45665
14731
8153
16486
22350
7168
8119
24678
35477
32256
6961
12538
25532
4771
47261
17230
38210
20466
39235
12748
44700
9079
43756
5626
34710
33766
28565
6449
6206
30792
4395
4462
20646
48705
18236
18344
35445
5340
30135
46649
8404
28585
7821
12296
28028
48003
20670
37444
18514
12001
40504
24016
12385
31894
5779
24088
42187
21499
17481
44322
38145
49711
13185
14254
9261
47396
37605
35228
3914
37791
8028
47895
40393
46403
38769
38902
134
27190
6457
12303
20802
27434
18498
3057
35487
18561
48596
20258
31568
27794
15185
23891
14095
32255
8365
42009
48246
38396
14078
26585
143
25923
8982
29062
34973
44722
1972
4678
6169
24660
4727
38968
32568
43929
2638
20388
28589
16355
50543
7750
6778
34395
38707
1872
31046
47755
17378
41122
32019
37227
48870
2631
41466
25485
40412
12172
20948
15608
21018
43830
29119
10391
27008
18033
30086
14707
45734
3913
477
39690
20004
24768
21347
658
12301
7001
19048
29100
43766
18269
20722
50317
38245
12983
42159
33347
45112
3335
6147
19686
33143
34504
39511
27748
29756
35033
19703
30696
1420
27356
27106
18284
40560
50709
30749
23814
14403
14354
4903
17847
22629
24711
12656
45022
51454
23029
7804
12548
7761
26412
31986
32180
29181
616
35613
23914
39126
51414
4349
16514
12112
25084
48304
25478
26686
7704
40431
34829
3849
49081
7236
18553
32448
26830
5676
19043
31862
23725
25482
15484
36783
49942
23527
14132
31673
26544
46772
40712
1845
7864
34801
12567
31249
12298
37105
18073
30456
25422
5368
20517
37175
33890
18256
36904
22689
36250
16276
41879
17082
152
513
13852
16905
49771
330
20816
24692
9879
49439
43790
50999
48298
22976
22798
16528
16479
8681
16768
20846
44821
43434
26819
21320
35882
10504
24910
49960
8625
23021
17602
22075
47701
17317
4047
32397
16936
13924
38339
5726
51561
47198
4694
28681
37092
2499
32092
45311
4021
27823
40319
32889
36006
16890
32908
47871
20298
22544
37199
19139
36396
28764
42299
34908
1585
5617
41663
7492
33272
7341
18725
2223
21249
50306
48183
11847
17753
47539
7358
45680
34659
13447
51413
32268
2502
42176
8730
21586
41702
1531
45565
37620
29335
35276
578
47064
47937
34645
33892
51134
16114
38570
51075
33057
9459
50164
14173
23718
12545
22500
43488
13781
37521
18938
24948
28476
11993
26649
11482
9585
28556
39900
22926
33489
31447
39490
32371
14440
34753
25911
1986
37594
7411
17282
21569
419
44994
33378
28497
41484
27966
27200
1672
14246
736
5843
43986
37537
20595
397
43493
38096
46672
44677
30476
18620
29042
7252
12319
51403
29586
36384
34322
12604
17430
28336
13568
50248
21457
46517
3928
22523
46568
11583
47065
2677
3050
29590
1347
40177
34813
49647
1868
35617
43050
2180
3427
44279
44603
17932
36300
10341
32573
7139
21509
24858
24369
45237
137
35358
34234
7505
28700
14474
40798
38241
15356
2593
46949
28680
446
42290
45044
2311
23929
32647
38347
10899
5003
3875
22569
9513
31105
51292
6913
6875
45527
37693
39696
21627
40023
44645
18047
35009
14684
22491
26398
9802
40234
17039
50082
3321
42307
18660
20907
9223
27919
43852
10435
23747
13939
32674
30359
36219
8016
35625
50372
7499
48602
4946
10808
21626
5871
37497
20666
31631
25574
38172
51479
7798
1352
27
802
49320
37609
47850
30857
30902
19000
11877
24404
13816
39623
19847
48036
7773
17564
39568
25103
28381
34431
18629
14167
6954
29525
1795
9395
1160
33340
20673
21997
22296
38149
41735
41241
42912
37121
26633
21664
44685
33244
8020
49345
7554
21954
23541
517
27136
28333
20917
8522
48031
5202
6304
38023
16395
43162
23307
16033
15162
32259
5809
44439
17297
41794
11950
2891
42968
44893
29874
3782
33851
17316
40796
37748
30564
27303
6908
45784
14238
32595
43257
11055
15568
35364
29015
20822
45832
15839
6437
15085
31729
51335
7534
44273
17051
39666
11110
43525
28215
29859
32544
33514
45882
46039
49795
38674
17954
42815
8050
23539
19836
43547
7728
43416
43476
7215
1291
34287
46128
46216
2193
35757
18552
26566
22792
49072
24546
7438
9407
37343
26949
39911
29901
15178
2297
37635
27532
41129
14164
14260
5006
2231
12369
33392
32287
21172
16925
14341
22112
34180
18355
21161
4866
7558
15443
20025
45060
6711
5746
41600
25171
12534
14600
26810
23889
36535
17400
1742
30827
35877
37964
32558
32052
5724
32819
37536
37047
34802
3474
16381
6603
30949
11183
42544
45804
25131
45500
23490
44207
25161
22454
50442
23100
21914
13809
18373
23281
14665
4181
40863
21254
24341
51660
24997
16635
41031
36961
9243
17407
33334
49612
35606
23030
17362
35679
32798
17972
16303
25940
43912
17122
13901
8648
31477
10792
12775
10587
7742
19721
40429
49005
12508
25062
33350
16382
23457
46263
12584
16882
7705
42120
3408
4119
2984
29983
24489
30325
17146
38253
35581
25336
50344
31448
1091
40621
20314
37037
51502
28811
2344
49606
43741
24908
49252
46444
3845
20279
50293
5896
33683
30351
25186
40073
2100
12563
36965
12834
43347
17439
26039
11715
51393
45551
47208
10465
49762
50869
18457
10252
45546
28057
17026
2706
37552
38835
22661
20244
36282
24625
15057
49609
27922
25757
48761
4887
2728
39981
282
15812
50819
31465
11210
11546
6270
30846
25248
44818
1966
31391
18066
33775
26094
30350
23958
16221
25883
49648
19670
32205
42668
25428
37285
40379
15627
34305
26481
40341
13320
18611
6337
46048
49850
31414
5763
33982
20297
15975
46037
15590
27967
918
15402
21474
7267
6892
48481
34502
9147
21703
43782
41693
46176
35841
41888
6536
7007
10344
37575
33760
14516
3345
45840
29353
13064
19671
22164
47290
24994
13026
16693
15853
3821
26023
14165
1472
35238
3932
22308
29882
6339
50034
24796
40533
6812
8055
9370
16452
1329
48198
24323
28060
43270
23749
17401
3481
40210
43669
35680
13591
11298
46317
24839
19924
36673
6254
41333
9337
34882
12348
27676
8501
11672
4884
21432
10491
8481
12781
14333
48584
42617
19839
3725
41259
2391
22505
17924
29604
43638
26420
6302
25850
10468
39348
16334
1785
28229
45155
4819
29688
11219
30167
37513
10973
20613
48315
42532
25269
27505
40052
38015
20432
49489
17837
27493
49186
29440
34976
19318
47640
51673
14716
25251
32143
37985
820
39810
9801
43320
26980
36128
28893
17116
22953
19993
27664
5337
33736
31165
5697
35704
48291
18296
13938
19388
47635
42883
25242
6336
51095
43716
46127
5631
32518
21386
4925
45498
29258
24448
51083
6289
20381
22923
1682
27594
40287
9025
43392
47783
36844
33310
32168
42752
22064
21637
50288
43682
15191
4976
1849
39391
2845
39218
48491
48270
20283
5223
34945
17057
35070
5719
31257
26870
6481
32234
28692
26313
10639
29975
13303
1465
18486
37530
22154
32800
6663
31225
18065
44942
17553
2063
17465
41738
47952
22670
22873
1835
46652
3166
32070
47109
38718
14704
3307
35367
5575
48001
49552
15622
9541
3069
30193
11180
30645
16777
33501
26945
9424
32053
17054
34317
25856
29009
5119
6316
15277
21796
6877
24351
41
37752
14442
30789
20379
33056
24604
27492
49808
18953
45319
47302
27663
36821
20135
43735
2176
33231
34647
47765
21631
22290
25835
14455
6222
45154
5062
22482
41417
30225
34621
19902
42260
18656
35952
25523
9021
43214
20754
30897
50494
24613
847
5026
42555
35279
32388
11620
39411
20594
14632
45230
11704
42859
5333
50723
44031
28998
14565
25093
35400
29107
42568
37336
7202
23311
40011
1937
365
12419
41118
17879
2043
12299
35904
5557
41337
37438
14536
24621
39895
15275
41686
33942
48206
29065
46924
12729
43381
40401
16054
28026
460
22077
34112
35114
31635
34388
29288
2009
1263
48437
50710
26731
18617
46412
50581
14527
14550
14322
50061
41532
177
13484
22422
50625
27218
21724
29192
25435
37392
15899
42710
17025
21869
5454
41569
45492
13976
27543
3227
41430
12812
38279
34171
43370
13882
37841
34857
50633
12375
39130
33847
11805
38229
36811
19275
7961
19877
38238
7490
41500
19537
34222
40685
2887
21681
41074
33849
15429
7548
18343
31143
25044
35483
45235
1075
41051
1017
38627
33176
8803
33787
22238
43745
38372
44692
50701
12297
20154
19544
31949
11266
18018
15267
26612
15276
7451
38807
6351
18705
47051
1435
1204
20439
19355
38307
21969
24264
16682
2364
1592
49006
684
15366
40418
20599
4088
25504
849
2973
12257
8880
19862
49858
2685
1083
46980
10892
48441
5394
29775
44395
11938
3629
50832
51009
43332
41336
26766
37847
33518
2004
41647
9748
42901
49326
26603
4963
44526
34446
27413
16016
24254
42738
46930
15300
21282
24054
34935
34875
6749
46979
36753
6612
31968
42644
17780
21168
44485
12279
25069
51049
45915
50200
41250
2455
47025
6581
47081
11617
9015
1489
17498
38836
485
12157
50831
24333
1943
48926
38129
43945
38667
1892
48675
38845
5488
20119
45141
16867
23230
4431
3541
7652
8483
35852
12350
16633
29894
42777
22808
20403
25779
34582
21115
7223
8682
28570
14047
49499
32305
51074
42861
2971
25392
41100
11575
33483
16839
32548
8112
8905
44540
8671
3873
7188
49562
7506
5054
33799
45608
20227
8009
27943
24606
15687
7869
44629
10730
31537
2517
10087
24576
32947
28346
37365
38201
11592
22990
46046
2669
35089
48119
22880
22233
45494
50532
17677
492
17692
11518
17296
1373
4079
4107
23199
36227
32410
35565
20413
26823
43840
50871
29634
15597
14364
30159
36508
30207
24039
31636
44228
9462
16078
37885
12817
42267
35729
37167
41435
15921
6049
40347
31462
45392
45232
51422
41593
28861
20515
34140
2264
39525
49241
4359
23988
5767
33537
41989
15374
16429
46469
41002
35853
38907
41205
44720
10642
38031
14543
5205
26645
36985
44944
35395
28836
30528
4841
32827
1992
14846
25362
38267
50102
21590
9291
40041
18998
9375
27526
23529
23879
4260
37640
1453
30047
30324
28761
23
31056
42230
22003
3264
21850
20565
25211
29923
10786
24117
35698
25011
28577
17699
34459
15400
43371
5616
1033
8381
16823
33899
46884
9630
25177
49091
17566
23887
4733
25727
29262
15674
8209
40475
43216
32794
50731
44172
10126
39012
4572
49097
17473
39119
29678
43350
44604
8287
39452
43533
7590
28448
48203
18870
34807
35132
8364
14344
15522
30318
15047
44303
26546
51116
29739
41218
1819
39539
5495
12204
14386
45575
7060
4221
12119
7987
34676
5125
45027
8305
36378
36665
40406
15593
11683
19121
10112
31919
19167
33349
37959
46237
41355
35896
22992
18406
38620
32905
37793
40100
25680
23951
38277
22389
7272
39327
19739
14601
43934
17614
2516
8078
22460
21076
36290
20977
47966
30855
35227
603
49391
42314
30727
49994
12504
38714
15466
44646
37704
9349
11228
25133
6482
18307
3014
38611
25967
29849
49738
15837
49296
9134
35670
17274
22726
25912
9051
31301
40616
43199
36377
29313
6815
37210
5144
23405
22638
43165
10406
17142
44244
41802
42707
39665
10548
44294
11914
46653
8138
30274
1331
15038
5847
8093
7143
33846
50472
28897
11013
26622
42896
44009
32201
40876
4675
25217
12272
34335
47052
35352
7521
46733
30638
30916
29963
19558
35644
24148
12709
29292
39123
20366
44092
44819
49308
48756
51230
46748
435
40674
40723
43714
33900
32646
34148
6431
1970
15648
26617
12730
49393
27376
5015
24123
27769
46978
12086
8162
33661
4130
20745
2076
45701
19002
40770
23239
19878
45158
8973
20437
7772
27346
1143
34852
11853
51546
17642
16058
30783
2111
2465
42669
33553
28810
39257
4002
43815
30394
48693
2302
19996
36409
3031
42119
17089
48904
32708
30688
50487
8945
47213
12442
25747
9848
34849
48935
33886
50668
35280
51526
9236
14818
11271
21075
47318
42607
1993
24383
8798
8555
39307
17884
31620
27194
48098
2586
28111
31994
41650
7380
46947
28090
5950
188
13748
21292
38029
17806
33887
36800
23149
25878
36716
38076
24870
18874
40949
38021
28193
16434
4183
10472
24307
45686
2049
30010
5583
13277
26391
35922
18390
37469
38487
6591
31015
33764
34660
42592
34684
34821
16862
29567
11710
12446
19505
51053
22158
46685
7068
797
45681
24355
46136
23041
20905
47310
44590
14623
7296
17576
15753
11671
28612
16259
7077
46679
39947
37266
31340
45553
39904
11335
44841
39879
5388
17535
39827
12037
29158
25349
29172
33068
43109
51023
49117
41438
47987
49228
41033
49402
38539
37888
49641
31315
30471
12088
31944
36013
35850
1372
25056
42529
40122
21149
7354
559
51704
18140
9208
27193
10882
36651
25628
50345
43610
28402
4794
19255
39823
5254
