19011
9527
6526
12789
17604
37117
34565
19207
17656
18868
18242
7553
27449
22468
17455
19406
10641
18103
14097
26362
13777
11920
32137
33071
8016
27385
13013
28059
36270
36421
46
14571
13271
19676
27936
29505
34815
1897
12062
24821
12865
34049
26250
25334
9586
7751
33290
30231
11172
33979
2688
13906
3620
25499
15617
37312
24277
15610
14249
23410
2211
24732
3890
8292
10739
36489
33990
29788
19582
6932
1723
11404
7621
8753
30119
30282
25776
19940
5518
26316
10685
8887
17116
5143
1657
24337
14929
30147
31672
27562
18692
3546
19731
3232
273
8942
12903
4121
25839
3342
18943
14241
37531
33128
15119
9544
20831
26511
22910
35370
33650
28575
15115
23585
9552
8020
18903
23869
7583
14411
20637
31585
9700
33208
17444
12456
17709
20104
6881
27561
17403
28302
19746
13722
6938
22402
9461
3323
31961
30213
32470
19943
23125
613
4161
3772
9786
14636
31177
29620
15303
29507
25223
36285
27554
21238
33484
19689
2390
24306
10694
32836
13086
29169
14627
3700
23037
34221
32573
25998
146
1461
4649
32814
4489
29715
26029
4516
17152
6341
12187
28439
19493
12479
13192
33534
35114
17815
9714
33791
1242
25564
24219
28897
27606
9785
1144
24957
3048
9885
14313
8754
7297
566
12250
18438
24917
10710
14379
4754
34604
6242
3348
12543
27236
32458
12768
16625
6743
26578
37705
22355
25039
36328
12639
15673
34844
18335
32786
6087
26560
26265
17029
16243
9179
18611
3644
31798
7701
19177
22431
4004
19072
10145
6034
26314
487
8482
19678
15822
