34534
15831
25825
12327
20393
21173
8981
27666
36991
18706
22236
17460
11631
18249
11123
31264
5922
12312
10621
37219
13815
4905
15713
2278
10104
25847
34005
26096
16205
24351
35288
12100
28372
20787
18862
15871
24108
15411
21622
9878
26694
4336
28619
17542
30401
12940
36309
7170
11299
37645
22564
32440
12120
6631
25481
14294
30308
6043
7796
2809
31400
20238
28399
15173
26754
14683
6240
13706
17511
4996
7653
20440
6885
12954
14598
12870
12348
4083
8480
5982
34478
22802
37026
37365
10298
26942
20023
37172
36048
35795
35647
12172
6991
6592
1040
19699
11616
37375
29259
1858
32415
6954
28089
22923
30459
36989
15333
30376
24717
23877
5021
30599
2897
13004
25286
21337
6445
24548
6271
15233
10158
10408
11103
36713
28088
13400
23365
24086
17037
27871
16957
9794
6423
24205
22129
13824
10334
8304
11107
20322
32896
22946
6929
10712
19788
24746
28009
10736
28850
35624
4517
21169
8623
18607
3457
27259
34764
6895
19255
508
20993
17300
20211
8251
1892
8876
37101
17513
28198
20830
18585
8046
22376
32921
2334
33275
10212
668
7052
10394
36390
11587
2576
29329
18331
13865
34776
4353
5316
33585
26654
34219
17921
37311
18341
33140
1159
13862
10975
29790
34804
10356
21773
28155
28507
9023
21782
21241
18165
24895
18834
4178
19124
1451
4932
16125
8105
28218
1421
27378
12590
14083
2348
4597
1015
16349
22225
2961
3633
36978
3779
22395
9463
26540
24164
37580
19717
7728
28858
22394
22850
26058
32608
7756
11609
21349
15940
7085
22597
12704
35618
31845
24209
3351
9835
33222
28989
6238
29528
30068
7579
16983
15457
34802
2200
18551
6819
7593
16786
11085
25670
30246
32434
20219
25179
29823
33755
33225
20769
5589
6715
7433
5272
32852
36535
16006
31469
21448
17508
13837
11552
28291
23119
5875
19326
28167
8314
22384
2620
9913
772
4430
18998
6965
20286
25519
18586
26574
6735
15085
24884
10363
23654
27567
9958
25309
6070
22441
28226
30542
14149
35951
13707
6154
20453
32166
24247
6227
10510
31804
2343
25221
19325
2349
20551
30723
7839
17334
36279
20982
1329
34440
36755
807
32357
1229
20857
19119
16417
23306
11747
9687
25313
16302
4447
37250
29774
6141
34701
10831
22753
36361
12889
8023
34355
28314
16472
16505
28751
6318
584
27541
7840
35504
3014
20323
24828
17591
22954
10293
31369
25092
1828
34928
32188
13424
19847
29384
31365
5774
1104
11966
2684
31226
35511
36926
2842
16193
31785
13812
36324
28270
33146
30421
225
22370
6944
25340
29997
12627
20700
19183
11906
4021
28390
36725
7757
36712
16609
4569
3985
27475
35261
27444
10083
17242
24984
23149
28796
32101
16998
18911
37233
6572
17168
7074
14619
26408
937
21066
5683
11395
8662
1390
16120
24049
8410
7293
4176
27704
33711
28676
23300
2969
8270
3501
19479
14886
18303
12464
24532
32913
4001
20949
32824
37485
30610
9414
7915
15245
37352
31277
2333
31291
3413
14603
27003
10523
11327
18146
34004
35198
16156
35147
17166
5921
7475
30754
35316
33
12734
5611
7929
24476
24148
2286
31701
24530
29331
22573
32743
20106
1519
30829
10765
10385
37314
18729
21528
30593
3011
23396
10041
9909
9441
31917
16735
317
8616
29762
34796
14582
14691
6956
34912
18277
13979
24281
24474
15275
18157
20250
32278
11302
8361
10209
17338
25237
9052
15384
19204
16383
2491
29801
7999
28233
28325
37699
27059
29703
17177
37110
16972
20279
20161
31517
5130
30651
8772
12616
35558
1506
16100
12477
26771
34942
20592
17249
19475
37012
21053
21636
26890
14943
35376
3291
13840
11447
9035
34412
24608
24888
24326
19168
18307
12873
21137
18920
2450
16390
18483
33878
7669
26960
22177
26245
23358
17741
21879
14044
29425
13918
3883
8219
34960
13485
28967
18908
26417
22372
36501
296
28154
4872
22764
34275
8690
35243
28045
17723
9518
28552
31725
16078
1465
3917
37385
33789
33334
22675
1041
27683
24250
11602
35691
1581
10215
29365
5684
37381
4917
24635
12891
32780
13120
398
12281
4512
11838
27114
36400
1701
29034
31207
13752
14564
12960
18078
35291
29614
14475
6248
6417
11813
13720
32026
29848
30543
1103
307
30817
2125
31661
6403
27287
3431
10653
5995
21873
24506
25228
751
21279
24031
32669
22156
22088
12935
3673
16975
7975
21494
13570
16301
25384
2783
20046
589
29210
14039
18501
19936
21582
26363
22556
10986
21908
5079
24388
20377
161
29655
26879
6377
27630
36514
571
9676
19949
34689
3984
6380
33510
21774
4139
10331
10004
2768
24467
32532
26261
32940
3420
25060
2018
24970
618
17699
18115
4910
20595
35281
2834
14867
31561
13343
2083
18136
4265
31159
35323
489
18999
16875
6807
26916
11645
25052
5562
2495
24822
10688
35475
33643
37434
17263
8188
24503
6081
34735
16065
37563
11937
27409
553
13276
2228
19106
17049
31194
5475
11914
8611
7803
12692
4866
6745
8261
22033
19311
7857
36966
31300
36841
7431
34757
18308
2367
15116
4388
4375
15135
3696
8247
17293
31724
17670
5792
12087
26318
8522
21749
36612
22065
18864
8043
13147
36513
11100
21898
21894
11047
10150
33541
17506
4258
4154
7179
362
1671
18270
31744
29235
37585
8514
23814
10841
6136
31505
13143
37601
21201
35677
28197
37318
2222
16676
15926
9113
34349
13650
8976
4451
11940
3176
17491
9575
29629
15954
14243
7289
25236
15753
1226
18813
22273
21376
16198
35770
9030
29637
10022
12164
9767
36744
11931
17213
8642
19863
5008
11689
31565
23546
10792
36095
5503
17504
3907
21464
35873
24284
11625
27110
2751
20226
16681
24647
22280
12962
2307
2506
28255
12043
14575
27213
28566
11067
34624
4853
1765
14710
23939
23710
32249
23864
1309
17860
2656
33941
26161
13410
14931
18160
16442
5284
13964
5779
37627
2164
7652
24858
13261
23227
23504
5798
25116
15760
8992
13032
18979
30181
31868
6180
15678
27830
9226
5657
1946
20953
3733
5758
8356
3321
25910
1490
36351
19560
14204
2577
2505
32090
20712
17002
665
21704
2881
21809
20713
34759
2328
25083
1726
594
13712
20140
27366
23586
23153
16599
32238
28252
24869
32501
26099
25336
26276
36809
34580
35187
31349
22618
19845
19812
24495
33228
21968
9122
30026
921
36960
32206
29766
26497
3963
30242
30206
10205
3952
25528
85
33180
31354
29111
10701
10575
13025
29568
12589
17107
28013
26277
29298
31435
33781
29198
4415
22121
26704
23932
11794
2552
41
2945
4188
15922
274
6685
11339
18721
22149
892
33796
25319
32933
33959
27570
35249
21254
7178
1083
7584
3813
19316
31803
25219
17648
37280
12862
10
20061
27688
8579
17864
19762
26023
15171
24918
8427
8935
3923
31282
784
23009
27437
29332
25837
17862
28278
5660
35255
20680
20858
26116
35627
10916
32701
4024
17685
13017
5642
24488
20089
9133
29680
18591
13983
9986
19571
33266
22354
18608
32847
3443
21864
36928
16019
4190
28012
3382
24191
26442
35423
21766
12657
9927
18967
26494
9592
20620
26433
31780
21584
9793
7441
891
33196
19437
9285
24518
14615
31219
10718
5299
1132
12182
34343
23794
21036
7595
9640
32272
8355
5745
3705
32666
12147
24003
17667
27062
16878
31931
27434
23229
29817
12077
19926
23333
16986
1823
21640
25183
16640
15953
1402
35520
36790
18600
29070
14369
6552
29147
23000
3530
30347
14201
15889
35506
7498
37464
19652
16802
32286
4413
27465
4438
2152
14040
10320
8430
14750
7421
1933
26168
20254
11904
2266
26627
20496
18935
11967
36839
18645
934
259
11892
16045
20756
20363
19869
32284
10572
17753
693
10825
24521
19531
18185
22911
44
28415
11521
3445
2997
26571
29650
7589
12841
23866
8958
30953
25215
27089
31071
3688
8337
21589
33150
22933
33085
1173
10432
5677
6820
21217
28279
14488
28084
5405
1160
8645
29090
27000
23749
2547
22465
2618
5817
4741
3168
209
17967
18070
31747
25349
5234
21830
12372
23401
18168
20485
4691
23172
31634
8907
24109
15210
24745
13314
10350
18963
22664
34125
15728
8607
11630
20824
2091
8125
29407
15382
11229
4332
22528
15338
6889
9808
1004
23050
25277
20616
6283
4486
5856
16386
25868
4275
7897
473
24818
36918
21620
7232
1477
9224
32453
1393
22436
20114
2615
34122
6084
33433
33914
30286
2004
21197
4832
4522
31189
25261
346
30957
32446
33099
27039
20193
14519
35229
31475
22494
8677
13218
1210
8322
8659
22780
6128
37048
34723
1834
17758
7599
1089
5694
12731
28656
19218
33925
23701
34778
27069
12075
29901
15949
5122
12537
15199
17719
34581
16231
5102
22963
33948
13988
30933
26121
9054
2774
12222
27822
30516
7013
22072
23133
24036
18356
9532
35737
22857
8028
9765
24704
25977
35369
2117
9473
10439
36574
33794
20725
33224
29884
31660
3245
9695
572
12937
33715
28598
6174
1413
16483
6733
5388
10120
3782
24880
4433
29569
28387
35989
15600
2893
32401
29030
13827
1408
11916
36042
24610
3513
27369
5569
36845
5232
3130
21849
31271
18313
2979
9241
36575
4183
7086
8609
16905
2926
7314
24001
28945
25090
26032
10467
3728
27569
2511
27578
5863
10759
907
5360
10362
5902
11337
21374
5216
3315
3611
1951
2396
29826
4405
33035
22019
3540
20052
11328
23497
1667
12582
1423
4555
28310
12083
19053
3830
1526
21280
8622
13432
31930
35796
9168
29078
14145
28482
6467
30875
3911
13802
25995
28707
16278
24891
31223
27494
17787
24615
9101
26592
1172
7945
4728
3953
35217
23107
37542
30336
19767
17483
15836
2050
9327
10294
34236
16288
15475
7677
13470
19846
26135
19307
13733
32869
182
35510
24008
34618
2500
34232
1962
26724
27942
8891
25147
13978
20980
31203
8660
22172
1270
10643
32699
14169
19043
32647
9663
19701
7612
18634
30806
17135
22929
21474
30594
16154
23346
6904
31378
17703
28520
29437
2373
10436
3226
4548
28489
15196
12272
23751
31991
17692
23674
7440
37565
18053
1944
10566
29579
28631
9408
30565
27347
12395
28355
28762
22914
25314
1199
5656
24312
1869
16943
26190
20428
20395
31130
5914
24843
34617
33527
11599
18658
36017
19058
4260
12112
4179
18688
7005
26543
18169
5167
22552
893
21895
30883
25516
8625
7662
17499
18519
34083
4935
20347
3596
4790
33628
27961
11250
6018
5881
5391
6068
16214
1702
25338
22870
5790
21747
23328
9130
1023
11068
23017
19459
22684
10490
30556
28678
37678
27077
18461
22945
12411
1930
1943
34616
5616
36648
6169
2300
6525
20950
25030
17378
25089
23442
28587
24106
32621
4044
21824
14586
31074
24059
13672
7346
9938
30141
12284
20124
17755
20893
33695
2058
22281
35210
1735
27453
19536
3766
19228
29100
13010
808
12444
4404
9682
261
10273
14576
28761
27011
31896
22982
37610
36183
14950
14033
17217
5411
4346
12711
1460
14493
33883
3895
205
36364
22940
17318
22751
34986
35643
37246
7737
8998
31302
3776
23530
7220
20056
4061
17844
31840
29687
21669
27170
30527
8090
17176
8636
17948
18433
31432
33483
28175
27654
31899
21074
15947
4082
30436
24328
35351
24074
766
28246
6210
29707
15818
20173
5603
22928
3629
1536
26126
23259
5841
32761
9452
36272
14244
23695
25569
16295
27403
28628
5172
6337
30522
31483
16144
26526
129
18632
4681
37428
35907
31243
31627
37254
27826
36170
33932
20811
18304
23394
18812
15857
15131
26577
8066
18890
12624
1141
3610
10340
25065
25793
19171
35131
9638
15386
12244
868
6336
4731
35548
2799
27312
6209
17367
23307
16443
5993
4577
28085
1027
281
11627
21648
7545
15727
1640
27037
37025
9186
15853
13584
7536
3345
23019
15041
23316
21817
33283
16870
6114
17467
27419
2802
18959
5006
36340
14553
12548
21503
32978
6161
24435
16764
23456
21287
23836
3332
33840
9568
17574
26635
20923
13536
30170
9704
33683
24790
9018
16761
13539
28272
36118
20807
31630
24390
10687
30011
9917
32416
4479
22398
23479
25504
19684
22953
19741
7680
24356
11199
4201
3030
6894
26541
26841
20523
33029
13196
11873
746
24850
10961
646
6872
1762
7112
23495
11024
11951
8128
27743
23377
32001
24369
30041
20386
19135
14634
37493
22161
18127
24329
529
28007
2536
4366
30675
26966
33458
22570
4554
18265
18037
8186
31190
13382
3983
15969
27430
13523
12101
1072
10880
2727
31652
27870
19861
3988
11942
35107
8728
29808
33792
36849
23615
21006
19887
31628
15977
24940
6446
9631
12824
16594
16669
33317
3768
37576
23338
7607
32663
5977
28793
25850
22617
7789
37392
2454
29404
36350
17806
21639
8663
34336
31397
19367
7090
5571
27433
30980
35421
1349
32324
9178
11372
34665
4449
21953
34720
30779
13034
16002
30868
35123
4596
5145
37203
3910
10001
37616
16557
24113
11611
4484
26610
2039
36654
14982
3091
32691
31121
10382
1982
24904
34228
19685
7209
14872
26519
20406
11173
18697
16927
27076
5707
4283
24832
27501
13269
25635
10617
2967
53
24429
29534
32695
27358
2685
23919
11580
20877
12922
9810
15139
5509
15126
36576
2848
36687
5783
18434
34050
24335
12171
36321
15042
5738
30348
2025
7206
4414
1282
34357
23681
25402
33014
3451
26594
11303
754
32160
28754
20482
1278
5661
33844
26643
23649
25605
16423
339
21664
32339
10569
8835
14956
10767
7555
24268
17979
30264
19729
14894
35578
23045
19864
17601
36189
21541
34283
20788
2600
14902
8142
5323
11357
20606
4132
3794
2067
9073
18572
19835
10689
23236
24342
22240
2621
3404
7490
13871
19219
6142
18302
7847
1986
32265
5364
37694
6934
19639
28939
22028
35180
5156
24137
19843
36886
3669
34872
23816
17039
36619
31795
14815
1711
30971
10727
26087
32209
9667
12719
20970
8479
20017
16032
36627
2338
22011
33817
2341
26331
3753
779
15012
13841
10078
14617
11665
34638
18050
199
19545
31993
4795
4861
38
5676
21575
4347
10728
9185
12867
24110
2639
30644
21514
3036
6193
28315
14798
12917
2623
34454
15062
3793
2859
211
3502
424
29109
27692
27464
35457
29335
21838
34875
927
1181
13526
32607
27638
15955
18581
22134
21998
35946
9448
21983
25707
21283
15228
5879
8725
5604
28103
2275
35030
34013
4864
17286
29816
30173
9520
10619
21077
16141
28423
4222
21007
17621
19726
34609
4367
31364
5641
12652
17285
20231
24483
30122
14215
19784
16351
11804
21235
37236
9761
33549
24882
12599
19025
4355
16835
1974
4116
26133
27684
18180
7889
23131
9064
27913
3205
17447
19224
37339
8135
37023
7867
2232
3806
31978
30476
35458
926
27902
18984
6607
21092
29708
433
18325
7160
2732
35684
21507
34840
25953
19656
17563
9329
23449
27914
18036
12555
10088
5564
13175
30429
9372
35982
2248
23638
31218
33694
4174
6046
6813
18132
11512
16030
28495
25339
22912
9436
7783
33933
36962
10049
17901
12758
32605
29536
34015
29759
9574
15503
25643
4263
29859
450
12674
20689
15974
1411
19389
11719
10555
35884
7781
30751
12291
26899
13141
37636
1763
22452
6126
15223
26726
27792
13492
36152
37530
31582
20963
25157
4946
27698
35586
25555
29756
28200
31002
10978
30669
9154
8671
2647
26584
11300
17992
13518
32012
16583
23579
662
37466
20109
6480
15219
18753
10750
12603
19203
35209
12677
16830
10030
17897
14347
26796
34176
14129
4926
7277
8608
31883
19414
26200
34588
5203
24450
19243
34821
18620
21332
16898
34891
391
8664
8848
16307
25954
27197
23610
25903
30847
20057
29993
21461
15598
37255
35338
32421
19789
12974
12813
30034
26730
32813
6004
32684
24785
17028
36784
19709
13990
8391
24712
16224
17849
24672
15448
28816
21877
4126
5036
647
25990
9564
32048
1462
27447
12523
31928
15702
27192
8426
486
8049
31936
6275
7549
35018
19851
27797
14593
35765
26759
25140
20959
15896
22797
1688
31440
20613
25677
1098
36873
36589
17354
35233
10875
23562
34137
25406
24566
29539
13595
7097
19957
19953
27862
28213
12631
22474
36961
34341
13311
16695
15189
32220
7344
7010
29400
16908
10594
7251
29411
12209
31562
29832
952
10593
25697
18882
19283
24138
24190
4285
34606
15965
33502
31144
23056
4341
27717
36257
23966
12072
21441
11543
37215
17644
20115
36673
36148
3155
22119
2238
36681
8555
19848
4843
36406
8932
323
14901
8174
30417
10602
35357
13508
25122
13927
24671
31307
20239
11623
22110
3147
1969
10108
17405
7285
18164
28728
7185
21168
21028
14029
36026
30125
24394
33635
25520
2546
25003
679
21960
17875
14523
32023
25494
9425
13530
809
35086
3083
37472
32099
26461
13905
30541
3303
9428
8653
28450
17726
8034
17698
27735
8809
14660
22340
28024
34943
11981
34342
5940
1689
11472
15989
8599
20734
16759
29546
5513
3329
22204
15535
23318
19519
7448
34157
11083
33279
21424
27193
13461
8113
528
15259
11530
29830
2659
4245
3632
6198
35374
29578
36925
1584
13889
17377
24862
36115
34417
28263
18084
18478
33517
37281
12249
25348
22879
30719
9233
6500
2352
28006
29559
4543
17292
35654
341
22415
32442
17878
11738
10023
24121
27446
3790
16834
30463
31142
25979
27415
4295
11696
14614
8533
23335
5680
35719
4973
1493
30794
32365
35566
2482
335
15866
11657
8388
16533
28334
16513
24124
9757
33697
13250
14158
6357
30789
15975
23728
36385
1081
20549
15278
7048
7356
876
7420
6609
1190
2528
21958
35112
5762
34632
4937
24914
30524
28827
10003
33169
732
6103
16632
14372
9634
23240
31185
32348
9119
32161
30289
32038
2838
10149
24370
20708
19388
16934
8874
29081
6060
12365
14510
8258
12280
11509
26702
37168
35868
25453
7208
22959
23080
4007
22696
23235
25017
33409
2902
29824
1817
18954
10842
31317
19823
27149
27893
23084
10064
20879
28112
34061
23498
3281
13125
1495
557
14631
8948
28699
7406
21322
13464
29652
21467
31589
35127
18499
2762
32308
10753
5354
23212
32795
28839
24721
26913
21872
15389
8703
4095
244
21052
15128
28776
18978
14102
16981
6426
12744
21797
26405
10894
20215
16463
1588
20636
24769
24814
11096
19261
5446
13715
4566
9509
2914
33405
29130
34401
35202
30889
6144
23721
1516
16447
25758
23360
675
27563
34812
32738
23840
14770
36834
9160
4419
35205
31386
13408
7805
33515
20912
16841
37482
3968
5455
3079
4344
9046
26229
19921
31748
11935
76
34907
6000
13747
34216
27414
16079
12877
33648
22283
31322
21057
36907
4461
31500
28459
8092
18323
25270
12060
19087
22994
19591
18266
11453
6662
25294
21653
30631
6684
7358
12200
32680
5948
875
5967
30002
15864
27837
15507
15428
2416
8802
37259
20927
12761
935
4187
27264
35489
11700
4670
12233
31423
16712
23679
1596
7270
6418
14156
34852
31120
23257
6042
35426
6826
13804
10649
10190
9161
28031
23421
16724
12245
21857
27252
20821
3237
11134
7413
2784
23258
4593
11862
2088
4277
10738
10266
20175
6623
14878
7037
18762
15067
7722
32253
6517
9680
5342
33162
26707
13691
17216
8823
11322
15796
8190
640
20757
8968
19745
19914
28199
36579
25463
10937
4829
18742
20659
37004
25381
33301
24439
22460
22285
21829
15786
18095
4503
34635
1008
9864
27524
23552
1730
32957
12905
31305
23896
22367
24440
18522
841
28864
36129
5369
4834
16929
36955
2898
37671
99
26395
19977
6704
10147
4687
35712
33967
20479
18040
17084
19584
18644
2660
6585
7780
21919
30114
1496
5030
33961
15893
25457
10282
26832
26769
31343
1690
31306
13604
8003
26729
16817
35762
1772
20405
2744
12983
21343
22737
5648
17764
34078
4613
6438
29324
35400
36667
30451
8243
24204
25359
31641
1957
8993
15267
2958
7227
27616
36995
12771
12968
22815
3492
35173
2920
14767
7775
3536
37175
35956
12662
15745
34531
25689
996
5867
21866
1030
15531
32110
7319
11350
16992
35026
12447
15461
34468
32964
14323
9891
26853
8676
3898
19758
25372
488
22284
9355
8763
10411
14565
11210
7603
11876
28581
25889
31385
13331
28114
29657
15876
6622
1239
23237
35486
18052
26784
393
34501
8353
29314
7101
6837
25963
33450
20939
35497
32871
7710
6447
10160
25778
1619
20873
32815
5280
27552
20545
33636
8886
25094
8764
14881
36680
7397
35109
11910
30475
1927
25712
14263
6054
27755
3209
20337
34046
5885
7091
7129
6905
37681
12967
12999
22387
443
37708
34213
4096
1767
7615
29289
35347
21867
33661
6795
10429
377
22420
23986
10308
15862
16815
34874
26999
29003
26045
26454
34838
6532
6332
36625
25745
11208
32299
1643
4956
238
9955
8603
12210
29026
28572
36813
36777
7050
6186
18110
18425
834
34333
6887
19269
5959
6465
32790
4209
22433
11564
1291
32667
5080
8237
25595
2154
25970
6014
36326
32322
21012
10161
20727
20615
9339
24729
12531
9756
18708
20122
5730
13480
17629
21027
30924
25770
6949
8556
13444
35153
32407
8386
14919
15495
14938
19578
14073
34147
21307
10066
1527
23945
13951
28612
8705
3412
21781
32570
28323
8745
26106
22485
36683
19131
37605
6545
16741
35828
11500
26872
25025
4350
19093
18613
16577
13099
37641
23602
22258
11247
2090
2311
22118
7478
10684
25363
3444
31511
11409
10487
14976
7377
1267
9534
24841
29504
25717
19585
9146
37649
34226
6117
16959
25815
4934
29300
4542
11808
6668
5208
28211
34730
34643
14130
21409
11903
14690
18516
12893
7827
34138
33924
9015
27388
8657
35853
15908
36077
12115
6947
22099
8770
223
8601
16484
29226
1334
6543
35896
36227
7695
22279
20308
1975
24807
6847
23255
35185
21634
1508
9976
20204
32745
9524
27486
3495
33714
25247
29857
4124
28613
18731
5261
6409
3139
16694
34885
12264
11727
12296
3508
20629
14048
29118
21239
23508
4836
19141
28131
19715
37490
11092
36315
3613
2769
29878
10345
19822
1798
20914
32049
14961
4739
29533
19266
24362
8670
29890
31328
16696
19331
19538
9211
8811
16272
31249
672
35769
33615
28736
33256
29786
28785
36561
20466
35379
25738
20764
2866
11870
9834
17332
16456
30258
21490
35003
26648
11461
34579
29570
1183
13058
10888
31584
12240
37558
18419
5621
34131
11124
5710
36283
2649
4153
25374
32392
15482
16930
9807
35538
7260
3978
33335
34175
18479
35973
30666
3359
30921
2006
14338
29963
11414
19901
6444
13360
2354
11836
18278
12093
2765
21330
10871
28259
27840
8104
20424
5471
21023
12685
31070
37598
29359
6268
7896
10729
5760
14645
24048
5651
28588
33868
25760
34326
5568
25716
31157
2519
22
23726
20333
7113
16328
16160
2578
3512
28245
37333
10447
5894
11176
14067
30648
32782
36238
27879
27105
6771
1107
5238
4782
12928
32056
32938
15655
20259
10573
10249
24963
7115
24560
22672
36178
11166
28867
1532
35738
26060
31470
33720
30941
4863
25876
7683
30317
4145
31107
31265
21598
18355
34041
14813
30131
15912
26236
36949
22682
31351
688
19030
14402
20966
19654
30963
31716
31609
1682
32783
30043
34785
36791
34203
19561
37341
5701
33567
20326
7315
28528
35186
10156
23123
36113
23032
33614
30545
30328
28453
35356
15427
14526
17612
16945
19913
16023
2816
23606
24510
25676
5291
26115
4880
32986
4377
26953
12978
26338
23556
18294
12179
2335
11269
30709
13030
24252
32931
24513
36310
16614
6705
26725
19209
19076
36399
34300
22478
14653
32821
18577
13210
18990
19600
30270
9902
7749
21702
6082
8650
2767
17710
33717
12720
4328
1802
2782
33819
15211
22439
37658
22807
37024
6651
31569
14516
31014
14643
5556
31769
9826
33254
1906
18027
30266
10244
31040
35108
8808
37111
17087
29846
5321
17929
25351
37257
8168
36554
10263
27128
3179
31675
9939
36348
9117
37520
30419
413
1223
18755
16069
25558
17527
23851
27691
32508
36922
3287
4334
14254
18593
20345
32021
16885
31828
35764
36225
10424
4117
33417
15921
24270
20691
30415
33994
25763
27978
10713
21415
6909
27319
36652
31333
33448
7730
25192
2594
32846
37270
10663
23298
14282
4028
5723
6761
32027
21088
11610
3385
5527
24713
11296
20416
27152
5300
27920
25930
35542
15683
9055
31997
37126
25606
13077
34599
6019
1607
11647
32429
10495
6907
10533
12792
3942
29319
35867
24525
222
25490
32970
13614
21369
28241
4545
4607
4826
14314
22447
31492
34270
25142
17256
201
18441
23554
24393
6121
18417
36525
32336
16041
19319
20566
5185
10988
5020
32952
16612
16820
1486
17715
29442
27328
2985
1616
10422
577
31759
31823
19247
14873
23039
12197
4267
7269
16020
14809
17541
14225
10997
17682
16623
22808
34173
16531
37498
12776
10216
35513
28934
22658
9652
9295
8944
9446
20344
8216
35883
6914
8097
8831
6983
15010
26336
12749
33382
16256
11548
20989
7233
30977
8795
29847
14948
30967
34085
30722
13305
4200
28243
29466
10269
19513
16060
37190
15153
31131
2062
1910
33626
31160
27238
27241
19149
18034
19669
29367
36827
18774
18778
1125
16473
7938
8898
35685
29873
20338
35976
2788
25612
11160
33145
34864
36176
24492
24081
1485
33087
33419
33304
20401
23170
37405
33402
5199
26995
21282
33506
13079
13565
1530
13151
5426
2539
20638
37320
17788
30257
11249
17765
7320
22819
34119
19910
9639
33870
7247
18256
32518
17988
8961
31705
30583
22005
521
12308
26
30729
35389
6702
10956
20154
36290
23697
36517
35495
13540
25423
19457
21553
30521
30365
28369
17290
29162
27496
14117
25621
21509
29039
634
29677
7676
425
13431
35327
11780
24455
29932
31549
3383
3300
28373
16718
1364
9576
21715
15326
27834
34242
1276
11248
33556
27647
24602
21523
22895
15040
36303
21129
14689
15188
34177
4307
24691
31847
16142
20634
15907
35478
8459
30202
22962
28559
34306
23022
27576
21869
12039
31407
23994
21278
30670
5385
29990
9650
19286
33507
2726
8509
15534
35720
7331
2002
15711
35200
6898
28162
6658
8666
8004
13337
1033
31205
9366
36738
21236
119
18463
26313
23969
23341
32409
6782
13466
18865
19661
27467
34312
18798
3962
36997
13780
26000
18589
34289
17204
20827
22255
34474
33702
13167
5250
21240
3840
4058
12406
13709
13813
2701
31646
9260
36982
11246
1401
15418
4724
17261
23923
7679
14917
4471
34182
28394
13418
5456
32088
11421
12550
34143
32096
25231
21227
33709
31270
1841
14941
6832
3531
6287
37247
15247
1799
28234
14922
7367
4674
14712
29558
14795
8467
22852
18964
15046
36245
30367
21915
24373
29919
25442
12892
19983
20639
29084
17637
37695
26613
27894
24434
34380
37148
17857
17106
34892
9959
17305
23764
33404
35466
7598
27368
15743
15805
14139
7519
36075
26752
4293
16748
23191
26122
22200
32474
12762
33620
8331
25899
15031
29061
29004
13344
27341
28607
13354
5525
37291
5946
17091
7062
5740
20641
20107
20032
37225
9373
9391
22593
10201
35552
21787
28212
9440
7811
8718
10717
35122
18130
19744
18386
555
27124
3517
10921
16615
8033
26739
11334
33079
22633
25385
21275
21439
5318
6959
12607
18429
3157
1543
11569
24231
27511
12904
2853
35482
32959
4497
18650
13201
36816
3184
6033
13597
17540
4520
14621
11560
32503
30843
25061
1121
13148
36938
15709
9733
14235
13926
6802
7557
33928
8478
37475
26978
21130
13910
19923
14949
25686
16610
11718
34127
36603
10455
13375
830
32276
3616
34569
34639
31852
27918
10977
19548
31891
4480
36454
35318
27896
24925
8560
13971
29606
37307
12001
36508
37296
1321
21546
32374
10028
26097
26697
2120
21070
5378
7546
24522
4309
24533
37574
863
14320
3098
13216
9309
15450
10983
18807
15688
4164
34699
16784
25287
16285
8017
37532
24753
20808
28129
3994
17160
16634
18517
16956
13370
7381
33898
21522
1813
19759
2364
9114
7492
34910
27613
37696
9921
27624
27402
9358
7959
11282
3097
36559
33149
21289
32509
20011
23350
7470
5716
24385
10302
24485
17946
13799
4162
23704
22428
15184
36035
33163
23797
11161
26558
17944
12738
2224
18353
9252
7567
1059
32317
1231
3253
11011
31692
22905
15240
21222
232
1099
12756
9620
4641
8070
34519
32328
3571
6713
18875
7353
31310
9325
23313
292
32729
36941
3018
36945
37266
696
9780
7394
37535
19991
17215
11478
16807
30033
5555
1426
16460
21031
21359
2706
18677
37469
10941
3214
32533
1063
31096
18174
10435
4704
11867
10259
5773
13307
10060
8198
17475
12189
19665
4436
18244
2402
1947
32326
21191
756
4614
16050
24868
19162
9424
5073
32625
31888
14429
6162
11972
21859
36564
21443
12347
653
16737
21571
13938
26366
2033
5880
8173
16617
2437
10029
21067
18196
4125
25913
16944
19059
10127
14713
19253
865
15999
32155
7907
11027
11598
14718
25588
730
10873
17065
5376
1091
15779
27958
31098
23661
30683
26274
8941
4444
4084
26639
28504
20484
26679
18833
29361
20862
35405
32899
23853
28486
6294
28478
22665
19046
29315
16324
13538
19702
9158
30098
19793
21003
1065
21401
3026
15996
8347
35238
33306
21719
35575
24169
622
21466
4690
1077
18910
12934
9056
28861
21414
3344
16587
15787
28407
29796
28070
30913
30590
13564
6528
22643
21250
28719
29327
6937
29611
28933
34489
19982
28640
22000
21247
6048
27911
14279
8487
15951
19091
37502
14596
30647
3114
27750
6659
34586
611
23384
15415
4971
2271
18119
22423
18327
35780
17456
22610
15520
22889
28510
26300
31233
1514
32204
28268
32040
22120
25724
6443
16358
32713
9802
30938
30104
17105
5476
17409
14757
4655
9421
35215
26364
10721
12864
35851
15195
31591
2588
1457
7244
17809
14157
35221
32636
35522
15243
23503
7936
35031
33461
27056
2251
20358
2780
17125
15122
1473
17437
12833
6024
35148
2693
7223
1535
228
3762
25658
14842
25518
35805
33531
20432
4453
28742
30923
28295
13760
19358
27279
19617
17486
30715
33020
14882
37262
29196
35427
16487
26582
6776
20063
36504
24098
8268
9485
8323
35448
10891
19071
20510
8461
1289
26687
4587
35364
12198
29526
27769
3324
17546
25084
23807
11463
13730
10488
37149
29709
16690
26968
29598
4296
4911
3541
33242
22987
25491
18204
37195
7316
37452
31813
28032
1378
36746
18621
24629
25258
15172
23348
7534
24135
14115
50
9097
29031
17832
37374
36810
25655
22861
36114
1644
7337
1182
7774
17913
18891
32063
15911
7891
241
35199
1804
2946
16897
34369
8789
12653
19512
6312
25827
31529
18016
33922
21551
5826
37294
16739
32459
32219
21822
19412
31919
12511
18047
14993
10789
7399
11583
4553
19322
8828
23594
16627
29413
13734
20920
18046
3551
8841
16264
5424
21592
14706
5162
25942
22408
690
36844
32865
1024
33399
35871
4625
24930
26809
15002
30495
23139
7777
8883
30222
27109
31525
8321
35971
34981
24480
17457
15496
26198
13836
23834
6827
37243
12640
22952
29642
16013
22227
26700
14899
1659
20657
13351
15582
6632
6815
4450
175
36802
3797
37501
9243
4778
37008
15132
31464
6158
12626
17056
32259
19368
33773
37204
2791
29203
6267
30331
23791
1866
17731
18858
2776
13138
32200
5406
3588
22640
33193
4494
10768
21532
7668
24539
17907
8776
10654
17473
35668
7631
30582
6214
26467
1907
4818
2657
5246
28308
29588
3319
22013
35686
24444
13789
26320
11746
23422
10020
10735
24357
8859
4912
32182
35385
10146
7157
24536
14661
27051
13101
29607
28916
11721
17728
17309
19897
23098
5612
36054
30825
29496
34389
34053
4508
10868
19865
13651
35646
19198
476
25548
25739
13710
26964
28629
29429
1949
17372
3670
1902
18057
23725
517
3078
25019
8914
14458
16666
15859
